99
0 1
1 0
2 1
2 -1
-3 2
-1 -3
0 0
1000 1000
1000 -1000
-1000 -1000
-1000 1000
-1000 0
1000 0
0 1000
0 -1000
789 611
-998 -558
769 -796
-32 778
-401 963
97 -553
-702 -100
12 570
-366 628
80 -435
470 -609
-70 942
-348 -751
-498 975
910 100
-834 456
-387 553
484 -19
-306 89
-338 -260
423 -865
23 -841
727 866
585 -266
-738 387
-580 156
-560 -562
-140 -411
999 -839
-160 248
548 291
-978 -370
-431 -124
-733 141
-915 18
518 -446
88 -538
-863 792
-600 -345
578 83
682 242
-745 97
605 -786
525 402
715 -877
938 -639
-379 -977
-595 972
70 297
192 550
645 519
-961 -686
543 93
-223 854
-777 466
524 649
-885 -270
-586 -784
-996 -232
653 -122
-461 -490
868 -519
284 -475
186 723
-590 -396
-150 470
225 245
354 914
588 719
82 -933
-979 -515
-824 609
100 984
-211 696
-375 -122
409 340
-871 487
860 407
982 551
-910 -434
358 68
-632 388
374 779
-494 -694
