99
0 1
1 0
2 1
2 -1
-3 2
-1 -3
0 0
1000 1000
1000 -1000
-1000 -1000
-1000 1000
-1000 0
1000 0
0 1000
0 -1000
842 -5
-696 939
242 523
-650 144
-378 429
-57 98
-445 -164
84 -489
133 -178
331 42
-985 774
-104 242
608 473
444 35
642 240
828 -248
469 -340
-380 -580
146 -88
-470 -647
-975 953
703 796
274 -490
-441 914
348 870
-702 806
31 -530
-836 47
101 24
389 -845
66 -71
-588 73
-55 -378
743 616
-894 -424
-456 -433
-391 -375
-772 463
-500 -855
-347 847
901 768
-292 -498
-496 -464
767 476
-176 223
256 -101
-310 208
979 571
-274 -578
-202 820
-851 147
677 -162
333 -414
-689 169
588 -503
-28 472
874 81
-479 333
270 812
139 885
-694 -736
240 740
-452 -529
622 -912
-510 66
-515 -549
-17 -454
-800 -957
570 -549
-123 -808
883 -208
922 -261
945 369
-662 664
340 -284
203 368
-274 16
814 994
-419 -658
827 -202
-753 -323
-482 -450
310 -721
471 -309
