99
0 1
1 0
2 1
2 -1
-3 2
-1 -3
0 0
1000 1000
1000 -1000
-1000 -1000
-1000 1000
-1000 0
1000 0
0 1000
0 -1000
381 815
969 -264
908 242
-198 -355
205 452
461 102
-191 989
406 483
925 -292
-429 2
245 -489
185 945
-777 -779
-187 83
485 669
-338 -44
-830 -705
-743 -713
-443 569
999 -227
-457 -381
-771 657
-49 436
-581 888
38 -803
-910 870
-159 679
253 741
-179 -324
788 -541
-925 -741
454 -4
503 230
754 509
-705 240
509 811
-316 318
-123 -864
350 -184
261 -503
-747 -583
181 249
226 807
-913 60
565 60
911 -505
467 -772
258 -826
583 686
647 87
311 -397
145 133
-375 86
-155 -12
949 -820
-9 992
159 35
-901 753
400 715
-116 -102
35 -415
-455 -231
-559 673
-460 -573
-445 480
-85 813
-30 -466
-98 599
-975 427
-592 925
949 374
-403 280
-35 -792
432 -287
-625 709
-848 -580
-210 -442
975 -199
-236 629
-171 -967
322 -469
76 -608
-932 -594
-117 -797
