1 1
1
1 2
1
1 3
2
1 4
3
1 5
4
1 6
6
1 7
7
1 8
8
1 14
8
1 15
10
8 32
32 6 38 4 25 16 12 17
1 27
26
7 42
50 40 24 3 4 39 8
5 6
3 2 9 8 13
2 38
16 37
9 3
13 10 6 4 1 7 3 8 5
7 21
14 3 26 15 31 19 20
6 44
26 45 27 25 17 29
4 39
15 34 36 32
9 40
33 40 21 47 18 15 37 30 7
7 30
21 25 3 15 30 16 38
8 12
12 3 18 6 20 11 16 14
4 39
46 49 20 19
9 39
33 44 4 16 15 21 8 42 24
3 41
22 5 45
16 1000000000000000000
904 855 27 745 71 207 631 443 333 357 705 339 743 164 653 82
9 999999999999999999
359 517 672 722 502 523 398 792 188
7 500000000000000000
555 82 234 433 474 218 599
20 100000000000000000
903 380 483 291 453 311 290 451 642 63 511 352 764 430 200 1 639 272 180 900
16 10000000000000000
409 101 675 966 271 75 633 575 179 889 446 103 163 911 456 817
9 1000000000000000
429 324 103 195 241 880 445 208 163
4 100000000000000
159 123 211 952
9 10000000000000
394 134 130 400 198 162 336 846 651
7 1000000000000
927 389 591 508 423 633 935
4 425549522667
827 644 81 778
13 908870351912
231 867 217 411 416 629 924 725 286 182 248 361 60
4 45352996555
17 452 235 28
8 550004638428
174 690 790 512 74 58 587 975
11 170665007548
739 104 531 867 919 153 780 944 539 719 151
20 106655429268
151 829 463 703 970 465 30 955 664 455 165 104 152 889 243 155 434 616 382 613
300 10000
3118 9012 7243 7043 529 1228 3519 9098 1092 4703 9995 8374 8190 5838 4530 8592 6227 6413 345 9070 7965 1641 9721 1830 1554 5869 8770 5593 533 9729 9426 5405 1140 4042 8347 9235 1339 806 5722 1986 922 6613 5240 3888 6752 5428 218 4697 7444 8405 1729 5019 5679 305 4028 8063 684 9446 4732 3516 8693 4171 6000 7329 8617 4607 6975 194 3882 4374 1134 8211 3733 1545 527 1989 5801 6356 3635 1158 7982 5243 7720 9953 4615 7055 1181 3395 7018 6645 3939 3337 2596 4254 5587 3843 7690 4835 8456 3615 2296 5891 6859 6319 4995 2722 4284 6768 2833 1952 6665 2737 9386 948 9275 3041 8275 6421 8464 8011 8814 1876 840 3673 2799 2418 3164 2100 8056 4550 1556 3838 4110 9011 6213 9921 9456 9474 6245 9241 3878 2606 5645 2601 4264 8923 4808 6010 4999 5299 7570 5607 9489 5710 8248 7408 539 5533 3065 5802 7188 3609 7150 6434 1152 931 8407 6158 9251 9420 3971 4935 1886 1271 8913 7112 7823 6864 1069 6377 6568 6573 6549 4652 6089 8246 8355 3434 1935 5383 1869 6813 1084 4845 2913 5594 7147 1108 854 4852 3018 8841 6172 2089 3851 2012 3900 5797 4573 2255 3134 1774 4933 6461 9663 2004 8153 7893 2380 7595 7085 8130 4990 3933 6420 4217 7395 113 4038 1725 9288 1012 9814 4496 3555 9392 2741 6861 1373 4300 2204 4730 5213 750 4745 8255 7304 1090 996 2875 7932 617 2767 8881 3327 9652 7761 6439 1861 3283 9661 8 3773 7533 7925 8191 7381 5362 1284 5376 7069 5206 8688 7346 6559 9936 4515 6437 4166 3207 8196 3806 1260 5325 4684 5786 2156 4169 7590 8616 4459 1817 5444 4301 3464 2721 8237 6585 3344 3590
263 7982
6565 250 4032 449 1916 2077 2112 2964 4483 6819 686 6296 5407 7272 446 3480 6945 1583 5261 7297 5198 1703 2016 2587 5707 3780 3281 6765 4284 1744 4295 4119 5240 3560 1227 3291 4848 2633 556 1863 4335 6283 2461 2535 7826 4556 1556 1858 3178 7794 1148 4193 1368 6361 2682 5694 1731 3647 1939 3086 332 7241 3999 457 5572 5587 5823 864 7876 4754 1290 3628 6743 4928 1604 3689 888 5617 3639 4279 6354 5913 1866 4680 5153 4571 3725 3629 415 181 5150 4853 6417 4648 5942 739 1205 1185 1992 591 410 289 3715 3975 7645 7821 1795 4601 2120 303 377 5065 2636 865 3937 7442 3539 7678 2712 5026 1824 756 7452 6534 6707 7906 5171 7343 6286 386 6470 4418 1184 5532 1006 1273 201 1749 2349 1586 3861 4045 6510 2543 4745 2624 5011 7147 2963 3047 1660 4334 307 624 7901 3142 4901 6097 5283 4513 6605 4146 6438 6152 7727 6341 5968 1559 3935 7211 7334 342 1464 4543 6030 7757 4699 4807 3558 7947 4391 835 3949 7457 4108 4693 3807 6621 1436 7626 4625 1098 1437 5194 1526 3003 7714 4743 6346 7666 7119 2478 5604 2853 589 972 3612 1395 4840 7530 5332 3738 2305 4833 7262 1375 7062 3955 7229 5803 1922 3891 2600 4565 2111 6882 4324 3960 4677 7180 7498 57 2397 2809 7141 1406 5363 4621 5218 3368 4673 2149 4161 3331 5108 6884 6845 1015 7746 6383 1225 4961 6686 1493 3229 3992 5476 7862 1816 2748 2784 7408 3547
215 8766
2408 2101 3450 1249 5771 2341 8588 2275 927 1547 4033 995 7021 4837 5431 8078 4728 3254 6870 7225 1215 3931 5363 2373 1840 3261 1699 2076 4906 5778 6943 8352 3284 6037 1811 1089 6722 3535 6439 5680 1718 7042 4057 905 5364 8193 6839 106 4308 7853 6072 6229 4604 7713 2843 1471 4574 1690 6936 4045 5058 1004 2798 6632 2332 5564 7302 7494 4614 4208 6556 1874 8079 5018 2686 1756 5033 2455 2849 144 7839 2947 1115 8737 3858 4765 5314 1644 7990 354 438 127 6390 3639 7561 762 6454 3283 6338 7450 2517 7096 844 1181 3257 4701 606 5304 6938 562 4515 1440 1820 478 8110 6086 3599 1435 3666 2960 2649 6106 4629 4600 462 6651 8658 4319 6955 2799 2943 5329 5373 394 2090 6786 5945 1761 3799 2220 6737 1276 6503 33 6137 8006 5009 3120 1807 8458 700 5127 3957 4888 4518 2 2297 7551 7537 5657 880 8623 962 8108 2053 8370 4375 8544 8453 6367 4820 4073 454 2026 5447 8151 2238 3037 3143 3979 4977 5082 971 8508 84 3454 6724 4346 6812 2152 1969 5477 3298 7261 2227 4079 5845 3721 4895 7721 2711 996 6166 2453 6528 8754 4158 8191 5275 2038 8467 7155 1765 7688 4690
230 2274
1499 2219 801 1832 2054 2167 462 152 358 1911 1587 1349 1975 354 613 877 1379 1471 938 269 1852 2011 1074 1334 1961 2183 1144 436 4 1166 1962 724 84 381 874 170 2070 1206 1506 1804 1736 1738 1437 294 137 405 317 34 1067 1905 805 2241 994 480 809 111 2003 6 227 2263 772 282 761 598 1070 1096 1654 853 2148 1415 571 1910 1623 1714 1039 1927 989 904 1077 73 368 633 2225 1651 409 1188 1387 1102 1946 1616 1389 947 77 794 998 1699 1441 303 1122 21 1853 631 1966 1283 1570 2114 69 1595 415 1632 2050 1500 620 1265 948 1917 1583 653 1320 210 1022 2173 775 356 526 1418 1974 1754 1014 2267 1615 1586 848 340 1477 271 652 1088 102 1466 1494 1540 1019 552 2180 2051 357 126 584 1667 706 75 1970 2249 1080 1550 573 270 1547 1222 575 601 1610 1164 868 1892 2143 1989 810 636 1032 2099 971 230 1199 95 933 1845 440 25 1780 1094 721 2080 1951 556 2042 2232 605 463 1378 1565 939 164 1327 1672 1590 2016 846 1266 1229 1027 1628 1173 1745 2203 2187 2111 1335 1106 1928 1047 2256 497 2155 1003 837 1333 2033 876 2266 1043 666 962 510 995 1916 859 288 1673
255 2601
2051 2498 1548 1860 311 1921 878 1047 386 1710 1147 2269 1015 234 186 1937 1111 2386 1075 2572 47 1759 154 2358 184 359 427 2587 973 1046 1004 1398 2177 1065 1491 1001 1864 1357 1669 690 2160 107 115 1336 32 703 1627 2410 1294 517 519 2067 2427 1517 501 2450 1938 2135 664 559 831 2050 2130 192 2520 485 785 2279 1601 1515 634 2256 775 2313 2157 1543 333 457 350 2382 168 94 2550 201 2013 1482 1936 1360 374 2071 2114 151 1021 1824 912 2244 1752 2366 1438 25 102 1189 1388 458 22 1951 387 537 845 789 2262 1763 188 483 2136 1734 1334 276 1527 1239 2069 440 301 1656 422 1542 392 147 713 2181 163 988 761 1181 1592 1768 346 1487 644 1521 273 1679 1248 756 2362 584 2250 1845 1139 905 2568 349 950 1472 1839 1765 2501 1434 2042 1258 426 2442 694 1579 1846 990 1216 2107 1478 2154 681 746 443 781 1024 1942 68 1878 1695 688 72 416 2378 817 1625 2030 2059 1641 2365 2126 1391 1800 661 193 2296 1908 1427 247 2370 1630 1856 2235 1599 1382 218 985 1070 590 1577 1524 212 2146 131 2045 624 1713 2261 2241 1918 171 970 2195 1119 579 621 253 998 1623 2167 2129 447 1102 1256 1965 2142 2280 1104 1397 2356 2502 1229 1506 975 259 12 834 1284 222 1978 2406 2429 869 314 17 295
219 7062
3345 6254 767 4910 2898 793 5374 3317 1511 4602 3472 4011 3207 5043 6383 6796 6012 611 6370 2977 4365 784 1954 1084 1334 5754 3913 2378 5686 1090 5927 548 5577 3067 6563 6092 5001 1211 4983 3822 3494 4943 631 5747 2032 2013 5365 4814 3788 4172 176 6570 4483 2900 840 6080 216 5880 157 6272 2871 387 1837 5954 4140 4202 623 4605 1382 3339 4456 4291 5279 3938 5100 1184 2207 1561 2064 5796 1197 2036 5034 188 3306 6376 3736 160 2893 4598 6755 863 51 4133 2923 5192 6816 2848 2425 2842 5974 393 5103 5212 4094 1167 4189 4159 3668 5135 4743 2838 6841 3485 729 5884 1473 5546 2296 488 1871 1599 6806 2124 5474 4766 6981 1022 5512 2259 4394 4124 3242 59 5524 5406 106 5033 2230 2091 2206 2071 1982 3629 6283 4965 5878 2988 482 2865 1766 3138 185 917 6181 365 4610 162 1743 5249 641 2868 2211 5137 3324 2313 3045 3883 5572 3282 1286 1439 4687 1815 3211 3982 6302 3217 4452 1571 6900 2449 6883 2578 3959 25 5388 923 5220 3081 1410 1359 3897 530 6103 3944 516 4681 3378 2605 2485 1403 1776 2414 2330 5689 474 3078 6405 554 6691 1479 2750 4862 3118 7021 2243 3071 7026
256 3256
771 1640 1233 3093 683 2408 740 1483 2296 1883 1917 839 1941 2718 786 2506 2853 1101 546 765 613 721 2449 396 3250 403 509 719 2271 3077 2322 1073 2038 139 892 1700 2340 1873 2960 1685 145 820 2098 1786 2802 1622 4 1547 1298 3095 2436 2457 3013 3015 2554 2293 2217 700 1710 1674 1762 126 1896 3131 1663 610 1166 533 3040 920 1049 2082 1938 2534 97 516 2129 2440 2061 2327 1208 2034 1852 1837 845 3076 3098 3059 2203 2192 1492 2471 2773 2113 2487 2379 3186 3224 136 2630 3032 130 2813 1442 2840 148 72 1076 2583 923 2887 1496 256 930 2791 578 331 2470 3036 302 2361 2628 3209 2501 823 1476 223 1145 695 1528 2637 464 24 1311 2083 2094 2854 2584 2148 2253 442 2001 2876 984 1621 1575 1386 715 1216 867 76 2564 2566 2005 2684 1173 2198 956 295 857 2425 61 1360 3004 1535 215 685 1748 2595 1818 1742 292 3014 2497 624 1665 1937 3231 2516 1707 1552 1958 1236 1146 2955 1962 2108 1758 2879 2132 2210 965 1506 421 2266 3207 844 3051 1502 1576 1737 3217 3042 3194 2372 974 1524 862 1884 94 784 1860 181 422 15 2872 2090 1655 1831 135 2798 1980 3223 1015 3225 1027 374 1641 438 1276 1922 859 1072 612 2834 3196 320 2238 1615 746 1400 2025 1297 2292 328 1265 423 2648 1604 2126 1398 933 931 2430 2819 2388
274 1817
1372 1170 840 221 239 748 1621 533 1335 1410 1545 1083 502 957 380 986 139 1468 1668 1354 984 1693 916 987 213 409 1674 1158 1552 934 136 1779 683 915 1475 1719 1739 1587 998 1105 500 1671 432 736 1507 163 1288 1283 731 1237 1298 732 1451 1307 83 875 1789 531 452 879 1763 837 425 1097 144 557 1551 254 1041 1535 1386 1240 1004 963 165 466 1591 1318 149 1272 25 773 1771 1123 185 1543 1813 1427 759 1509 1442 273 1095 1278 1803 1791 691 870 1806 1459 274 110 1626 1349 1734 1528 854 1682 1402 1400 257 1322 1497 226 1729 1365 863 825 657 1708 282 1334 1732 924 447 1011 1378 84 954 936 1005 117 473 693 306 587 1531 1230 70 1389 552 571 474 1362 1351 1418 548 39 347 1036 537 841 1659 85 1190 939 1063 1677 1016 376 1816 431 1511 1805 1397 1093 7 1648 780 908 663 1686 704 1517 1165 631 1740 1369 309 1359 627 944 1260 582 614 538 1222 1596 1037 536 124 437 1141 650 912 13 790 946 1073 1554 815 1652 416 1269 1244 392 426 1506 48 950 1019 174 297 455 1718 1135 1435 1483 1008 365 169 320 290 532 399 510 740 937 914 1736 1201 930 1583 118 1253 128 1023 964 737 575 576 1504 941 1738 1203 1330 1233 1454 1701 1301 968 1743 794 429 520 1089 568 134 465 32 1774 1246 1107 348 63 101 1336 258 378 1285 938 603 757 1217
281 8481
8354 6975 3195 1357 6374 698 687 3597 7728 706 1327 2246 6782 4572 6054 3684 4955 3571 1090 8128 6537 5758 2440 3443 6097 4821 8196 4036 4138 4389 72 4222 2456 1645 8364 8154 570 2421 6093 4810 8442 212 3865 2533 7190 6512 5620 3482 4772 7010 4890 7276 6624 1368 6532 5732 2497 3579 2141 1977 6422 4202 8148 1130 3856 3242 4259 5453 1928 1293 4907 2071 5993 4929 6888 6146 7821 4948 4967 4104 3 2227 5236 3727 5250 6554 6154 8412 2869 523 7137 1804 383 3193 7469 7096 3226 6579 2181 7356 6096 1229 7506 6257 4057 2176 7606 7384 7212 7644 5712 3325 5687 7312 2600 7563 4893 7029 7457 5122 900 376 6840 3850 3238 4539 6315 5386 2971 5888 7239 5483 4338 3710 3974 1884 94 1697 6510 1186 1490 3646 7241 2512 4262 4700 4479 3606 3375 2142 791 2015 52 7886 5285 7653 1695 6006 7439 6693 1322 7041 441 7493 3559 2741 7807 7642 2635 8328 729 7639 4823 2843 3669 5344 46 4865 6777 1870 4261 5204 157 1382 5173 4328 6670 3218 862 864 5414 5284 5600 3099 2838 6735 6349 6765 6372 5876 6206 7843 7328 4364 350 3484 1727 4889 4482 1371 5096 2346 6545 6380 2284 2578 5445 7420 1072 7456 3188 7428 8398 5962 2904 4689 2480 6168 5562 4369 6705 3858 5180 5394 3113 5152 5353 7453 876 6506 3109 7724 5668 85 1458 2001 4022 4826 7372 7435 2881 4475 214 7056 3458 427 7529 3406 6655 6851 1810 3227 8319 3261 5894 5469 7914 6340 6761 171 4701 4172 8344 5610 6242 8282 5499 3567 8350 3161 7363
231 2008
825 1754 292 268 60 1512 411 1692 74 638 1804 1498 245 322 802 1809 1348 1973 87 390 2002 294 397 736 1727 914 432 1242 196 1773 631 160 1077 1805 1645 1308 293 1833 1760 1998 737 1936 438 116 1019 866 851 118 770 88 1096 911 1808 936 1324 1740 559 1435 852 401 1021 1054 1730 788 1863 1252 306 1390 1771 636 256 1622 1320 959 1328 538 1759 1158 1737 1371 1477 216 1657 1935 1302 115 424 622 482 230 314 840 239 1304 786 791 781 1247 989 1421 594 1239 224 1549 520 1683 633 1752 876 1375 1432 557 148 1277 1119 180 1009 221 1652 189 25 1217 892 369 677 1316 1729 1201 5 1782 1272 338 1942 1952 452 1523 1154 67 996 593 907 1519 107 1576 1574 1837 91 97 399 652 299 147 1726 857 1344 893 1594 1526 1064 846 1735 1630 1591 1222 1263 749 1381 228 918 1166 704 1296 1490 18 1083 316 694 1847 1286 1557 1017 1276 531 1644 395 1521 653 378 1185 1995 748 1407 84 545 1309 1281 1444 1065 1468 1572 1522 988 281 741 211 473 1489 807 391 57 222 1396 440 512 537 1680 734 822 719 1452 491 1747 505 853 1567 134 971 1949 454 821 1990
15 299
14 279 42 90 244 217 6 48 7 69 195 266 139 84 188
48 435
230 399 118 251 132 97 42 70 188 363 329 167 350 119 63 321 196 356 279 153 265 189 91 203 231 377 300 111 259 223 286 272 419 202 21 398 349 28 335 266 112 406 6 90 364 161 273 146
37 293
62 7 55 154 63 97 111 112 84 70 188 34 168 181 223 126 56 202 69 76 195 196 14 259 265 252 132 153 133 77 286 28 105 140 161 293 167
36 423
98 315 28 168 356 357 126 413 230 336 266 34 251 349 280 188 265 49 321 378 384 76 118 322 140 125 412 371 258 7 273 364 307 272 63 328
12 496
272 349 490 161 245 84 133 322 293 119 301 371
31 199
91 146 70 147 97 119 77 98 27 160 140 7 189 34 112 62 63 76 181 35 168 6 167 13 111 188 42 104 153 14 139
18 420
48 370 196 20 210 21 259 224 13 83 126 384 161 217 6 321 245 378
5 396
209 69 77 76 259
11 208
77 161 48 7 90 174 168 14 62 56 133
27 236
230 55 139 21 98 202 168 146 34 35 69 83 56 76 189 7 224 14 160 153 181 84 223 147 6 119 196
46 190
65 2 163 43 121 101 170 26 106 73 57 165 47 31 71 152 93 110 129 99 178 78 151 24 115 60 58 68 157 127 36 89 176 40 164 95 29 123 103 143 46 79 113 186 3 184
13 159
43 73 17 18 75 96 38 19 151 50 15 158 36
30 286
226 11 197 128 229 75 262 74 235 183 44 120 3 53 246 270 248 264 254 213 16 18 165 156 61 150 177 66 92 214
35 150
16 79 100 113 142 116 61 92 81 12 17 106 78 4 145 94 120 29 102 144 124 44 80 136 121 65 2 32 108 128 110 95 60 5 39
43 79
17 36 3 45 44 25 37 73 30 11 15 24 40 26 23 43 16 79 38 64 50 72 68 19 10 4 74 22 9 54 1 46 31 75 53 32 2 78 58 29 47 51 52
24 210
5 40 110 158 208 134 11 94 100 75 138 193 25 163 141 32 96 52 19 191 58 74 57 116
42 350
200 214 75 330 316 278 327 186 250 109 295 334 3 88 288 183 225 319 78 53 72 81 229 312 179 255 184 95 309 131 127 1 239 246 64 269 275 263 326 331 165 317
36 171
129 121 166 80 73 45 51 78 124 158 11 94 65 33 39 50 17 115 116 142 162 88 99 159 22 143 29 135 4 138 19 92 134 151 109 30
8 132
128 9 24 88 78 109 79 108
42 70
8 3 51 65 5 59 39 43 58 40 23 16 9 36 47 52 29 32 64 53 67 1 18 19 25 61 10 38 4 45 50 2 60 57 44 15 22 33 68 31 54 66
22 551
143 125 1 108 431 351 287 197 403 106 37 395 280 131 324 373 411 272 186 215 52 461
46 822
410 293 113 475 41 201 513 701 271 248 614 204 603 601 385 452 46 426 68 169 783 445 273 492 371 42 664 517 33 305 95 747 131 261 654 22 107 442 90 598 396 81 430 817 82 496
84 746
391 53 119 198 637 546 627 732 379 407 114 589 5 317 238 111 143 199 545 579 475 492 213 706 518 197 46 206 464 274 413 129 88 419 167 728 515 11 378 443 511 224 484 31 710 412 418 269 677 654 301 636 176 416 616 435 466 583 376 174 527 236 321 344 7 570 259 248 662 177 283 503 127 460 488 675 575 656 235 332 303 655 402 78
31 932
820 102 480 534 81 658 446 317 835 576 368 134 661 429 674 671 284 244 906 189 878 528 597 919 237 138 911 464 200 331 607
89 810
117 2 174 130 206 498 315 145 727 448 296 181 263 540 584 234 459 14 683 473 55 123 732 639 422 337 357 771 262 735 632 60 606 162 131 136 42 655 394 773 170 12 586 611 739 380 633 252 367 313 284 433 54 85 250 518 405 120 623 213 150 426 733 27 511 522 242 31 124 372 335 201 682 5 65 527 564 467 59 350 471 793 156 353 670 541 34 231 39
49 235
17 208 89 61 146 34 60 170 25 219 69 198 10 22 3 5 203 18 130 189 163 1 110 90 137 126 180 73 41 131 160 19 196 30 123 148 13 197 136 59 169 58 4 222 140 172 143 225 56
20 628
464 394 102 263 335 94 348 11 307 429 493 235 254 573 615 117 602 370 91 251
50 427
335 364 202 421 61 155 226 59 157 25 311 338 20 259 381 288 312 114 306 256 181 273 32 24 37 207 386 342 90 272 80 281 401 417 21 138 301 365 395 328 4 299 146 112 182 3 78 47 243 161
32 253
22 210 236 85 166 35 146 110 53 37 150 74 30 115 222 164 64 3 142 33 129 162 103 208 4 1 157 17 232 2 65 122
84 212
14 125 6 167 36 31 203 116 68 47 209 57 24 166 171 41 160 145 91 96 183 207 44 181 112 93 138 98 164 106 184 102 75 61 27 169 127 19 34 4 13 37 60 202 179 94 9 80 86 194 50 185 141 172 137 90 176 153 79 16 88 8 100 192 163 66 20 95 161 81 87 48 22 67 130 157 62 123 64 107 151 53 99 133
21 88
8 85 30 55 71 48 2 63 65 39 8 85 30 55 71 48 2 63 65 39 61
18 39
16 10 29 9 8 6 30 38 24 16 10 29 9 8 6 30 38 24
21 48
22 21 25 10 34 43 7 42 41 38 22 21 25 10 34 43 7 42 41 38 6
25 60
58 23 10 60 41 1 36 25 6 49 19 45 58 23 10 60 41 1 36 25 6 49 19 45 11
28 57
3 13 14 42 38 45 48 34 22 52 51 31 17 35 3 13 14 42 38 45 48 34 22 52 51 31 17 35
17 85
86 87 88 89 90 91 92 93 94 95 96 97 98 99 100 101 102
12 93
94 95 96 97 98 99 100 101 102 103 104 105
15 12
13 14 15 16 17 18 19 20 21 22 23 24 25 26 27
10 16
17 18 19 20 21 22 23 24 25 26
15 45
46 47 48 49 50 51 52 53 54 55 56 57 58 59 60
5 1000000000000000000
1000000000000000000 999999999999999999 999999999999999998 500000000000000000 100000000000000000
12 321287710285243
724573878585541 770061451931417 509590992674043 33562354780792 663836564447827 598008780538301 342250367040131 205793144000527 459248435414824 50946354974810 454037743280355 406064178441530
30 251137654334377
263059731902920 747329232456338 384632912794882 240117675525744 511696942819480 620643776690144 487263890750673 688681530806632 479820097039869 61018647215093 446109695461431 677666706044613 763557044631641 283187662941398 39545481082028 511775620783465 534541071292909 98462574197913 446686279782935 391005365140695 89461552290634 600768511704569 782128550500034 537778966193720 528698217795267 640668930770610 834660383911266 52181951707673 353794185674895 3807311683482
16 83472743280526
765581131273761 329946564881056 233969831373485 250008899869283 20612141981023 683282305813735 867751003524844 683766401886243 552487125475482 509014992548048 749727462071590 844173223282604 606151730319121 825365859709764 890129944954249 476228417659669
13 943960903884884
479328569033060 51256362059768 888788350310399 542633321393105 645470607458057 44148925462353 154667100279602 487511055027354 150512127503018 806952587491543 258855990017077 417082961059101 605189081329473
21 56205175704731
883605302234906 703589432357410 494856067639558 754890003677597 441492275086547 426861317270262 464993071425546 25032500504733 815850336113516 770349097242499 283069568098345 84143274884159 600007877891300 804437308233430 714482577099882 816178606375992 851766204313879 257243277918598 186298913267853 167024339309183 43386759606122
13 299076305963674
804760577312399 240309229150084 151549052583800 35716082554989 846056184823863 714047564862738 508218510158897 221617263603714 353943768593167 704640655330229 85634740413841 305948430221074 424226360841128
20 192531470468955
332838286980709 310733612413051 747667228631902 470056010853754 283169497891461 466349986986990 312511529648212 143173770896021 376780425303538 288908831882575 101597939600418 297413199340032 109813831483778 721424606843192 660628073417634 56707946867871 393229011986809 199694219558760 516214116517477 413525587536423
20 492671495948895
583999810458883 816915201212456 519839231549625 341039622578084 358238674188256 525137771567091 271200614204793 211736431738637 594985853382416 243128087939771 372865364049209 457141503472293 469489936755736 79974833945839 422057044364769 77149773907856 645767828931899 308808646135049 434176050845424 21318328977745
5 48137385412015
759422482162616 426647045539401 839236461800914 776943688738897 405586794599260
0 0
