0
1
2
3
4
5
5
5
9
10
18
19
24
3
26
1
12
28
26
24
17
7
28
23
28
714285714285714272
714285714285714280
357142857142857138
71428571428571415
7142857142857130
714285714285707
71428571428569
7142857142852
714285714279
303963944760
649193108504
32394997537
392860456015
121903576815
76182449464
6943
5512
6109
1466
1668
4899
2131
1112
5871
1285
215
311
210
303
355
143
300
284
150
170
90
102
175
73
14
126
208
87
87
8
378
556
476
640
513
133
438
272
152
91
56
21
30
34
33
61
67
10
12
33
714285714285714283
229491221632315
179384038810265
59623388057519
674257788489192
40146554074807
213625932831192
137522478906393
351908211392060
34383846722869
