5 8
6 10
7 12
52 102
38 74
8 9
54 55
54 55
100 101
101 102
6 8 9 10
30 31 32 33 34 35 36 37 38 39 40 41 42 43
52 54 55 56 57 58 59 60 61 62 63 64 65 66 67 68 69 70 71 72 73 74 75 76 77 78 79 80 81 82 83 84 85 86 87 88 89 90 91 92 93 94 95 96 97 98 99 100 101 102
53 54 55 56 57 58 59 60 61 62 63 64 65 66 67 68 69 70 71 72 73 74 75 76 77 78 79 80 81 82 83 84 85 86 87 88 89 90 91 92 93 94 95 96 97 98 99 100 101
91 92 93 94 95 96 97 98 99 100 101 102
52 55 57 59 61 63 65 67 69 71 73 75 77 78 79 80 81 82 83 84 85 86 87 88 89 90 91 92 93 94 95 96 97 98 99 100 101 102
54 56 58 60 62 64 66 68 70 72 74 76 78 79 80 81 82 83 84 85 86 87 88 89 90 91 92 93 94 95 96 97 98 99 100 101 102
84 85 86 87 88 89 90 91 92 93 94 95 96 97 98 99 100 101 102
54 56 58 60 62 64 66 68 70 72 74 76 78 79 80 81 82 83 84 85 86 87 88 89 90 91 92 93 94 95 96 97 98 99 100 101 102
52 61 69 77 80 84 85 86 87 88 89 90 91 92 93 94 95 96 97 98 99 100 101 102
52 62 71 80 82 83 86 87 88 89 90 91 92 93 94 95 96 97 98 99 100 101 102
56 58 64 66 72 74 79 80 81 82 83 84 85 86 87 88 89 90 91 92 93 94 95 96 97 98 99 100 101 102
64 65 68 69 72 73 76 77 80 81 82 83 84 85 86 87 88 89 90 91 92 93 94 95 96 97 98 99 100 101 102
95 96 97 98 99 100 101 102
98 99 100 101 102
93 94 95 96 97 98 99 100
85 86 87 88 89 90 91 92 93 94 95 96 97 98
52 53 54 55 56 57 58 59 60 61 62 63 64
91 101 102
60 101 102
95 100 101
70 100 101
88 100 101
96 100 101
64 100 101
52 55 57 59 61 63 65 67 69 71 73 75 77 78 79 80 81 82 83 84 85 86 87 88 89 90 91 92 93 94 95 96 97 98 99 100 101 102
54 56 58 60 62 64 66 68 70 72 74 76 78 79 80 81 82 83 84 85 86 87 88 89 90 91 92 93 94 95 96 97 98 99 100 101 102
52 61 69 77 78 81 82 84 85 86 87 89 90 91 92 93 94 95 96 97 98 99 100 101 102
52 60 67 74 78 81 82 83 84 85 86 87 88 89 90 91 92 93 94 95 96 97 98 99 100 101 102
52 59 65 70 71 73 74 77 78 80 81 82 83 84 85 86 87 88 89 90 91 92 93 94 95 96 97 98 99 100 101 102
52 58 63 66 67 68 70 71 73 74 75 76 78 79 81 82 83 84 85 86 87 88 89 90 91 92 93 94 95 96 97 98 99 100 101 102
52 56 59 62 65 68 71 74 77 80 83 86 87 88 89 90 91 92 93 94 95 96 97 98 99 100 101 102
54 55 57 58 60 61 63 64 66 67 69 70 72 73 75 76 78 79 81 82 84 85 86 87 88 89 90 91 92 93 94 95 96 97 98 99 100 101 102
60 66 71 76 78 80 81 83 84 86 87 88 89 90 91 92 93 94 95 96 97 98 99 100 101 102
53 56 59 60 61 62 63
53 56 59 60 61 62 63
5 6 7 8
6 7 8
101 102
101 102
