3
60.000000000
60.000000000
60.000000000
3
60.000000000
60.000000000
60.000000000
4
90.000000000
90.000000000
90.000000000
90.000000000
4
90.000000000
90.000000000
90.000000000
90.000000000
5
108.000000000
108.000000000
108.000000000
108.000000000
108.000000000
5
108.000000000
108.000000000
108.000000000
108.000000000
108.000000000
50
172.800000000
172.800000000
172.800000000
172.800000000
172.800000000
172.800000000
172.800000000
172.800000000
172.800000000
172.800000000
172.800000000
172.800000000
172.800000000
172.800000000
172.800000000
172.800000000
172.800000000
172.800000000
172.800000000
172.800000000
172.800000000
172.800000000
172.800000000
172.800000000
172.800000000
172.800000000
172.800000000
172.800000000
172.800000000
172.800000000
172.800000000
172.800000000
172.800000000
172.800000000
172.800000000
172.800000000
172.800000000
172.800000000
172.800000000
172.800000000
172.800000000
172.800000000
172.800000000
172.800000000
172.800000000
172.800000000
172.800000000
172.800000000
172.800000000
172.800000000
50
172.800000000
172.800000000
172.800000000
172.800000000
172.800000000
172.800000000
172.800000000
172.800000000
172.800000000
172.800000000
172.800000000
172.800000000
172.800000000
172.800000000
172.800000000
172.800000000
172.800000000
172.800000000
172.800000000
172.800000000
172.800000000
172.800000000
172.800000000
172.800000000
172.800000000
172.800000000
172.800000000
172.800000000
172.800000000
172.800000000
172.800000000
172.800000000
172.800000000
172.800000000
172.800000000
172.800000000
172.800000000
172.800000000
172.800000000
172.800000000
172.800000000
172.800000000
172.800000000
172.800000000
172.800000000
172.800000000
172.800000000
172.800000000
172.800000000
172.800000000
36
170.000000000
170.000000000
170.000000000
170.000000000
170.000000000
170.000000000
170.000000000
170.000000000
170.000000000
170.000000000
170.000000000
170.000000000
170.000000000
170.000000000
170.000000000
170.000000000
170.000000000
170.000000000
170.000000000
170.000000000
170.000000000
170.000000000
170.000000000
170.000000000
170.000000000
170.000000000
170.000000000
170.000000000
170.000000000
170.000000000
170.000000000
170.000000000
170.000000000
170.000000000
170.000000000
170.000000000
36
170.000000000
170.000000000
170.000000000
170.000000000
170.000000000
170.000000000
170.000000000
170.000000000
170.000000000
170.000000000
170.000000000
170.000000000
170.000000000
170.000000000
170.000000000
170.000000000
170.000000000
170.000000000
170.000000000
170.000000000
170.000000000
170.000000000
170.000000000
170.000000000
170.000000000
170.000000000
170.000000000
170.000000000
170.000000000
170.000000000
170.000000000
170.000000000
170.000000000
170.000000000
170.000000000
170.000000000
3
94.679782390
82.191157919
3.129059691
4
119.321888108
1.736027377
114.274600453
124.667484062
3
76.048659084
41.978260825
61.973080091
50
167.391505721
147.321970745
173.999833649
177.373788670
179.399316251
174.334276034
172.418556521
171.595064203
178.886140634
164.109057230
177.911130131
173.829380448
179.407284391
155.192540828
173.033564750
164.967711463
164.606460251
178.516382212
170.638222604
169.284092868
179.808328358
178.430085743
179.418156479
179.620615509
165.964228920
179.613656078
179.275995491
172.062489223
174.021479106
173.077094362
160.045323634
176.583485959
178.512729479
175.340835487
178.517843866
174.752645143
171.581632160
177.863477428
179.490659360
158.604970171
177.487622532
167.517343636
178.009733416
177.348378276
175.159588483
175.340758631
172.619226849
159.893295064
172.002910675
177.819130878
50
176.148419154
172.875052154
171.713182866
179.386400759
178.997375758
170.646634068
174.879637226
175.084735433
172.174181939
165.217966937
177.695238433
179.285870532
178.783686458
178.683989204
174.419203847
140.730915702
179.939668423
179.081465508
154.110014878
175.208589383
178.303815653
175.366760066
179.439458598
175.431515976
172.305209138
152.225578177
178.855250116
175.039694142
160.132953590
179.352255042
178.453930831
169.151309717
178.696644083
169.621111236
179.901363065
167.226069734
178.474647787
176.388844054
176.106579610
179.852409440
157.101485890
163.841188106
179.119142038
179.877947473
165.203606123
175.437049807
174.948901489
175.527354439
163.733030311
169.822665607
3
154.681567531
23.003013710
2.315418759
50
178.672674330
178.500120521
170.335199006
157.774254346
174.554134930
176.689811769
173.207483142
175.015449374
171.033307805
176.743362851
175.244657902
162.841324312
177.594043665
178.129948290
176.543141079
171.711683392
178.878031049
172.468092053
179.386347092
179.430706665
178.543159526
172.667411613
173.816804947
169.550153983
179.704157270
167.446488017
177.782539924
176.326152680
174.245526083
177.494454718
175.672839372
171.052923758
163.376512725
167.681511525
172.827995083
127.900034633
173.676099326
175.088643212
174.437498402
154.386483555
168.629789292
173.932423283
179.144238500
173.436785014
172.639232840
174.996598812
172.768534000
177.799132212
179.737963804
178.484138318
49
169.612637334
168.472403045
171.952663899
168.518060503
177.653254629
161.141943602
168.198102455
162.143231571
176.303414324
163.253536931
175.702927060
173.348390534
179.543810680
177.751976863
157.951048432
179.836668183
170.321324762
179.178729051
179.118003157
176.606190897
175.022616083
177.933249826
166.938180777
172.472880703
179.226737158
163.535096872
179.490258648
177.335599274
178.799943587
173.525568206
177.588377437
176.828264405
179.731989545
177.413502282
171.825920064
179.999721066
163.211794290
172.473182002
174.025311123
175.424642516
176.263557455
159.511342759
177.649641077
177.789096255
165.837867620
176.792499725
155.779043892
179.378873117
161.586924324
50
166.016348649
174.112478951
165.198664017
177.652484521
179.650717654
165.812149244
172.838230076
170.392650415
175.694641430
174.330266613
161.100104593
179.226194524
179.273710431
165.908240255
177.542245374
178.488751357
178.251241712
171.880713055
173.021992470
172.312372791
176.948062634
175.415194587
177.016000085
177.842910298
179.087500369
157.430336302
165.977127298
174.565509572
174.747265344
167.117091806
178.309441771
163.960611054
175.646027773
176.263959297
176.178182926
179.893509237
146.349311231
174.657670111
177.969052124
176.434062308
178.422951175
178.799041987
178.582222424
167.928967823
178.725863525
179.042442087
176.608430514
173.793394988
158.904760736
158.678900482
50
174.790318365
160.415126359
177.762392610
173.165906228
174.479421596
179.279884667
179.459702847
171.753618016
172.995706193
177.246360420
179.950376169
173.783754558
172.586062729
179.919857062
179.725134519
177.010289221
175.630163934
177.342368983
179.400638555
170.462097785
176.435803246
159.557506779
175.600733678
175.094161390
175.286688276
169.345944699
162.376905854
178.935617025
178.230184701
176.417614127
168.129461273
178.786720094
177.920956846
170.683387507
179.252473638
176.887477751
167.825681117
162.461332788
177.119016211
170.075004522
158.363620395
167.896144626
179.811560592
153.159462103
169.395898180
171.074555438
168.714492555
169.035730058
178.398135789
160.568547926
4
179.999999999
0.000000001
0.000000001
179.999999999
4
179.999999999
0.000000001
0.000000001
179.999999999
13
179.999999999
179.999999999
0.000000006
0.000000005
179.999999999
179.999999999
179.999999999
179.999999999
179.999999999
179.999999999
179.999999999
179.999999999
179.999999999
28
179.999999999
179.999999999
179.999999999
179.999999999
179.999999999
179.999999999
179.999999999
179.999999999
179.999999999
179.999999999
0.000000013
0.000000013
179.999999999
179.999999999
179.999999999
179.999999999
179.999999999
179.999999999
179.999999999
179.999999999
179.999999999
179.999999999
179.999999999
179.999999999
179.999999999
179.999999999
179.999999999
179.999999999
50
179.999999999
179.999999999
179.999999999
179.999999999
179.999999999
179.999999999
179.999999999
179.999999999
179.999999999
179.999999999
179.999999999
179.999999999
179.999999999
179.999999999
179.999999999
179.999999999
179.999999999
179.999999999
179.999999999
179.999999999
179.999999999
179.999999999
179.999999999
179.999999999
179.999999999
179.999999999
179.999999999
179.999999999
179.999999999
179.999999999
179.999999999
179.999999999
179.999999999
179.999999999
179.999999999
179.999999999
179.999999999
179.999999999
179.999999999
179.999999999
179.999999999
179.999999999
179.999999999
179.999999999
179.999999999
179.999999999
0.000000024
0.000000024
179.999999999
179.999999999
50
179.999999999
179.999999999
179.999999999
179.999999999
179.999999999
179.999999999
179.999999999
179.999999999
179.999999999
179.999999999
179.999999999
179.999999999
179.999999999
179.999999999
179.999999999
179.999999999
179.999999999
179.999999999
179.999999999
179.999999999
179.999999999
179.999999999
179.999999999
0.000000024
0.000000024
179.999999999
179.999999999
179.999999999
179.999999999
179.999999999
179.999999999
179.999999999
179.999999999
179.999999999
179.999999999
179.999999999
179.999999999
179.999999999
179.999999999
179.999999999
179.999999999
179.999999999
179.999999999
179.999999999
179.999999999
179.999999999
179.999999999
179.999999999
179.999999999
179.999999999
49
179.999999990
179.999999999
179.999999990
179.999999999
179.999999990
179.999999999
179.999999990
179.999999999
179.999999990
179.999999999
179.999999990
179.999999999
179.999999990
179.999999999
179.999999990
179.999999999
179.999999990
179.999999999
179.999999990
179.999999999
179.999999990
179.999999999
179.999999990
179.999999999
179.999999990
179.999999999
179.999999990
179.999999999
179.999999990
179.999999999
0.000000127
0.000000127
179.999999999
179.999999990
179.999999999
179.999999990
179.999999999
179.999999990
179.999999999
179.999999990
179.999999999
179.999999990
179.999999999
179.999999990
179.999999999
179.999999990
179.999999999
179.999999990
179.999999999
50
179.999999999
179.999999990
179.999999999
179.999999990
179.999999999
179.999999990
179.999999999
179.999999990
179.999999999
179.999999990
179.999999999
179.999999990
179.999999999
179.999999990
179.999999999
179.999999990
179.999999999
179.999999990
179.999999999
179.999999990
179.999999999
179.999999990
179.999999999
179.999999990
0.000000132
0.000000132
179.999999999
179.999999990
179.999999999
179.999999990
179.999999999
179.999999990
179.999999999
179.999999990
179.999999999
179.999999990
179.999999999
179.999999990
179.999999999
179.999999990
179.999999999
179.999999990
179.999999999
179.999999990
179.999999999
179.999999990
179.999999999
179.999999990
179.999999999
179.999999990
50
179.999999993
179.999999997
179.999999993
179.999999997
179.999999993
179.999999997
179.999999993
179.999999997
179.999999993
179.999999997
179.999999993
179.999999997
179.999999993
179.999999997
179.999999993
179.999999997
179.999999993
0.000000120
0.000000120
179.999999997
179.999999993
179.999999997
179.999999993
179.999999997
179.999999993
179.999999997
179.999999993
179.999999997
179.999999993
179.999999997
179.999999993
179.999999997
179.999999993
179.999999997
179.999999993
179.999999997
179.999999993
179.999999997
179.999999993
179.999999997
179.999999993
179.999999997
179.999999993
179.999999997
179.999999993
179.999999997
179.999999993
179.999999997
179.999999993
179.999999997
50
179.999999993
179.999999996
179.999999993
179.999999996
179.999999993
179.999999996
179.999999993
179.999999996
179.999999993
179.999999996
179.999999993
179.999999996
179.999999993
179.999999996
179.999999993
179.999999996
179.999999993
179.999999996
179.999999993
179.999999996
179.999999993
179.999999996
179.999999993
179.999999996
179.999999993
179.999999996
179.999999993
179.999999996
179.999999993
179.999999996
179.999999993
179.999999996
179.999999993
179.999999996
179.999999993
179.999999996
179.999999993
179.999999996
179.999999993
179.999999996
179.999999993
0.000000132
0.000000132
179.999999996
179.999999993
179.999999996
179.999999993
179.999999996
179.999999993
179.999999996
50
179.999999998
179.999999999
179.999999998
0.000000036
0.000000036
179.999999999
179.999999998
179.999999999
179.999999998
179.999999999
179.999999998
179.999999999
179.999999998
179.999999999
179.999999998
179.999999999
179.999999998
179.999999999
179.999999998
179.999999999
179.999999998
179.999999999
179.999999998
179.999999999
179.999999998
179.999999999
179.999999998
179.999999999
179.999999998
179.999999999
179.999999998
179.999999999
179.999999998
179.999999999
179.999999998
179.999999999
179.999999998
179.999999999
179.999999998
179.999999999
179.999999998
179.999999999
179.999999998
179.999999999
179.999999998
179.999999999
179.999999998
179.999999999
179.999999998
179.999999999
50
179.999999999
179.999999998
179.999999999
179.999999998
179.999999999
179.999999998
179.999999999
179.999999998
179.999999999
179.999999998
179.999999999
179.999999998
179.999999999
179.999999998
179.999999999
179.999999998
179.999999999
179.999999998
179.999999999
179.999999998
179.999999999
179.999999998
179.999999999
179.999999998
179.999999999
179.999999998
179.999999999
179.999999998
179.999999999
179.999999998
179.999999999
179.999999998
179.999999999
179.999999998
179.999999999
179.999999998
0.000000036
0.000000036
179.999999999
179.999999998
179.999999999
179.999999998
179.999999999
179.999999998
179.999999999
179.999999998
179.999999999
179.999999998
179.999999999
179.999999998
50
179.999999998
179.999999999
179.999999998
179.999999999
179.999999998
179.999999999
179.999999998
0.000000036
0.000000036
179.999999999
179.999999998
179.999999999
179.999999998
179.999999999
179.999999998
179.999999999
179.999999998
179.999999999
179.999999998
179.999999999
179.999999998
179.999999999
179.999999998
179.999999999
179.999999998
179.999999999
179.999999998
179.999999999
179.999999998
179.999999999
179.999999998
179.999999999
179.999999998
179.999999999
179.999999998
179.999999999
179.999999998
179.999999999
179.999999998
179.999999999
179.999999998
179.999999999
179.999999998
179.999999999
179.999999998
179.999999999
179.999999998
179.999999999
179.999999998
179.999999999
50
179.999999999
0.000000036
0.000000036
179.999999998
179.999999999
179.999999998
179.999999999
179.999999998
179.999999999
179.999999998
179.999999999
179.999999998
179.999999999
179.999999998
179.999999999
179.999999998
179.999999999
179.999999998
179.999999999
179.999999998
179.999999999
179.999999998
179.999999999
179.999999998
179.999999999
179.999999998
179.999999999
179.999999998
179.999999999
179.999999998
179.999999999
179.999999998
179.999999999
179.999999998
179.999999999
179.999999998
179.999999999
179.999999998
179.999999999
179.999999998
179.999999999
179.999999998
179.999999999
179.999999998
179.999999999
179.999999998
179.999999999
179.999999998
179.999999999
179.999999998
50
179.999999999
179.999999999
179.999999999
179.999999999
179.999999999
179.999999999
179.999999999
179.999999999
179.999999999
179.999999999
179.999999999
179.999999999
179.999999999
179.999999999
179.999999999
179.999999999
179.999999999
179.999999999
179.999999999
179.999999999
179.999999999
179.999999999
179.999999999
179.999999999
179.999999999
179.999999999
0.000000024
0.000000024
179.999999999
179.999999999
179.999999999
179.999999999
179.999999999
179.999999999
179.999999999
179.999999999
179.999999999
179.999999999
179.999999999
179.999999999
179.999999999
179.999999999
179.999999999
179.999999999
179.999999999
179.999999999
179.999999999
179.999999999
179.999999999
179.999999999
50
179.999999997
179.999999997
179.999999997
179.999999997
179.999999997
179.999999997
179.999999997
179.999999997
179.999999997
179.999999997
179.999999997
179.999999997
179.999999997
179.999999997
179.999999997
179.999999997
179.999999997
179.999999997
179.999999997
179.999999997
179.999999997
179.999999997
179.999999997
0.000000072
0.000000072
179.999999997
179.999999997
179.999999997
179.999999997
179.999999997
179.999999997
179.999999997
179.999999997
179.999999997
179.999999997
179.999999997
179.999999997
179.999999997
179.999999997
179.999999997
179.999999997
179.999999997
179.999999997
179.999999997
179.999999997
179.999999997
179.999999997
179.999999997
179.999999997
179.999999997
50
179.999999997
179.999999996
179.999999999
179.999999998
179.999999997
179.999999996
179.999999999
179.999999998
179.999999997
179.999999996
179.999999999
179.999999998
179.999999997
179.999999996
179.999999999
179.999999998
179.999999997
179.999999996
179.999999999
179.999999998
179.999999997
179.999999996
179.999999999
179.999999998
179.999999997
179.999999996
0.000000060
0.000000060
179.999999999
179.999999998
179.999999997
179.999999996
179.999999999
179.999999998
179.999999997
179.999999996
179.999999999
179.999999998
179.999999997
179.999999996
179.999999999
179.999999998
179.999999997
179.999999996
179.999999999
179.999999998
179.999999997
179.999999996
179.999999999
179.999999998
50
179.999999999
179.999999998
179.999999997
179.999999996
179.999999999
179.999999998
179.999999997
179.999999996
179.999999999
0.000000060
0.000000060
179.999999998
179.999999997
179.999999996
179.999999999
179.999999998
179.999999997
179.999999996
179.999999999
179.999999998
179.999999997
179.999999996
179.999999999
179.999999998
179.999999997
179.999999996
179.999999999
179.999999998
179.999999997
179.999999996
179.999999999
179.999999998
179.999999997
179.999999996
179.999999999
179.999999998
179.999999997
179.999999996
179.999999999
179.999999998
179.999999997
179.999999996
179.999999999
179.999999998
179.999999997
179.999999996
179.999999999
179.999999998
179.999999997
179.999999996
50
179.999999999
179.999999998
179.999999997
179.999999996
179.999999995
179.999999994
179.999999993
179.999999992
179.999999999
179.999999998
179.999999997
179.999999996
179.999999995
179.999999994
179.999999993
179.999999992
179.999999999
179.999999998
179.999999997
179.999999996
179.999999995
179.999999994
179.999999993
179.999999992
179.999999999
179.999999998
179.999999997
179.999999996
179.999999995
179.999999994
179.999999993
179.999999992
0.000000108
0.000000108
179.999999999
179.999999998
179.999999997
179.999999996
179.999999995
179.999999994
179.999999993
179.999999992
179.999999999
179.999999998
179.999999997
179.999999996
179.999999995
179.999999994
179.999999993
179.999999992
50
179.999999994
179.999999993
179.999999992
0.000000108
0.000000108
179.999999999
179.999999998
179.999999997
179.999999996
179.999999995
179.999999994
179.999999993
179.999999992
179.999999999
179.999999998
179.999999997
179.999999996
179.999999995
179.999999994
179.999999993
179.999999992
179.999999999
179.999999998
179.999999997
179.999999996
179.999999995
179.999999994
179.999999993
179.999999992
179.999999999
179.999999998
179.999999997
179.999999996
179.999999995
179.999999994
179.999999993
179.999999992
179.999999999
179.999999998
179.999999997
179.999999996
179.999999995
179.999999994
179.999999993
179.999999992
179.999999999
179.999999998
179.999999997
179.999999996
179.999999995
50
179.999999998
179.999999997
179.999999996
179.999999995
179.999999994
179.999999993
179.999999992
179.999999999
179.999999999
179.999999998
179.999999997
179.999999996
179.999999995
179.999999994
179.999999993
179.999999992
179.999999999
179.999999999
179.999999998
179.999999997
179.999999996
179.999999995
179.999999994
179.999999993
179.999999992
179.999999999
179.999999999
179.999999998
179.999999997
0.000000096
0.000000095
179.999999999
179.999999998
179.999999997
179.999999996
179.999999995
179.999999994
179.999999993
179.999999992
179.999999999
179.999999999
179.999999998
179.999999997
179.999999996
179.999999995
179.999999994
179.999999993
179.999999992
179.999999999
179.999999999
50
179.999999995
179.999999994
179.999999993
179.999999992
179.999999999
179.999999999
179.999999998
179.999999997
0.000000096
0.000000095
179.999999999
179.999999998
179.999999997
179.999999996
179.999999995
179.999999994
179.999999993
179.999999992
179.999999999
179.999999999
179.999999998
179.999999997
179.999999996
179.999999995
179.999999994
179.999999993
179.999999992
179.999999999
179.999999999
179.999999998
179.999999997
179.999999996
179.999999995
179.999999994
179.999999993
179.999999992
179.999999999
179.999999999
179.999999998
179.999999997
179.999999996
179.999999995
179.999999994
179.999999993
179.999999992
179.999999999
179.999999999
179.999999998
179.999999997
179.999999996
50
179.999999997
179.999999996
179.999999995
179.999999994
179.999999993
179.999999992
0.000000108
0.000000108
179.999999999
179.999999998
179.999999997
179.999999996
179.999999995
179.999999994
179.999999993
179.999999992
179.999999999
179.999999998
179.999999997
179.999999996
179.999999995
179.999999994
179.999999993
179.999999992
179.999999999
179.999999998
179.999999997
179.999999996
179.999999995
179.999999994
179.999999993
179.999999992
179.999999999
179.999999998
179.999999997
179.999999996
179.999999995
179.999999994
179.999999993
179.999999992
179.999999999
179.999999998
179.999999997
179.999999996
179.999999995
179.999999994
179.999999993
179.999999992
179.999999999
179.999999998
50
179.999999994
179.999999993
179.999999992
179.999999999
179.999999998
179.999999997
179.999999996
179.999999995
179.999999994
179.999999993
179.999999992
179.999999999
179.999999998
179.999999997
0.000000108
0.000000108
179.999999996
179.999999995
179.999999994
179.999999993
179.999999992
179.999999999
179.999999998
179.999999997
179.999999996
179.999999995
179.999999994
179.999999993
179.999999992
179.999999999
179.999999998
179.999999997
179.999999996
179.999999995
179.999999994
179.999999993
179.999999992
179.999999999
179.999999998
179.999999997
179.999999996
179.999999995
179.999999994
179.999999993
179.999999992
179.999999999
179.999999998
179.999999997
179.999999996
179.999999995
50
179.999999971
179.999999998
179.999999998
179.999999981
179.999999998
179.999999971
179.999999998
179.999999998
179.999999981
179.999999998
179.999999971
179.999999998
179.999999998
179.999999981
179.999999998
179.999999971
179.999999998
179.999999998
179.999999981
179.999999998
0.000000255
0.000000254
179.999999998
179.999999981
179.999999998
179.999999971
179.999999998
179.999999998
179.999999981
179.999999998
179.999999971
179.999999998
179.999999998
179.999999981
179.999999998
179.999999971
179.999999998
179.999999998
179.999999981
179.999999998
179.999999971
179.999999998
179.999999998
179.999999981
179.999999998
179.999999971
179.999999998
179.999999998
179.999999981
179.999999998
50
179.999999998
179.999999981
179.999999971
179.999999998
179.999999998
179.999999998
179.999999981
179.999999971
179.999999998
179.999999998
179.999999998
179.999999981
179.999999971
179.999999998
179.999999998
179.999999998
179.999999981
179.999999971
179.999999998
179.999999998
0.000000260
0.000000259
179.999999971
179.999999998
179.999999998
179.999999998
179.999999981
179.999999971
179.999999998
179.999999998
179.999999998
179.999999981
179.999999971
179.999999998
179.999999998
179.999999998
179.999999981
179.999999971
179.999999998
179.999999998
179.999999998
179.999999981
179.999999971
179.999999998
179.999999998
179.999999998
179.999999981
179.999999971
179.999999998
179.999999998
50
173.396893860
172.998964620
171.805176900
173.396893860
173.396893860
172.998964620
171.805176900
173.197929240
172.004141520
172.800000000
173.197929240
173.595858480
171.805176900
172.004141520
173.794823100
173.794823100
172.998964620
172.998964620
173.794823100
172.998964620
173.396893860
173.197929240
173.595858480
172.004141520
173.396893860
171.805176900
172.998964620
172.004141520
172.601035380
173.794823100
172.402070760
173.794823100
172.203106140
171.805176900
172.800000000
172.203106140
173.794823100
172.203106140
173.595858480
172.402070760
171.805176900
172.203106140
173.197929240
171.805176900
172.998964620
171.805176900
173.396893860
172.601035380
172.402070760
172.998964620
50
173.794823100
172.402070760
172.203106140
172.998964620
172.402070760
173.396893860
172.800000000
173.197929240
171.805176900
172.402070760
172.203106140
172.998964620
173.197929240
172.402070760
173.794823100
173.794823100
172.402070760
172.402070760
172.601035380
172.800000000
173.396893860
172.601035380
173.794823100
172.800000000
171.805176900
172.402070760
172.004141520
173.595858480
172.998964620
172.203106140
173.197929240
172.004141520
172.800000000
172.800000000
172.998964620
172.402070760
172.800000000
173.595858480
172.998964620
172.402070760
171.805176900
172.601035380
172.203106140
173.396893860
173.396893860
173.794823100
172.601035380
173.197929240
172.203106140
173.197929240
50
172.842000312
172.926000936
172.926000936
172.884000624
172.884000624
172.778999844
172.750999636
172.877000572
172.792999948
172.933000988
172.807000052
172.743999584
172.870000520
172.828000208
172.898000728
172.750999636
172.666999012
172.771999792
172.870000520
172.821000156
172.715999376
172.785999896
172.708999324
172.933000988
172.919000884
172.715999376
172.680999116
172.715999376
172.807000052
172.687999168
172.750999636
172.814000104
172.828000208
172.835000260
172.849000364
172.821000156
172.807000052
172.757999688
172.785999896
172.863000468
172.659998960
172.814000104
172.821000156
172.701999272
172.659998960
172.891000676
172.750999636
172.708999324
172.800000000
172.785999896
50
172.940001040
172.877000572
172.771999792
172.729999480
172.680999116
172.659998960
172.863000468
172.778999844
172.800000000
172.828000208
172.673999064
172.715999376
172.926000936
172.933000988
172.870000520
172.715999376
172.757999688
172.891000676
172.722999428
172.828000208
172.912000832
172.715999376
172.701999272
172.694999220
172.877000572
172.680999116
172.912000832
172.673999064
172.856000416
172.933000988
172.800000000
172.835000260
172.828000208
172.912000832
172.828000208
172.680999116
172.835000260
172.849000364
172.701999272
172.912000832
172.694999220
172.877000572
172.800000000
172.821000156
172.722999428
172.814000104
172.708999324
172.764999740
172.877000572
172.814000104
49
173.492287619
171.394221634
173.072674422
173.072674422
172.233448028
173.911900816
173.072674422
170.974608437
172.233448028
172.233448003
171.813834831
173.911900816
172.233448028
173.072674422
172.233448028
171.813834831
173.911900816
173.072674422
170.974608437
173.492287619
173.492287619
171.813834831
173.911900816
172.233448028
173.492287619
171.394221634
171.813834831
172.233448028
173.492287619
170.974608437
174.331514013
172.653061225
171.813834831
174.331514013
173.911900816
171.394221634
172.233448028
172.653061225
173.911900816
171.394221634
173.492287619
172.233448028
173.492287619
172.233448028
173.911900816
170.974608437
173.911900816
171.813834831
172.233448028
49
170.974608437
174.331514013
174.331514013
172.233448028
172.653061225
173.911900816
173.492287619
171.394221634
171.394221634
171.394221634
174.331514013
172.653061225
174.331514013
172.653061200
174.331514013
173.492287619
171.394221634
173.072674422
174.331514013
170.974608437
174.331514013
170.974608437
172.653061225
174.331514013
172.653061225
174.331514013
171.813834831
171.394221634
170.974608437
173.492287619
172.653061225
173.911900816
171.394221634
174.331514013
171.394221634
171.813834831
172.653061225
172.233448028
170.974608437
170.974608437
171.813834831
173.072674422
173.911900816
171.813834831
173.492287619
170.974608437
171.394221634
173.911900816
172.653061225
48
172.500000000
170.695598954
174.304401046
173.402200523
174.304401046
171.597799477
171.597799477
174.304401046
173.402200523
171.597799477
171.597799477
172.500000000
171.597799477
170.695598954
171.597799477
173.402200523
174.304401046
171.597799477
171.597799477
171.597799477
173.402200523
171.597799477
174.304401046
173.402200523
174.304401046
171.597799477
172.500000000
171.597799477
170.695598954
173.402200523
174.304401046
173.402200523
172.500000000
172.500000000
171.597799477
172.500000000
173.402200523
171.597799477
170.695598954
174.304401046
173.402200523
172.500000000
170.695598954
173.402200523
170.695598954
170.695598954
173.402200523
173.402200523
48
172.500000000
173.402200523
171.597799477
172.500000000
171.597799477
172.500000000
170.695598954
173.402200523
170.695598954
174.304401046
170.695598954
172.500000000
172.500000000
170.695598954
171.597799477
174.304401046
173.402200523
170.695598954
174.304401046
170.695598954
174.304401046
173.402200523
173.402200523
174.304401046
171.597799477
170.695598954
173.402200523
172.500000000
171.597799477
174.304401046
170.695598954
172.500000000
174.304401046
171.597799477
173.402200523
172.500000000
173.402200523
174.304401046
170.695598954
173.402200523
171.597799477
172.500000000
173.402200523
174.304401046
170.695598954
170.695598954
174.304401046
171.597799477
31
168.365075463
168.365075463
168.409118087
168.409118087
168.387096775
168.365075463
168.409118087
168.409118087
168.409118087
168.409118087
168.387096775
168.387096775
168.409118087
168.387096775
168.365075463
168.365075463
168.365075463
168.365075463
168.387096775
168.387096775
168.409118087
168.365075463
168.365075463
168.409118087
168.387096775
168.387096775
168.387096775
168.387096775
168.409118087
168.387096750
168.365075463
31
168.387096775
168.387096775
168.409118087
168.365075463
168.409118087
168.409118087
168.387096775
168.365075463
168.365075438
168.409118087
168.365075463
168.409118087
168.365075463
168.387096775
168.409118087
168.387096775
168.409118087
168.365075463
168.409118087
168.387096775
168.387096775
168.387096775
168.365075463
168.409118087
168.365075463
168.365075463
168.387096775
168.387096775
168.365075463
168.409118087
168.387096775
50
177.047227712
179.425097490
175.720075663
171.053411583
175.713874914
178.985013671
170.559010547
173.764594786
179.917583081
179.789181732
179.991471591
178.795435123
179.335062344
179.920725123
179.146827950
179.821006511
177.470569985
179.971224373
179.477536687
179.987409759
179.588611621
179.621140161
175.846396604
110.331707270
176.278315112
179.100855064
177.989072467
178.868600114
168.376065112
142.374601870
170.769481350
176.586394869
173.342517215
168.311968681
179.462748065
174.324776364
177.031139913
175.123159933
179.750466904
179.471703083
88.493904368
174.805557644
179.173255267
177.071009771
172.547802256
171.893137987
173.650352831
169.246944160
178.632113706
176.043859613
50
178.390852005
179.372825454
179.640029351
179.281138409
177.283702025
172.657322960
175.718742152
176.187789230
172.586703545
165.354172079
179.182276594
169.063660422
179.807553137
164.236387612
164.429169431
176.664694168
175.692748773
179.864472944
176.494930142
178.287514200
178.696885970
172.514262735
136.079337110
156.004629340
158.701232827
173.947241674
174.016220124
155.619040474
173.349862561
167.354711554
178.408034471
166.825581173
176.374606219
174.631483707
176.197092530
179.949833740
176.686859771
178.477483905
177.368912699
174.871178619
151.476706589
176.744434587
175.744090672
179.301500835
152.918660969
179.289015903
179.986119096
179.447440579
179.221738529
179.599116405
50
175.449008558
178.776177814
179.586455673
172.050025853
178.805533058
178.141848084
175.790676290
165.216066615
174.605825541
134.174174313
169.075314812
177.796727146
152.128940760
174.143835299
177.800146701
179.908694088
178.941568294
168.029463433
178.223883738
177.644879976
172.787322702
175.525817891
156.431403339
177.983046631
179.193164283
177.886774123
170.742797876
179.338218543
172.189289118
167.461495799
175.319842030
168.277461134
179.658351162
179.474962888
178.669510343
170.591880068
178.356643151
156.028277622
176.905295584
177.357523790
174.936781169
176.980124032
177.576153125
157.459805855
177.654568448
174.867350114
179.632829187
165.956942762
167.641513202
170.825607983
50
177.858102128
157.459805855
177.500282285
176.628431754
178.393204523
179.632829187
171.996341014
178.954111888
175.006489860
167.641513202
166.274616541
178.776177814
179.586455673
170.855558911
178.141848084
175.790676290
165.216066615
174.605825541
134.174174313
169.075314812
177.796727146
160.482614873
173.135352881
178.510973006
174.143835299
177.800146701
178.850262382
168.029463433
178.223883738
177.644879976
172.787322702
151.957221230
177.983046631
177.079938406
172.676119073
178.066678803
179.338218543
172.189289118
167.461495799
175.319842030
168.277461134
179.133314050
178.669510343
170.591880068
178.356643151
156.028277622
174.262819374
174.936781169
176.980124032
179.718050997
50
179.828127934
177.455077204
168.252623312
175.591191648
142.795557926
179.722792869
163.504477428
161.713998738
167.221175281
179.837513862
156.415611779
169.523811084
160.612770129
163.795358214
158.192087260
173.024597722
173.093082800
179.400083535
168.413531439
171.958384539
164.918401295
173.233499060
177.098579164
161.278108962
143.587540005
178.250225061
176.202363606
175.423109809
178.940083109
176.693032290
174.242639494
174.923992454
176.762969186
179.600558470
177.677658535
179.711153713
179.195287137
178.726009673
178.158332652
179.272453859
179.380730510
175.984037984
177.479283100
179.056094338
179.378637617
175.736017380
179.747697439
179.487126749
179.949496508
179.553026138
49
179.319623046
159.745390819
174.094287265
175.649201408
179.051645485
179.978387472
173.590323390
163.970483832
177.743514906
147.661356069
155.460750716
168.615476293
164.295329502
173.619417265
176.954592663
153.122315407
170.124384125
171.663820071
178.080729298
178.260063594
174.759728142
179.393390807
159.039695865
138.656941536
179.896621355
170.249748483
175.593293627
179.755287498
174.064308067
179.733309882
175.217259911
177.262491380
175.415568087
177.023810146
176.401078355
166.906746077
174.355612582
173.958059720
175.810429448
175.645756542
179.674608878
179.073444544
177.969633697
175.371972565
178.397686895
175.734737464
176.552886411
178.492316835
178.592482575
50
170.798465450
167.413255507
166.028336084
159.629114936
179.759992284
178.249613508
176.010339337
179.730000644
178.962230438
179.317943400
179.816562205
179.776028444
164.873525772
175.299186982
170.585164701
175.186395296
178.694871573
175.560576007
168.302231697
178.385040996
172.493488562
179.013416637
173.837443826
142.305677709
162.406493357
171.097390322
179.979811991
178.442159913
163.800308017
178.451554494
170.723386917
171.709139478
161.537081323
164.075191970
163.239323000
179.767658925
172.881373634
177.875152593
178.602940635
178.600996957
174.986469627
177.952772522
179.855809286
179.898857212
179.819208014
179.180756869
176.784627698
161.754879946
157.414728433
169.133024872
49
179.927374867
179.891407044
177.899861409
179.424552374
177.602765131
164.873525772
175.299186982
178.233244475
172.351920226
177.987086690
178.710241221
178.165390508
179.018548450
179.414617150
175.489927472
173.761786500
173.581517578
172.493488562
179.278753686
179.734662951
175.717238519
178.120205307
146.918030804
175.387646905
162.406493357
174.149438929
175.369923297
163.800308017
178.451554494
162.432526395
161.537081323
164.075191970
163.239323000
172.106697953
178.417487199
178.602940635
178.600996957
174.986469627
177.808581808
178.898822095
175.302294040
163.237213604
157.414728433
169.133024872
170.798465450
168.678927248
178.734328259
145.417443304
177.116757151
49
179.463600045
179.971350404
174.617293046
178.114968426
161.816721416
173.915056593
141.922268373
178.883836791
179.662538596
178.736685477
156.365999659
148.063106261
154.012646944
166.425668206
176.984857063
178.456690523
166.840678793
177.156652241
177.985929226
137.454626786
166.423350963
127.026921152
178.773054478
178.140499834
178.706546396
179.881342128
179.331035389
179.605102080
179.827714295
179.961105563
179.074508529
175.966732499
179.992020946
179.129045878
177.137471539
179.219067388
173.170154666
165.194657021
158.899918391
179.944540852
179.929170721
179.980090537
179.999909895
179.916214038
179.986408455
179.982546884
179.572660167
179.898152115
178.478882332
50
179.313479219
178.329094929
179.971093039
179.800189559
179.504032965
179.468536828
179.715855801
179.948467162
144.094575412
179.666593164
179.543100500
177.942482377
178.128501615
176.460141835
172.826460113
177.972434335
176.000068151
179.879833921
173.252893322
175.383423436
176.382083800
153.751142910
172.173154394
178.147520426
178.844890130
178.438170734
150.739510249
175.954880826
162.955661102
172.020350241
125.479245031
179.337931613
179.847834233
178.672752043
177.284063578
137.454626786
170.993337535
175.481619724
160.876561676
146.098753180
179.483821330
179.302765991
179.919317444
177.000533053
177.433122504
179.344484097
172.261202523
179.367925954
178.823313600
178.928165610
49
172.495929944
178.708264322
165.066356953
176.856141965
178.547565634
175.382596333
176.739019209
179.463988328
166.727616841
179.166217301
178.079275505
178.039922096
176.239802758
177.466948049
177.329806921
178.677117282
176.531607914
175.831217831
153.659313431
116.727077870
127.654130114
169.848674497
162.373479955
172.333280364
175.630231656
178.308773957
176.361600472
177.876896139
178.050032634
178.174348467
173.953110841
176.043944259
157.295968397
179.015152592
176.536527772
178.189166755
178.743811598
175.948203601
169.523627093
173.116311027
177.623661355
179.856912170
175.035953354
175.050209580
179.516512231
171.186426233
174.285225246
179.454302462
175.277738692
50
166.014907591
169.129634406
177.590099476
174.489721871
173.050064810
169.878170030
170.522564437
176.387334718
155.219002286
137.799615166
141.038611808
178.098106350
172.149741236
177.243074424
177.422289299
177.873168394
179.299077526
140.107195587
164.589925857
142.221410162
179.200850254
175.956387779
177.856568390
178.289292318
179.272840453
179.489483598
179.712483978
179.929463521
178.597508523
177.965944355
179.825464893
177.096226141
176.790792918
179.284793566
172.675169791
176.565349629
179.244550216
179.228909400
177.928803644
179.803753844
176.935718114
176.499515614
179.907539608
179.007991573
179.401103435
179.073037691
176.769888549
176.942973897
178.401724422
152.222154452
49
159.869963772
179.518199150
179.600724531
174.309780939
179.512833340
179.741810957
173.512761251
168.268121810
173.287797512
150.112683023
157.713939481
161.883085339
175.051018778
171.891403357
164.628055127
174.006436272
148.319489965
177.830211589
162.768288796
178.061887591
176.207853046
177.716487793
168.870047392
176.959437201
175.090285299
174.771816223
160.585571398
179.616930565
174.677982849
179.304318152
167.870372813
172.522985789
165.175908738
179.826260080
177.653784624
179.660196825
179.079871565
179.996866479
179.868329438
179.999125003
179.823985489
179.979332216
179.883603100
179.841049729
160.889040171
176.729161418
176.993462123
168.929520500
161.587921402
50
179.695787163
174.309780939
179.512833340
173.254572208
168.268121810
173.287797512
150.112683023
157.713939481
161.883085339
175.051018778
172.616335808
179.275067549
164.628055127
177.603633961
176.402802311
148.319489965
179.757228353
178.072983236
179.288137927
163.480150869
176.472397644
177.797342993
178.360229425
179.356258368
168.870047392
176.959437201
175.090285299
179.340495509
175.431320714
160.585571398
179.616930565
174.677982849
179.837964085
179.731996596
179.734357471
167.870372813
172.522985789
173.547802379
171.628106359
177.480044704
178.428374799
179.703985045
160.889040171
176.729161418
176.993462123
154.691698998
177.417452384
178.408290520
159.869963772
179.423136518
50
179.022716154
179.766166939
179.022716154
179.766166939
179.022716154
179.766166939
179.022716154
179.766166939
179.022716154
179.766166939
179.022716154
179.766166939
179.022716154
179.766166939
179.022716154
179.766166939
179.022716154
179.766166939
179.022716154
179.766166939
179.022716154
179.766166939
179.022716154
179.766166939
179.022716154
179.766166939
179.022716154
179.766166939
179.022716154
179.766166939
14.533402884
14.533402884
179.022716154
179.766166939
179.022716154
179.766166939
179.022716154
179.766166939
179.022716154
179.766166939
179.022716154
179.766166939
179.022716154
179.766166939
179.022716154
179.766166939
179.022716154
179.766166939
179.022716154
179.766166939
50
179.022716154
179.766166939
179.022716154
179.766166939
179.022716154
179.766166939
179.022716154
179.766166939
179.022716154
179.766166939
179.022716154
179.766166939
179.022716154
179.766166939
179.022716154
179.766166939
179.022716154
179.766166939
14.533402884
14.533402884
179.022716154
179.766166939
179.022716154
179.766166939
179.022716154
179.766166939
179.022716154
179.766166939
179.022716154
179.766166939
179.022716154
179.766166939
179.022716154
179.766166939
179.022716154
179.766166939
179.022716154
179.766166939
179.022716154
179.766166939
179.022716154
179.766166939
179.022716154
179.766166939
179.022716154
179.766166939
179.022716154
179.766166939
179.022716154
179.766166939
50
179.022716154
179.766166939
179.022716154
179.766166939
179.022716154
179.766166939
179.022716154
179.766166939
179.022716154
179.766166939
179.022716154
179.766166939
179.022716154
179.766166939
179.022716154
179.766166939
179.022716154
179.766166939
179.022716154
179.766166939
179.022716154
179.766166939
179.022716154
179.766166939
179.022716154
179.766166939
179.022716154
179.766166939
179.022716154
179.766166939
179.022716154
179.766166939
179.022716154
179.766166939
179.022716154
179.766166939
179.022716154
179.766166939
179.022716154
179.766166939
179.022716154
179.766166939
14.533402884
14.533402884
179.022716154
179.766166939
179.022716154
179.766166939
179.022716154
179.766166939
50
179.022716154
179.766166939
179.022716154
14.533402884
14.533402884
179.766166939
179.022716154
179.766166939
179.022716154
179.766166939
179.022716154
179.766166939
179.022716154
179.766166939
179.022716154
179.766166939
179.022716154
179.766166939
179.022716154
179.766166939
179.022716154
179.766166939
179.022716154
179.766166939
179.022716154
179.766166939
179.022716154
179.766166939
179.022716154
179.766166939
179.022716154
179.766166939
179.022716154
179.766166939
179.022716154
179.766166939
179.022716154
179.766166939
179.022716154
179.766166939
179.022716154
179.766166939
179.022716154
179.766166939
179.022716154
179.766166939
179.022716154
179.766166939
179.022716154
179.766166939
50
179.022716154
179.766166939
179.766166939
179.766166939
179.766166939
179.022716154
179.022716154
179.022716154
179.022716154
179.766166939
179.766166939
179.766166939
179.766166939
179.022716154
179.022716154
179.022716154
179.022716154
179.766166939
179.766166939
179.766166939
179.766166939
179.022716154
179.022716154
179.022716154
179.022716154
179.766166939
179.766166939
179.766166939
179.766166939
179.022716154
179.022716154
179.022716154
179.022716154
14.533402884
14.533402884
179.766166939
179.766166939
179.766166939
179.766166939
179.022716154
179.022716154
179.022716154
179.022716154
179.766166939
179.766166939
179.766166939
179.766166939
179.022716154
179.022716154
179.022716154
50
179.022716154
179.022716154
14.533402884
14.533402884
179.766166939
179.766166939
179.766166939
179.766166939
179.022716154
179.022716154
179.022716154
179.022716154
179.766166939
179.766166939
179.766166939
179.766166939
179.022716154
179.022716154
179.022716154
179.022716154
179.766166939
179.766166939
179.766166939
179.766166939
179.022716154
179.022716154
179.022716154
179.022716154
179.766166939
179.766166939
179.766166939
179.766166939
179.022716154
179.022716154
179.022716154
179.022716154
179.766166939
179.766166939
179.766166939
179.766166939
179.022716154
179.022716154
179.022716154
179.022716154
179.766166939
179.766166939
179.766166939
179.766166939
179.022716154
179.022716154
50
179.022716154
179.022716154
179.022716154
179.766166939
179.766166939
179.766166939
179.766166939
179.022716154
179.022716154
13.046501314
13.046501314
179.766166939
179.766166939
179.766166939
179.766166939
179.022716154
179.022716154
179.022716154
179.766166939
179.766166939
179.766166939
179.766166939
179.022716154
179.022716154
179.022716154
179.766166939
179.766166939
179.766166939
179.766166939
179.022716154
179.022716154
179.022716154
179.766166939
179.766166939
179.766166939
179.766166939
179.022716154
179.022716154
179.022716154
179.766166939
179.766166939
179.766166939
179.766166939
179.022716154
179.022716154
179.022716154
179.766166939
179.766166939
179.766166939
179.766166939
50
179.022716154
179.022716154
179.766166939
179.766166939
179.766166939
179.766166939
179.022716154
179.022716154
179.022716154
179.766166939
179.766166939
179.766166939
179.766166939
179.022716154
179.022716154
179.022716154
179.766166939
179.766166939
179.766166939
179.766166939
179.022716154
179.022716154
179.022716154
179.766166939
179.766166939
179.766166939
179.766166939
179.022716154
179.022716154
13.046501314
13.046501314
179.766166939
179.766166939
179.766166939
179.766166939
179.022716154
179.022716154
179.022716154
179.766166939
179.766166939
179.766166939
179.766166939
179.022716154
179.022716154
179.022716154
179.766166939
179.766166939
179.766166939
179.766166939
179.022716154
50
179.766166939
179.022716154
179.022716154
179.766166939
179.766166939
179.766166939
179.766166939
179.022716154
179.022716154
179.766166939
179.766166939
179.766166939
179.766166939
179.022716154
179.022716154
179.766166939
179.766166939
179.766166939
179.766166939
179.022716154
179.022716154
11.559599744
11.559599744
179.766166939
179.766166939
179.766166939
179.766166939
179.022716154
179.022716154
179.766166939
179.766166939
179.766166939
179.766166939
179.022716154
179.022716154
179.766166939
179.766166939
179.766166939
179.766166939
179.022716154
179.022716154
179.766166939
179.766166939
179.766166939
179.766166939
179.022716154
179.022716154
179.766166939
179.766166939
179.766166939
50
179.766166939
179.022716154
179.022716154
179.766166939
179.766166939
179.766166939
179.766166939
179.022716154
179.022716154
179.766166939
179.766166939
179.766166939
179.766166939
179.022716154
179.022716154
179.766166939
179.766166939
179.766166939
179.766166939
179.022716154
179.022716154
11.559599744
11.559599744
179.766166939
179.766166939
179.766166939
179.766166939
179.022716154
179.022716154
179.766166939
179.766166939
179.766166939
179.766166939
179.022716154
179.022716154
179.766166939
179.766166939
179.766166939
179.766166939
179.022716154
179.022716154
179.766166939
179.766166939
179.766166939
179.766166939
179.022716154
179.022716154
179.766166939
179.766166939
179.766166939
50
179.766166939
179.022716154
179.766166939
179.766166939
179.766166939
179.766166939
179.022716154
179.766166939
179.766166939
179.766166939
179.766166939
179.022716154
179.766166939
179.766166939
179.766166939
179.766166939
179.022716154
179.766166939
179.766166939
179.766166939
8.957521997
8.957521996
179.766166939
179.766166939
179.766166939
179.766166939
179.022716154
179.766166939
179.766166939
179.766166939
179.766166939
179.022716154
179.766166939
179.766166939
179.766166939
179.766166939
179.022716154
179.766166939
179.766166939
179.766166939
179.766166939
179.022716154
179.766166939
179.766166939
179.766166939
179.766166939
179.022716154
179.766166939
179.766166939
179.766166939
50
179.022716154
179.766166939
179.766166939
179.766166939
179.766166939
179.022716154
179.766166939
179.766166939
179.766166939
179.766166939
179.022716154
179.766166939
179.766166939
179.766166939
179.766166939
179.022716154
179.766166939
179.766166939
179.766166939
179.766166939
179.022716154
179.766166939
179.766166939
179.766166939
8.957521997
8.957521996
179.766166939
179.766166939
179.766166939
179.766166939
179.022716154
179.766166939
179.766166939
179.766166939
179.766166939
179.022716154
179.766166939
179.766166939
179.766166939
179.766166939
179.022716154
179.766166939
179.766166939
179.766166939
179.766166939
179.022716154
179.766166939
179.766166939
179.766166939
179.766166939
50
179.409589857
179.662591249
179.861563903
179.409589857
179.662591249
179.861563903
179.409589857
179.662591249
179.861563903
179.409589857
179.662591249
179.861563903
179.409589857
179.662591249
179.861563903
179.409589857
179.662591249
179.861563903
179.409589857
179.662591249
179.861563903
179.409589857
179.662591249
179.861563903
179.409589857
179.662591249
179.861563903
179.409589857
179.662591249
179.861563903
179.409589857
179.662591249
179.861563903
8.530039928
8.530039928
179.409589857
179.662591249
179.861563903
179.409589857
179.662591249
179.861563903
179.409589857
179.662591249
179.861563903
179.409589857
179.662591249
179.861563903
179.409589857
179.662591249
179.861563903
50
179.861563903
179.409589857
179.662591249
179.861563903
179.409589857
179.662591249
179.861563903
179.409589857
179.662591249
179.861563903
179.409589857
179.662591249
179.861563903
179.409589857
179.662591249
179.861563903
179.409589857
179.662591249
179.861563903
179.409589857
179.662591249
179.861563903
179.409589857
179.662591249
179.861563903
179.409589857
179.662591249
179.861563903
179.409589857
179.662591249
179.861563903
8.530039928
8.530039928
179.409589857
179.662591249
179.861563903
179.409589857
179.662591249
179.861563903
179.409589857
179.662591249
179.861563903
179.409589857
179.662591249
179.861563903
179.409589857
179.662591249
179.861563903
179.409589857
179.662591249
50
179.861563903
179.409589857
179.662591249
179.861563903
179.409589857
179.662591249
179.861563903
179.409589857
179.662591249
179.861563903
8.530039928
8.530039928
179.409589857
179.662591249
179.861563903
179.409589857
179.662591249
179.861563903
179.409589857
179.662591249
179.861563903
179.409589857
179.662591249
179.861563903
179.409589857
179.662591249
179.861563903
179.409589857
179.662591249
179.861563903
179.409589857
179.662591249
179.861563903
179.409589857
179.662591249
179.861563903
179.409589857
179.662591249
179.861563903
179.409589857
179.662591249
179.861563903
179.409589857
179.662591249
179.861563903
179.409589857
179.662591249
179.861563903
179.409589857
179.662591249
50
179.409589857
179.662591249
179.861563903
179.409589857
8.530039928
8.530039928
179.662591249
179.861563903
179.409589857
179.662591249
179.861563903
179.409589857
179.662591249
179.861563903
179.409589857
179.662591249
179.861563903
179.409589857
179.662591249
179.861563903
179.409589857
179.662591249
179.861563903
179.409589857
179.662591249
179.861563903
179.409589857
179.662591249
179.861563903
179.409589857
179.662591249
179.861563903
179.409589857
179.662591249
179.861563903
179.409589857
179.662591249
179.861563903
179.409589857
179.662591249
179.861563903
179.409589857
179.662591249
179.861563903
179.409589857
179.662591249
179.861563903
179.409589857
179.662591249
179.861563903
50
179.662591249
179.861563903
179.409589857
179.409589857
179.662591249
179.861563903
179.662591249
179.861563903
179.409589857
179.409589857
179.662591249
179.861563903
179.662591249
179.861563903
179.409589857
179.409589857
179.662591249
179.861563903
179.662591249
179.861563903
179.409589857
179.409589857
179.662591249
179.861563903
179.662591249
179.861563903
179.409589857
179.409589857
179.662591249
179.861563903
179.662591249
179.861563903
179.409589857
179.409589857
179.662591249
179.861563903
179.662591249
179.861563903
8.530039928
8.530039928
179.409589857
179.409589857
179.662591249
179.861563903
179.662591249
179.861563903
179.409589857
179.409589857
179.662591249
179.861563903
50
179.662591249
179.861563903
179.861563903
179.409589857
179.409589857
179.662591249
179.662591249
179.861563903
179.861563903
8.530039928
8.530039928
179.409589857
179.409589857
179.662591249
179.662591249
179.861563903
179.861563903
179.409589857
179.409589857
179.662591249
179.662591249
179.861563903
179.861563903
179.409589857
179.409589857
179.662591249
179.662591249
179.861563903
179.861563903
179.409589857
179.409589857
179.662591249
179.662591249
179.861563903
179.861563903
179.409589857
179.409589857
179.662591249
179.662591249
179.861563903
179.861563903
179.409589857
179.409589857
179.662591249
179.662591249
179.861563903
179.861563903
179.409589857
179.409589857
179.662591249
11
179.409589857
179.662591249
179.861563903
1.599382487
1.599382486
179.409589857
179.662591249
179.861563903
179.409589857
179.662591249
179.861563903
50
179.409589857
179.662591249
179.861563903
179.409589857
179.662591249
179.861563903
179.409589857
179.662591249
179.861563903
179.409589857
179.662591249
179.861563903
179.409589857
179.662591249
179.861563903
179.409589857
179.662591249
179.861563903
8.530039928
8.530039928
179.409589857
179.662591249
179.861563903
179.409589857
179.662591249
179.861563903
179.409589857
179.662591249
179.861563903
179.409589857
179.662591249
179.861563903
179.409589857
179.662591249
179.861563903
179.409589857
179.662591249
179.861563903
179.409589857
179.662591249
179.861563903
179.409589857
179.662591249
179.861563903
179.409589857
179.662591249
179.861563903
179.409589857
179.662591249
179.861563903
50
179.861563903
8.530039928
8.530039928
179.409589857
179.662591249
179.861563903
179.409589857
179.662591249
179.861563903
179.409589857
179.662591249
179.861563903
179.409589857
179.662591249
179.861563903
179.409589857
179.662591249
179.861563903
179.409589857
179.662591249
179.861563903
179.409589857
179.662591249
179.861563903
179.409589857
179.662591249
179.861563903
179.409589857
179.662591249
179.861563903
179.409589857
179.662591249
179.861563903
179.409589857
179.662591249
179.861563903
179.409589857
179.662591249
179.861563903
179.409589857
179.662591249
179.861563903
179.409589857
179.662591249
179.861563903
179.409589857
179.662591249
179.861563903
179.409589857
179.662591249
11
179.409589857
179.662591249
179.861563903
1.599382487
1.599382486
179.409589857
179.662591249
179.861563903
179.409589857
179.662591249
179.861563903
3
0.000000001
179.999999998
0.000000001
3
0.000000001
179.999999998
0.000000001
3
0.000000001
0.000000001
179.999999998
3
179.999999997
0.000000002
0.000000001
50
165.203403486
161.279681038
179.190885244
166.366817251
179.545543589
167.813462888
159.464357076
179.697004859
169.479282004
167.300467277
177.825978438
165.466737877
160.231550825
155.174507958
173.937081261
175.995533836
179.699390385
176.195215583
170.744006712
177.488383449
177.609629350
173.116343106
166.215078198
177.142033946
178.759883874
168.909248160
178.871290610
173.129568964
169.505854889
179.653639144
175.483054368
164.621358813
176.658762915
167.651864395
176.734061791
175.409497309
176.349413250
176.810546004
170.250340790
179.102008742
178.575130207
162.705466728
179.323852856
178.971768813
178.414433055
177.527137281
175.971347090
178.786284328
170.406022245
169.235787743
50
177.260093181
164.842223842
162.286980623
175.689774094
156.052246986
178.746708717
166.103278976
177.686262526
179.359194725
179.114638900
167.017969280
176.151598835
172.095395124
178.510473426
170.604767322
178.180773135
171.061663484
173.722739435
179.647154664
174.552313670
179.679259260
175.732145846
175.223731184
177.307299101
175.858262351
173.802677469
178.741943590
175.945781976
171.947669550
167.247046068
168.412541501
171.950714937
169.145796033
179.208154520
178.003054393
161.680596753
177.310859016
177.890636370
177.595786858
167.856472200
164.430189757
179.227666526
179.990782911
168.075524748
152.217936033
176.092553924
161.023636401
174.656559262
167.627100135
177.431370382
50
178.586298927
177.783010973
169.937347938
175.598990116
169.938101248
178.941094780
166.804361022
179.315051288
173.204005292
170.628467092
179.760839717
179.516251192
172.109496558
167.032679469
179.906594458
161.597722069
155.031345073
175.682163903
165.186714994
174.845501181
168.357111429
171.646274311
172.900513943
176.955610424
172.722629080
174.246404454
177.156150335
179.581772631
179.960622240
177.605420146
173.116774395
173.927917352
162.553367121
174.517138838
177.783380435
178.980062633
175.335280521
166.935079704
174.023494842
169.003269722
172.614263681
174.994912827
170.364024901
165.636113885
174.557116194
177.143651544
160.600706472
159.200781076
176.454659870
179.719457704
50
147.030692928
179.096935217
179.479649244
178.525184016
174.703386888
175.051464348
172.253186392
167.708050733
177.344731594
172.808791883
176.353924898
177.074456921
169.452338194
177.042912833
163.730562561
177.176594814
179.469074290
169.896506313
174.802798046
177.261635622
178.878061533
174.906543678
155.872717242
179.002054958
168.833294104
178.751586891
161.907826193
176.417408516
178.655224312
178.656533614
173.545653156
175.750567534
178.475370941
162.301903641
179.374745832
176.041437319
178.736644488
166.546392618
174.158685177
177.132899145
159.121627357
175.842210557
176.428817542
164.154788060
176.816504220
177.820867338
162.545321881
166.314329350
162.162731124
178.584373944
0
