32646
1230
14094
10362
7156
8274
4054
34726
408
4442
19782
13758
64426
9256
30486
31878
6742
7916
1326
13478
38
258
30720
125998
178632
68
140
2048
60020
71956
40
102
806
3516
27948
30
166
244
1224
4100
1606
29142
68060
129340
283484
664
12056
29544
71310
154048
140
2456
8718
12608
63752
62
408
1674
9590
12960
28304
52894
179968
211080
365722
4082
44866
91506
160982
221768
2104
6914
32388
141124
121152
724
2034
7578
19174
33500
34798
100578
179080
323380
372322
6380
85890
102746
286956
316390
11960
26910
118952
139446
276590
7780
10922
26540
87142
123032
