2 2
37 31 41 0 34 3
53 60 42 53 41 42
3 2
29 54 60 36 33 60
28 28 27 27 28 27
34 33 31 32 35 34
3 3
21 47 26 49 33 37
20 21 21 20 21 21
29 40 35 6 21 34
4 2
13 13 11 12 14 12
52 39 60 47 44 49
45 32 24 39 34 28
28 60 60 29 37 32
4 4
14 11 20 32 36 23
21 20 20 21 20 21
4 5 4 4 4 4
28 22 38 37 33 23
2 2
35 35 35 36 36 36
47 50 52 54 50 50
3 2
45 45 45 45 44 45
22 22 22 22 21 22
16 6 9 27 9 16
3 3
1 0 5 2 1 4
52 53 52 51 52 52
19 18 19 19 19 19
4 2
40 40 40 40 40 40
60 60 60 59 60 60
43 43 43 44 43 44
55 56 56 55 55 56
4 4
40 40 40 42 43 49
47 48 50 47 46 47
46 51 47 48 58 54
30 29 29 29 30 30
2 2
37 36 53 35 40 56
9 21 25 22 23 53
3 2
19 31 54 32 2 12
27 24 49 25 21 19
56 54 29 44 45 27
3 3
60 53 51 56 60 49
49 34 53 52 35 25
60 43 54 46 60 59
4 2
58 15 12 60 32 8
36 60 60 31 39 60
44 53 52 60 58 31
39 25 4 4 51 33
4 4
15 0 15 4 29 43
50 60 26 17 60 55
32 36 45 46 60 38
0 8 2 40 19 38
2 2
0 4 13 10 0 4
39 38 39 17 35 33
3 2
0 6 21 4 0 0
0 12 20 20 0 21
39 44 42 42 38 39
3 3
60 33 54 57 37 49
40 55 50 29 35 35
14 5 16 7 16 2
4 2
30 38 32 42 40 40
6 4 13 11 18 9
56 48 44 57 52 55
48 49 50 49 45 50
4 4
34 36 33 41 37 42
60 46 43 37 43 46
35 20 0 4 14 27
60 50 56 47 58 55
60 8
60 59 60 59 59 59
7 23 22 20 10 16
18 42 34 10 45 44
20 34 28 14 21 17
11 0 37 0 22 14
57 41 60 35 45 51
44 38 60 56 56 42
15 0 0 27 1 6
23 22 22 23 23 22
42 49 57 47 42 50
12 17 16 11 12 20
25 25 25 25 25 25
37 0 6 8 2 0
50 49 50 49 49 49
60 45 41 60 56 60
21 21 22 22 21 24
52 54 60 60 51 60
31 60 27 57 16 60
2 3 1 0 3 0
28 28 27 26 28 26
27 12 0 24 23 6
0 15 0 8 11 0
57 52 32 31 56 45
46 42 45 39 46 46
15 30 33 20 27 29
15 12 20 10 7 18
0 30 0 21 0 31
52 24 31 60 60 60
44 36 18 28 0 33
12 11 15 15 8 7
8 10 10 9 7 10
58 50 51 60 60 50
44 30 60 60 60 40
20 28 40 43 28 22
8 8 8 8 8 8
43 41 42 43 42 42
45 57 52 41 33 12
22 24 25 25 25 25
27 9 25 9 0 19
0 0 19 19 14 3
25 14 26 29 17 14
60 60 42 38 56 60
44 60 60 48 60 60
4 4 4 4 5 5
35 53 7 28 40 36
26 60 60 60 36 46
42 46 45 56 49 50
46 21 11 0 20 27
0 56 25 0 31 13
14 22 0 0 11 22
60 7 35 17 55 22
31 27 36 5 0 0
21 22 23 14 27 16
43 43 43 43 43 43
13 12 19 17 13 19
55 55 55 54 55 55
26 8 49 0 22 7
0 0 0 2 14 36
57 57 57 59 57 58
51 52 52 51 51 51
60 17
23 6 32 13 1 25
34 18 15 41 19 33
34 33 29 60 52 28
3 5 5 8 3 5
26 33 18 6 24 54
17 51 11 17 21 49
28 33 35 25 22 32
3 2 2 3 2 2
60 42 60 46 54 49
1 27 0 0 23 6
34 60 60 60 27 36
0 22 27 3 19 6
42 53 47 45 46 44
17 17 17 17 17 18
37 21 48 43 45 60
28 19 37 15 35 22
27 27 26 26 27 26
49 49 50 50 49 50
15 16 17 10 8 11
37 34 35 36 37 36
20 12 8 21 0 10
6 0 8 4 37 29
52 5 21 42 37 3
53 54 53 54 53 53
28 27 28 27 28 27
47 46 46 46 46 46
46 47 47 47 46 46
18 19 6 18 6 19
60 60 34 32 36 60
15 21 3 0 10 2
58 59 59 59 58 59
35 35 35 36 35 34
18 18 0 3 22 14
30 30 32 31 27 31
34 33 9 25 5 0
0 34 19 24 0 42
60 60 33 55 60 51
23 24 23 24 24 24
55 40 60 31 56 59
50 50 50 50 50 50
2 0 0 3 0 7
34 35 36 36 35 36
40 36 39 39 46 23
14 40 51 30 0 20
51 25 23 37 52 12
17 43 13 30 7 28
6 17 24 7 21 19
10 10 9 10 10 10
22 47 32 24 0 1
26 31 60 60 60 60
18 18 20 20 19 18
37 38 60 35 48 60
55 58 56 56 59 58
0 14 0 0 2 21
60 36 39 60 52 34
13 25 11 21 43 17
27 33 23 58 41 42
60 50 45 60 38 41
49 59 60 47 60 50
49 28 57 45 51 37
60 36
53 53 53 53 52 53
25 12 30 8 10 7
28 30 33 28 27 34
42 28 15 32 1 14
4 3 3 4 4 4
0 10 34 0 0 0
25 12 10 33 3 7
23 4 7 14 17 4
41 40 42 40 37 38
51 60 55 58 52 49
60 32 33 42 60 60
32 49 24 38 48 1
0 0 7 37 0 0
14 0 20 11 12 16
42 60 41 27 33 49
43 39 37 46 37 44
19 29 30 0 17 10
45 46 60 60 38 39
48 49 48 49 49 48
48 39 60 60 41 50
0 17 13 2 0 0
52 53 52 53 53 53
43 39 41 60 44 60
33 43 60 50 54 29
38 25 11 7 37 19
49 53 53 60 60 50
26 26 26 27 26 26
40 41 49 35 43 28
37 51 42 34 39 34
60 52 55 37 47 26
48 53 52 49 43 48
27 27 27 27 26 27
35 52 31 58 50 20
23 14 10 5 51 23
34 60 54 32 52 60
20 5 0 2 0 15
43 44 10 27 36 10
59 5 20 51 11 25
55 19 15 47 55 9
43 40 42 41 43 41
10 11 7 6 8 6
26 26 25 24 25 26
59 59 59 59 60 58
60 51 54 50 35 60
0 9 40 29 27 20
58 56 60 58 60 57
28 35 36 34 35 22
31 31 32 32 32 32
60 58 48 43 49 46
60 56 35 60 60 43
22 21 28 23 24 25
0 20 0 20 0 10
55 54 56 54 54 54
6 15 0 33 33 34
23 34 28 44 18 41
31 26 31 19 18 26
40 39 40 39 39 40
15 17 36 45 43 17
41 5 36 16 38 25
14 21 19 21 31 14
60 55
31 44 60 60 42 22
40 24 16 17 35 33
34 0 28 32 19 20
31 31 33 33 31 32
54 60 38 52 38 46
60 25 49 60 60 60
31 5 17 39 13 26
37 60 22 23 30 33
27 35 55 30 16 55
47 49 49 52 48 47
13 14 13 13 13 12
42 21 44 53 7 27
60 56 46 60 44 50
29 28 31 31 33 30
6 17 0 13 0 14
51 58 13 59 55 47
17 0 1 13 12 0
41 22 42 23 56 44
48 54 53 47 46 48
8 5 9 5 6 8
27 8 32 13 23 26
16 15 20 18 19 20
50 1 3 0 7 2
57 57 57 58 57 56
24 13 47 43 22 38
42 48 43 60 46 60
45 17 58 37 54 60
36 34 33 60 53 29
23 19 30 54 8 28
33 29 31 32 20 30
30 15 15 23 30 17
23 12 16 13 12 22
3 15 2 0 4 0
45 56 55 52 54 50
54 60 49 60 60 60
35 35 37 35 39 35
31 31 32 31 32 30
25 0 28 30 12 0
37 60 53 59 25 25
0 4 21 2 31 37
42 42 41 42 41 41
16 19 22 22 16 15
22 23 20 26 25 23
25 24 25 24 25 24
49 60 55 60 60 50
26 27 27 26 27 27
60 55 35 26 60 29
26 9 8 14 16 2
0 13 0 0 22 6
0 18 19 0 0 7
14 13 14 14 14 14
57 55 53 56 54 57
19 20 20 19 19 19
40 41 40 40 40 40
46 46 46 46 46 47
56 60 11 26 35 51
31 0 0 0 14 27
39 39 45 41 38 41
8 14 16 0 0 0
31 51 31 27 36 33
60 60
59 7 4 49 16 26
58 57 56 58 55 55
35 35 35 35 35 35
0 0 28 24 23 0
21 38 21 41 49 15
60 54 58 55 55 54
38 36 55 45 22 32
41 16 33 19 43 34
35 33 46 27 45 56
59 58 60 59 60 59
28 26 30 27 29 29
50 19 20 48 27 23
23 24 23 23 23 23
20 26 48 17 10 29
11 34 0 22 31 0
28 15 54 24 13 38
10 10 10 10 10 10
35 33 36 34 33 33
0 8 5 0 9 4
59 60 52 60 55 54
24 17 24 19 10 21
36 55 39 49 45 47
25 22 22 23 13 16
3 26 11 33 15 3
0 0 0 7 17 4
3 0 15 18 0 17
20 44 39 60 60 56
43 43 43 44 43 44
46 60 40 60 59 53
53 53 53 54 53 54
0 15 0 29 0 20
0 25 0 0 16 21
15 17 15 15 19 15
16 7 0 24 20 39
60 32 60 42 60 26
59 55 24 33 15 60
46 60 60 60 60 52
34 50 42 28 40 35
0 7 17 26 0 22
46 50 47 49 54 43
3 26 6 8 16 11
46 47 47 48 50 48
56 0 48 25 34 18
0 0 14 3 19 19
29 31 30 38 30 26
19 24 19 6 3 24
7 33 55 44 41 35
35 32 42 59 51 31
43 42 42 42 42 43
57 58 58 58 58 58
58 59 56 60 57 47
23 46 32 57 38 60
8 7 7 6 7 7
31 37 40 38 34 32
60 32 47 42 39 59
27 33 8 37 37 11
22 26 51 21 27 11
48 54 60 53 53 56
12 15 15 22 17 11
7 12 9 9 13 6
60 14
20 38 24 15 21 11
60 50 51 60 43 60
13 12 12 12 13 12
50 51 41 47 49 42
4 6 4 5 6 3
51 52 52 51 51 51
48 49 49 49 49 50
36 37 36 37 36 36
27 27 27 27 27 27
40 41 41 41 41 39
27 8 16 31 10 0
42 43 39 41 43 41
48 47 48 47 47 47
3 3 3 4 3 4
50 49 50 49 49 50
23 23 23 23 23 22
50 41 37 41 37 41
5 1 0 6 11 0
27 25 25 27 26 26
40 33 24 45 39 30
60 35 21 50 29 60
41 41 40 40 40 41
28 30 31 30 28 28
55 49 25 60 59 53
36 38 42 39 41 42
46 53 60 60 60 44
29 28 33 28 26 26
0 8 0 0 9 11
19 19 9 9 17 13
4 3 4 4 3 3
31 18 27 29 20 35
9 0 6 18 6 5
60 60 60 60 60 60
30 29 32 27 29 32
43 47 42 47 41 41
23 21 13 29 17 18
51 50 50 50 52 52
11 18 9 25 11 24
15 22 24 20 20 19
44 41 41 42 42 43
48 45 48 46 46 48
48 49 17 49 43 43
35 34 35 38 37 33
38 42 32 39 54 40
45 56 49 48 47 54
35 36 35 35 35 35
3 5 2 2 1 4
2 2 2 1 2 2
22 21 22 22 22 22
56 55 56 55 55 55
33 60 29 48 43 53
6 7 6 6 7 7
54 54 54 54 54 54
36 28 28 26 22 30
48 46 48 49 48 47
30 31 31 30 30 31
15 15 15 15 15 15
1 3 1 3 2 0
16 17 7 5 12 6
14 14 14 14 15 15
60 18
42 46 22 44 35 37
11 16 21 28 18 35
10 9 10 10 10 10
53 56 52 55 56 56
12 0 6 20 25 12
10 8 8 8 9 8
53 53 52 53 53 53
8 1 19 3 22 0
54 49 44 46 48 49
19 18 19 18 19 19
33 0 13 0 7 21
25 32 21 20 19 22
56 57 56 56 56 57
20 19 18 18 18 19
42 35 43 58 35 31
1 12 0 7 9 12
11 12 11 11 11 12
56 56 58 56 55 56
36 2 4 42 32 41
32 30 30 30 29 32
16 16 16 15 16 16
15 17 18 18 19 16
39 38 37 38 38 38
38 13 18 31 38 18
49 50 37 48 42 43
2 2 2 3 2 1
29 30 44 41 19 40
40 36 37 39 39 37
51 51 51 52 51 51
36 37 34 42 38 31
25 25 25 25 24 24
41 40 41 36 38 32
10 9 9 10 8 7
11 12 12 12 12 13
2 3 0 0 3 3
52 59 58 60 60 52
28 27 24 28 26 23
22 21 21 22 20 20
11 10 10 12 12 11
34 44 53 32 53 14
39 39 39 39 38 39
60 48 43 54 60 50
14 14 13 14 14 14
34 26 37 38 35 26
40 48 32 41 40 28
28 30 30 30 30 28
32 31 31 31 32 32
53 54 54 53 53 53
41 42 41 41 41 42
48 30 40 30 33 32
10 10 10 11 10 11
56 53 56 53 56 53
57 57 47 52 60 60
15 14 15 14 15 14
16 45 10 43 44 19
24 8 19 23 1 13
1 13 5 9 11 1
30 7 22 19 7 8
50 43 47 49 49 43
15 0 2 21 0 21
60 36
6 13 18 9 10 7
10 7 8 10 10 11
32 32 32 32 32 32
13 26 24 12 12 25
39 41 43 44 39 41
30 24 33 28 23 27
12 15 23 15 27 17
1 0 0 1 0 1
8 8 8 7 8 8
59 56 56 60 60 57
52 51 47 47 47 52
0 14 22 0 5 15
56 40 37 59 60 60
42 42 42 42 44 43
25 25 25 25 25 25
10 3 4 12 8 9
8 16 9 25 12 1
60 49 55 54 52 60
32 31 34 34 31 32
60 56 57 56 60 60
15 18 19 13 14 16
33 14 15 43 13 38
52 52 52 52 52 52
55 55 55 55 55 55
4 4 0 5 5 0
22 41 22 41 24 29
20 15 13 14 11 12
0 15 10 13 0 0
24 24 23 24 24 24
41 40 40 40 40 42
18 4 14 4 5 18
49 48 49 49 49 48
56 57 56 56 56 56
19 19 18 18 19 18
12 11 12 12 12 12
10 13 6 14 12 11
10 36 28 10 15 18
45 45 45 40 38 54
57 37 60 22 28 23
32 32 30 33 32 30
22 20 22 22 24 25
57 57 57 57 57 57
46 46 44 46 47 45
9 9 9 9 10 9
38 37 38 38 37 37
9 13 32 35 22 36
22 34 25 28 33 27
21 14 12 24 45 36
57 57 57 58 57 57
39 39 41 41 39 40
30 29 30 30 29 29
6 6 6 6 7 7
13 5 13 20 41 26
20 21 30 39 16 17
49 49 50 49 50 50
37 33 28 38 34 48
23 24 23 23 23 24
19 40 26 37 0 27
13 8 0 9 10 0
42 38 37 41 42 42
60 60
33 28 28 33 34 33
36 37 32 35 33 37
41 41 41 41 41 41
41 48 42 45 43 40
21 24 28 25 29 26
18 6 13 18 20 19
49 49 49 49 48 49
7 6 7 6 6 6
10 10 9 12 12 11
4 0 28 22 20 39
29 26 33 29 28 27
39 18 60 10 56 23
41 42 41 42 41 42
36 42 34 24 14 13
42 41 41 41 41 41
25 27 27 27 26 26
38 37 34 38 36 37
44 60 60 52 48 47
37 37 37 37 37 37
12 11 12 12 11 11
27 48 30 36 18 16
11 10 10 11 11 10
60 60 59 60 59 60
1 0 2 10 0 0
45 47 46 47 45 43
24 24 24 23 23 24
55 56 56 56 56 56
23 24 22 23 24 23
31 32 37 35 29 35
24 24 25 23 24 24
43 60 46 60 39 41
9 10 9 10 10 10
23 21 24 23 24 24
23 23 24 24 23 24
11 10 11 9 10 10
22 24 21 22 22 21
39 43 24 37 24 47
31 31 31 31 31 32
59 51 60 43 57 58
44 53 56 46 59 59
52 51 52 52 52 53
41 45 40 45 42 45
23 28 29 24 32 22
41 41 41 41 41 41
25 27 28 26 21 29
44 38 40 38 42 37
19 21 27 30 18 17
38 37 37 37 38 38
24 24 24 24 23 24
0 17 5 3 15 0
0 7 0 8 0 8
7 7 7 7 7 7
10 9 10 10 10 10
39 38 34 34 38 38
54 54 55 55 55 55
38 27 1 5 24 43
48 44 31 60 27 56
15 7 10 20 11 22
9 8 10 8 10 9
17 8 15 11 15 15
60 60
32 29 30 31 31 32
31 32 31 29 30 30
30 33 35 32 36 31
43 42 43 42 43 43
53 55 54 56 54 52
31 36 36 41 35 34
49 48 41 53 42 45
23 23 23 23 23 23
16 19 14 13 14 8
19 18 19 19 19 19
11 25 25 31 26 51
7 5 10 9 8 10
54 55 54 53 54 54
9 11 13 14 13 13
36 37 41 46 41 43
12 8 13 7 3 15
47 53 45 60 51 52
39 38 39 38 39 39
43 39 26 27 30 48
13 14 14 14 14 14
38 35 35 39 38 36
58 56 59 58 59 58
54 48 40 48 54 47
33 33 30 47 45 40
10 8 14 5 12 19
29 29 29 29 29 29
5 5 5 6 5 5
42 42 43 42 43 42
17 17 17 17 17 17
47 26 11 16 44 24
35 34 35 35 35 35
39 35 39 42 36 31
10 8 10 9 9 9
45 47 60 58 54 45
50 50 50 50 50 50
40 37 39 36 41 37
6 6 6 6 6 6
27 30 32 42 16 24
46 40 37 34 48 37
23 31 19 32 55 51
10 13 11 10 12 10
8 8 7 8 8 7
44 57 59 41 32 23
43 42 42 43 43 42
9 4 7 4 8 8
53 25 22 45 24 42
2 0 3 3 0 3
0 20 9 0 22 0
10 10 11 10 10 10
36 15 38 0 3 14
60 41 35 54 44 60
30 31 30 31 30 31
17 23 43 45 40 21
12 16 15 15 13 12
18 3 0 9 8 8
2 3 3 3 2 3
7 5 5 5 8 2
33 56 38 37 53 55
6 7 8 8 10 5
20 29 6 41 20 33
60 13
43 42 42 42 42 43
24 24 26 24 26 26
28 27 15 24 24 14
26 30 25 26 30 26
3 4 3 4 4 4
48 48 53 49 58 50
51 47 51 48 46 50
45 45 44 44 44 45
1 0 4 3 4 1
11 9 12 12 12 11
53 53 54 53 53 53
36 36 36 36 36 36
30 29 37 33 37 30
40 40 40 40 40 40
39 39 38 39 38 39
35 37 37 37 37 36
56 52 55 56 56 56
53 54 53 54 54 54
37 37 37 36 37 37
57 56 56 56 56 57
8 8 8 8 8 8
44 44 44 43 44 44
44 38 33 40 57 57
46 48 43 50 45 55
28 32 26 31 30 33
5 20 25 12 23 17
44 41 38 31 46 33
10 11 13 12 11 9
6 5 5 5 6 6
47 47 47 45 47 46
56 57 57 57 57 57
49 47 49 49 45 49
3 4 4 3 4 4
37 38 38 37 38 38
32 32 29 28 28 30
49 48 48 54 52 52
40 39 39 39 39 40
23 22 19 21 20 20
40 44 41 42 39 42
50 48 49 49 49 49
36 36 36 36 36 36
20 20 20 21 20 20
55 54 57 53 55 57
54 55 55 54 55 54
59 60 59 60 59 59
51 51 53 53 53 52
48 50 51 51 48 48
16 16 16 16 15 15
18 18 18 18 18 19
36 35 35 35 35 35
54 57 60 60 59 60
11 11 10 11 11 11
26 26 26 27 26 26
33 33 34 34 33 34
57 57 57 58 58 58
28 28 28 28 28 28
0 5 0 13 0 1
44 47 47 45 47 46
20 19 19 19 20 19
2 1 2 1 3 4
60 22
10 9 6 8 8 5
30 29 28 31 29 29
33 32 32 32 32 32
56 45 54 52 44 41
5 6 5 6 5 5
9 11 10 11 11 12
5 4 6 9 8 4
0 0 0 1 1 0
32 31 32 36 32 32
11 10 9 10 7 10
60 60 60 47 51 52
26 26 21 19 26 26
26 27 24 22 18 27
59 59 60 59 60 59
17 17 17 17 17 17
4 5 4 6 4 7
48 48 48 48 48 48
36 37 37 37 37 36
56 56 56 56 56 56
25 26 25 25 26 25
20 14 11 11 11 29
45 41 44 47 45 46
40 37 39 36 37 37
10 11 13 9 12 9
31 33 32 34 34 33
1 14 0 12 2 7
53 51 52 50 48 49
58 58 57 57 57 57
0 0 0 11 26 0
6 13 10 11 7 5
17 18 17 18 19 17
42 41 42 41 41 41
26 26 26 26 26 26
25 26 25 26 25 26
13 8 6 4 4 10
13 12 13 13 13 13
16 16 16 16 16 17
52 52 51 51 51 52
14 15 15 15 15 15
59 58 57 60 60 52
54 57 51 55 50 55
8 7 7 7 7 7
23 24 23 24 23 24
12 12 12 12 12 12
60 59 59 59 60 60
60 51 60 53 44 46
30 31 30 30 31 31
4 5 8 7 7 8
11 11 11 12 11 11
10 10 10 11 10 10
2 2 3 4 3 2
54 54 54 54 54 54
42 42 43 42 44 42
23 23 23 23 24 24
46 45 46 46 46 46
42 42 42 42 42 43
59 60 56 57 58 60
44 43 43 43 44 43
11 13 12 11 12 12
33 31 32 32 32 31
60 42
29 30 29 29 30 29
45 45 47 45 47 46
13 14 13 14 14 14
57 60 58 60 57 59
13 12 12 12 13 12
60 56 60 56 60 60
39 41 42 41 36 37
37 50 40 44 46 33
51 51 52 51 51 52
31 42 32 39 39 30
27 26 27 27 26 27
43 44 44 44 43 44
39 40 39 40 38 41
36 36 37 37 37 37
42 39 37 43 41 39
38 38 36 37 34 36
42 42 42 41 42 42
57 47 41 39 44 54
55 55 55 56 55 55
5 0 0 1 8 18
34 34 34 33 34 34
53 53 53 53 53 53
59 60 59 60 59 59
40 46 47 41 46 40
24 24 24 25 24 24
29 28 28 29 28 28
22 21 25 24 23 23
7 8 9 9 6 8
20 26 19 21 18 27
22 22 24 25 22 25
23 22 23 22 22 23
54 54 54 54 54 54
44 44 45 45 45 44
49 49 49 50 50 50
0 12 0 11 0 0
6 5 5 10 10 10
33 33 38 35 40 39
21 22 20 22 22 20
30 33 25 25 32 34
54 49 45 39 60 56
13 12 13 13 12 13
18 18 19 18 18 19
45 43 41 42 42 42
46 39 39 45 46 44
6 8 5 12 9 12
12 12 12 12 13 13
54 53 55 56 55 57
47 47 48 47 48 47
2 0 1 1 0 0
37 37 37 37 37 37
28 27 24 27 28 29
34 33 33 34 33 33
57 57 56 57 56 56
46 46 46 45 46 46
7 7 6 7 7 7
15 16 15 15 15 15
44 49 59 47 44 60
28 28 28 28 28 29
13 13 13 13 12 13
39 34 26 36 34 24
60 56
16 15 15 16 15 14
57 53 56 59 56 50
54 59 53 55 54 52
33 35 34 33 35 33
55 60 60 54 60 58
2 3 2 2 3 2
46 47 46 47 46 47
24 23 24 23 24 23
44 44 44 43 43 44
23 23 23 21 23 22
31 31 31 31 30 31
45 45 44 45 44 45
14 10 13 12 12 14
8 7 7 8 7 8
9 9 9 10 13 9
40 39 39 39 39 39
33 33 34 33 33 33
52 46 51 48 47 51
50 54 52 51 48 52
34 35 39 38 38 39
9 12 13 9 11 4
22 26 26 26 21 26
38 60 41 36 58 53
37 35 38 36 38 37
56 56 55 55 55 55
6 5 7 4 7 5
51 60 58 60 56 59
27 26 26 27 27 27
27 27 26 27 26 27
43 56 45 49 40 49
43 42 41 44 45 43
49 39 49 42 41 40
29 29 29 29 29 29
24 25 24 25 25 25
20 22 23 22 21 22
33 34 35 33 33 34
60 56 53 60 56 56
4 7 10 9 10 6
43 43 44 43 43 43
5 1 3 0 0 0
51 51 50 50 50 50
13 13 14 13 13 13
48 47 46 48 49 48
9 10 10 10 10 10
58 44 46 58 53 57
22 21 21 22 21 21
23 23 22 22 23 23
4 4 5 5 5 4
27 27 27 27 27 27
29 29 30 30 29 29
50 52 52 50 52 52
38 38 38 38 38 38
47 48 47 48 47 47
46 46 45 48 48 48
13 14 13 11 14 12
38 38 37 38 37 37
36 36 34 38 40 35
50 51 50 50 50 50
28 24 27 26 27 27
56 56 53 54 57 56
60 60
55 55 55 55 55 55
19 16 17 17 16 18
55 53 53 54 53 54
28 29 28 29 28 28
16 16 15 17 17 16
52 41 35 39 42 51
16 11 21 16 17 33
18 16 17 16 16 19
47 47 47 47 48 47
50 49 53 50 52 52
40 40 40 41 41 41
41 30 29 33 43 32
17 16 17 17 17 17
52 50 18 38 9 13
56 56 55 57 56 55
21 27 23 27 23 24
58 59 58 58 60 59
6 6 6 6 6 6
22 22 23 22 23 23
23 22 21 22 22 21
5 4 4 5 5 4
7 8 7 8 8 7
2 3 0 14 2 12
12 10 13 11 13 10
48 50 49 50 51 55
2 1 1 1 1 1
41 41 40 40 42 40
18 21 22 22 17 16
25 25 25 25 25 25
18 25 17 14 18 18
0 1 0 0 0 1
22 20 20 22 22 22
48 47 50 50 51 51
27 27 27 26 26 26
21 18 24 21 22 20
54 53 51 48 55 41
25 24 25 25 25 26
0 0 0 5 14 3
58 59 56 56 56 57
18 11 12 18 4 7
31 29 27 31 27 30
23 23 21 23 21 23
4 4 4 4 4 4
55 55 56 55 55 55
50 56 45 48 46 48
14 13 15 16 19 12
24 32 44 39 44 42
16 20 18 16 16 23
45 45 45 45 45 45
44 48 40 43 47 44
36 36 36 36 36 36
31 31 30 31 31 31
44 44 44 44 45 45
0 8 11 0 12 4
40 41 40 40 41 40
18 17 18 18 17 18
19 26 20 12 30 1
25 24 24 24 25 24
55 49 54 50 54 53
16 18 17 18 18 18
60 13
32 32 32 32 32 32
3 3 4 3 3 3
9 10 10 10 10 10
25 25 26 26 26 26
47 48 47 48 47 48
56 55 56 56 56 56
4 4 4 4 4 4
58 59 59 59 58 59
8 9 9 9 9 8
59 60 59 59 59 60
24 26 21 25 27 22
54 50 51 54 49 48
15 15 15 14 15 15
22 20 23 23 25 23
55 55 55 55 56 55
16 18 18 18 17 17
36 38 38 37 37 38
51 51 51 51 52 52
6 5 5 2 6 2
55 52 54 51 55 54
58 57 57 57 57 58
52 52 53 52 52 52
58 58 58 58 58 58
9 8 9 10 8 11
26 26 26 26 25 27
58 58 57 58 57 57
34 34 34 34 34 33
6 7 6 6 6 7
58 59 58 58 59 58
5 5 4 5 5 5
9 9 9 10 9 10
51 52 52 52 52 51
6 6 7 7 6 7
47 47 47 47 47 47
38 39 39 39 39 38
41 42 44 44 42 44
42 42 43 42 42 42
46 46 46 46 46 46
55 54 55 54 55 54
40 40 41 40 41 40
6 5 5 6 6 5
19 19 18 18 18 18
40 39 39 39 40 39
48 48 48 47 46 47
45 46 45 46 45 45
56 60 58 60 55 60
55 55 55 55 55 55
23 22 23 23 22 22
45 44 44 44 44 44
40 40 40 40 40 40
27 28 28 28 27 28
30 29 29 29 30 29
40 41 41 41 40 41
31 31 30 31 30 31
28 29 29 29 28 29
26 25 29 27 26 27
56 58 57 57 57 57
20 20 23 21 19 19
32 31 36 32 32 36
31 31 32 32 31 31
60 27
36 39 36 43 39 34
53 52 52 52 53 52
23 23 23 23 23 24
19 19 19 20 20 19
25 24 25 25 25 25
56 56 56 56 56 56
1 0 0 1 0 0
6 6 6 7 7 6
57 58 58 58 58 58
38 36 38 37 37 38
16 17 17 16 16 16
49 52 53 50 52 51
50 48 51 49 51 51
18 18 18 17 18 19
23 23 23 22 23 24
37 36 37 37 36 37
12 9 9 12 12 11
60 59 60 60 60 60
35 35 33 30 37 35
45 46 45 45 45 45
30 31 31 32 32 31
18 17 18 17 18 18
52 52 51 53 51 52
59 58 57 59 58 60
19 18 18 18 19 21
1 2 2 1 2 2
15 14 15 15 15 15
16 16 16 15 16 16
31 30 30 30 31 31
49 46 46 48 48 47
27 28 29 29 28 28
42 41 42 41 41 42
11 12 11 12 11 12
5 2 1 5 2 5
36 35 37 36 36 36
45 42 43 46 45 44
11 10 10 10 9 10
23 21 23 22 22 21
15 21 12 8 0 16
51 51 51 51 50 51
46 46 46 46 45 45
16 17 16 17 16 16
18 18 18 18 18 18
16 15 15 16 16 16
55 55 55 54 54 55
9 8 8 8 9 8
29 28 28 30 29 30
37 40 34 33 40 33
16 15 15 15 15 15
23 24 24 24 22 23
16 18 19 15 11 8
36 36 36 36 36 36
20 20 21 20 21 20
29 30 27 29 28 28
52 51 51 49 50 49
52 52 53 52 52 53
18 18 19 18 19 19
59 60 59 60 60 59
15 14 15 15 15 14
11 13 13 11 12 14
60 41
59 58 58 58 58 59
24 23 23 23 24 23
12 12 11 11 11 11
7 7 7 7 7 7
52 51 51 51 52 52
40 39 39 40 39 40
36 35 32 31 22 43
16 16 16 16 16 16
58 59 60 60 60 58
52 52 53 52 52 52
37 36 37 36 36 37
3 3 4 4 3 3
41 41 40 41 41 41
19 19 19 19 20 21
23 22 23 22 23 22
49 49 50 50 49 49
31 31 31 32 31 31
21 24 25 22 24 21
12 12 13 12 13 13
37 37 37 36 37 37
43 44 44 43 43 44
41 41 40 40 42 41
23 24 23 23 23 23
4 4 5 4 4 5
24 23 24 23 24 24
28 29 28 28 28 28
38 37 37 37 38 37
28 27 29 27 30 29
57 55 58 59 57 59
55 55 55 55 55 55
37 38 37 37 36 36
60 60 60 60 60 60
50 50 49 48 49 49
55 56 56 57 56 56
52 52 51 52 52 51
23 24 25 24 23 26
21 21 20 21 21 20
15 16 16 17 15 15
51 51 50 51 51 51
6 6 5 6 5 6
39 39 39 39 40 39
16 16 17 17 17 16
36 37 36 36 36 35
32 32 32 32 33 32
16 16 16 16 16 16
55 55 56 54 54 55
7 8 7 7 7 7
2 2 3 3 2 2
46 44 56 45 46 48
46 46 46 46 46 46
46 46 47 46 46 46
37 38 38 38 38 38
49 44 47 44 45 49
0 0 0 1 2 2
7 8 7 7 7 8
23 23 23 23 23 22
14 14 14 14 15 14
7 8 3 3 8 5
8 7 7 8 7 7
59 58 58 58 58 59
60 57
55 56 55 55 55 55
56 47 52 37 45 50
56 53 53 56 52 53
33 33 34 33 33 33
42 42 42 42 41 42
14 13 13 14 13 12
40 39 37 38 38 39
28 28 27 26 28 27
3 3 3 3 2 3
39 40 39 40 40 39
54 55 54 54 55 54
23 23 23 23 23 23
56 56 56 56 56 56
38 39 38 39 39 39
40 38 38 40 39 40
56 56 54 52 53 54
3 4 4 4 5 3
31 32 32 30 31 31
34 34 34 36 32 40
16 15 15 15 15 15
18 18 17 19 19 19
43 44 44 43 44 43
21 21 22 21 22 21
57 60 60 60 44 54
22 20 18 20 19 19
38 38 37 37 35 37
35 35 35 36 35 36
34 34 32 33 32 31
20 19 20 20 20 20
15 17 16 15 16 16
26 25 25 26 25 25
0 1 5 1 1 0
21 22 19 19 20 18
28 28 29 31 29 29
18 19 18 19 19 18
33 34 33 33 33 33
3 2 3 3 2 3
23 23 23 24 23 23
10 11 10 11 10 11
4 4 4 4 4 3
21 21 20 21 20 21
35 42 37 37 40 33
39 39 39 39 39 39
1 0 0 2 1 0
5 4 5 4 4 4
57 58 58 58 58 58
55 55 55 54 54 55
58 57 55 58 59 57
46 47 46 47 47 47
59 59 59 59 59 59
42 42 42 42 42 42
52 51 52 51 51 52
4 4 4 4 4 4
37 38 37 37 37 37
3 3 2 2 2 2
43 43 43 43 43 42
53 54 53 53 52 51
49 50 50 49 49 50
45 45 45 45 45 45
2 3 3 3 3 2
60 60
5 6 5 5 5 5
32 31 33 32 32 33
36 39 38 38 37 37
56 57 57 57 57 57
46 40 39 39 41 44
24 23 23 24 22 22
6 7 6 6 7 6
38 37 38 38 38 37
22 22 22 22 22 22
10 9 9 10 9 10
57 56 54 54 55 53
6 7 5 4 8 8
48 39 42 44 41 44
2 3 3 2 3 2
8 13 10 10 8 13
29 29 29 28 28 29
35 35 35 35 35 35
5 5 7 6 4 7
33 39 37 37 39 38
22 21 20 21 21 22
59 59 59 58 59 57
20 21 20 20 21 21
35 35 36 34 35 36
33 32 33 33 33 32
2 1 1 1 1 2
28 28 27 27 28 28
31 31 30 31 30 31
56 50 56 52 53 56
49 49 49 49 49 49
6 7 4 7 6 7
2 3 3 3 3 3
49 50 48 49 48 48
31 32 31 31 32 31
19 16 12 10 11 14
29 28 29 28 28 28
9 10 10 9 10 9
52 52 52 52 53 53
42 42 44 42 42 43
27 27 27 28 27 27
9 13 8 13 9 12
47 46 47 46 47 46
13 13 12 13 13 12
34 33 33 34 34 34
59 59 59 59 59 59
11 11 12 12 12 12
10 10 10 10 10 10
59 59 59 58 59 59
37 38 38 38 38 38
18 17 16 17 16 16
14 11 14 12 14 13
17 19 19 19 17 18
53 53 53 53 53 53
9 9 9 9 9 9
52 33 52 37 42 40
5 4 5 4 5 4
55 56 57 56 57 57
28 28 28 28 28 28
48 48 48 48 48 48
46 45 47 46 46 46
8 8 7 7 8 8
60 4
60 58 30 60 47 30
50 37 60 60 52 48
12 26 15 15 16 19
36 33 35 24 31 29
3 16 18 0 0 5
60 60 38 29 29 60
27 49 28 41 55 60
37 11 6 41 30 48
26 7 0 29 27 3
18 0 15 6 26 0
1 0 16 0 1 4
40 22 44 60 17 47
53 57 60 36 41 53
60 46 55 33 45 58
0 0 7 19 3 18
0 35 27 33 33 39
14 12 17 32 32 17
29 25 0 13 34 11
6 55 38 28 19 40
38 0 44 47 49 18
10 0 0 28 0 12
7 15 17 0 1 0
25 0 0 0 4 31
60 59 60 60 46 39
60 60 60 27 15 21
32 60 42 28 60 58
38 39 60 60 59 56
27 10 57 42 8 49
40 58 44 23 27 60
20 44 60 56 56 37
50 53 56 42 49 55
0 0 17 32 0 33
55 52 52 47 45 35
60 60 32 57 46 55
3 7 7 16 0 7
28 59 60 51 60 33
44 47 16 26 52 27
60 60 29 28 33 44
12 9 12 9 10 12
45 40 55 37 26 33
60 25 32 31 26 39
13 51 22 13 5 32
12 30 34 0 0 16
21 30 24 40 41 14
42 51 54 54 53 45
52 58 36 57 35 60
36 51 43 32 34 33
56 37 48 51 45 58
25 27 0 13 20 32
34 60 60 43 30 59
0 4 19 2 0 5
48 43 44 48 45 45
18 24 58 27 52 13
18 5 3 15 0 0
37 28 41 53 46 35
0 11 0 0 2 10
55 39 36 10 18 0
39 34 47 33 30 31
23 54 34 29 20 50
49 47 22 15 48 24
60 20
0 0 0 22 28 10
6 28 17 28 29 19
34 47 53 37 45 33
33 28 21 29 35 31
47 26 0 0 11 36
0 4 0 7 23 12
27 28 42 53 55 52
48 20 9 7 14 13
19 0 13 21 25 0
39 14 31 56 15 39
12 14 18 0 37 43
4 20 23 24 18 38
20 27 60 60 60 29
60 43 60 21 24 60
41 30 26 31 15 8
7 6 0 20 16 0
45 27 29 24 48 22
0 13 0 6 0 13
14 52 0 0 33 44
55 60 44 34 57 50
0 0 0 31 27 23
44 8 2 45 44 10
0 12 6 19 16 39
28 19 5 8 21 27
6 2 0 9 14 7
17 0 0 0 22 27
33 47 18 37 25 0
9 0 0 3 0 16
40 38 60 60 44 60
0 0 9 5 14 20
10 42 0 34 0 7
60 60 37 60 32 60
0 0 9 2 15 23
43 60 60 43 48 42
54 26 18 2 24 52
9 0 7 22 8 35
0 16 20 1 0 13
28 11 17 24 13 6
18 8 5 44 1 34
34 32 11 36 13 13
43 34 38 48 40 51
0 20 20 0 2 0
0 41 39 0 19 0
52 44 41 40 34 60
9 0 13 0 5 5
60 60 47 37 48 51
34 0 12 0 42 26
21 0 16 38 36 40
39 60 50 46 56 45
32 22 19 18 34 34
10 30 3 8 20 11
53 49 43 54 60 56
0 11 2 31 4 13
0 43 0 23 37 40
31 22 35 18 14 24
48 48 50 50 47 48
6 9 27 21 43 27
15 31 15 41 0 39
60 60 60 53 47 59
44 55 60 51 56 60
60 33
18 19 14 18 19 12
17 60 31 25 57 49
53 32 40 48 54 60
14 25 33 41 19 23
30 44 57 59 60 60
46 48 57 51 54 56
33 35 60 51 49 41
54 11 28 55 6 23
11 15 0 29 10 1
25 25 6 33 35 8
33 53 31 36 60 33
37 30 50 37 47 23
4 0 31 10 8 25
15 21 32 0 45 41
49 39 35 60 55 60
25 16 31 44 44 42
45 38 45 44 35 34
44 38 25 18 23 38
60 14 49 34 33 30
27 31 55 28 38 29
55 29 31 35 58 57
8 9 10 9 11 11
3 34 9 0 9 20
57 48 55 55 36 60
14 33 17 38 0 0
35 28 35 46 39 40
60 60 37 60 60 48
4 5 41 45 3 0
38 60 59 59 56 49
40 19 43 52 27 18
56 48 48 51 58 58
34 19 39 31 59 60
31 37 51 32 32 23
14 14 22 19 16 23
39 46 44 34 33 35
21 0 18 13 0 17
29 26 27 0 5 39
21 35 40 5 11 12
13 24 19 25 10 12
31 37 27 41 54 30
23 27 0 38 0 40
47 43 26 18 46 15
41 23 29 33 10 39
18 0 0 0 0 19
23 23 9 0 20 0
0 0 29 12 25 16
48 35 45 60 48 60
7 16 1 15 13 5
60 60 60 36 42 23
60 60 55 55 53 59
8 7 0 10 12 19
21 45 49 44 31 60
50 44 44 41 41 42
15 23 0 6 5 17
32 34 40 30 0 3
25 2 30 40 24 48
1 41 60 30 16 54
59 58 39 4 12 29
40 55 56 53 49 23
46 31 37 51 39 56
60 48
15 30 22 43 19 50
13 37 13 19 10 11
18 44 47 28 39 28
8 12 16 10 16 0
48 58 60 58 53 60
60 48 60 41 60 42
0 1 40 33 0 0
0 4 22 0 50 0
40 32 34 1 39 42
19 19 13 22 24 20
39 58 48 33 50 34
0 9 0 0 14 13
35 21 42 41 36 40
15 16 16 16 16 15
15 8 24 8 8 32
44 46 55 48 50 49
56 55 56 57 55 54
46 60 60 50 60 56
41 34 40 36 30 37
58 36 28 30 26 52
60 60 48 60 48 58
56 60 60 53 54 51
27 36 40 40 16 0
37 53 60 57 60 60
54 39 54 49 60 32
9 6 18 0 4 5
0 23 15 0 0 15
0 7 18 0 0 6
55 31 27 60 44 60
16 28 7 14 19 0
31 26 27 29 27 29
26 24 22 53 27 29
5 0 6 1 4 0
24 15 23 0 0 37
43 33 60 31 19 60
1 0 22 24 12 30
21 0 11 0 3 0
34 13 21 33 22 0
49 59 60 46 15 49
38 38 51 60 11 30
60 59 57 58 59 60
28 7 28 43 46 57
45 60 58 37 60 60
0 5 4 29 5 11
8 17 17 8 0 12
47 59 28 60 36 29
35 0 0 0 22 5
38 41 50 54 52 57
31 52 38 44 49 60
60 55 54 59 60 53
20 0 49 13 47 6
39 15 17 9 0 31
58 40 10 55 31 58
10 37 55 16 51 40
38 55 37 54 34 22
53 57 41 46 60 60
4 46 41 33 12 8
40 49 30 56 60 60
27 0 0 0 29 0
47 43 41 52 41 60
60 60
51 37 36 17 23 17
28 15 15 45 9 50
48 42 60 35 50 46
8 2 7 4 11 5
0 16 26 46 0 6
26 39 23 40 30 33
23 19 26 53 24 18
48 35 37 56 57 55
17 0 5 0 48 11
33 20 41 14 34 11
12 0 7 50 9 23
60 60 34 32 34 32
27 14 0 0 39 0
44 39 60 53 60 58
29 0 14 4 0 14
0 23 12 17 0 8
39 13 46 20 10 33
28 32 32 39 32 34
22 60 60 60 48 57
11 0 0 0 0 38
18 59 56 60 25 45
48 40 47 40 41 45
26 2 25 0 9 0
26 3 20 17 5 4
41 41 60 32 21 60
22 0 26 0 0 9
19 28 21 36 18 20
53 50 43 59 60 60
60 60 42 52 57 45
11 4 5 10 4 8
32 60 24 54 45 28
31 35 21 33 38 23
2 2 41 0 0 20
41 34 34 47 49 43
44 18 19 39 23 22
35 28 46 30 37 44
0 5 2 0 9 0
56 38 49 39 43 47
43 9 34 27 13 7
26 26 25 27 27 26
56 28 27 35 60 35
0 8 0 0 7 15
17 18 0 17 0 12
21 12 28 26 26 23
34 16 12 29 42 0
45 60 26 54 48 56
6 53 33 37 14 0
35 5 45 33 0 31
0 26 0 0 18 0
44 42 12 35 0 0
31 30 17 24 25 23
34 60 60 32 45 36
4 18 25 0 2 20
4 23 0 17 12 0
12 13 0 0 21 18
35 47 12 20 34 11
49 59 46 3 39 6
55 46 23 23 45 41
16 60 16 20 27 15
17 28 32 45 21 31
60 9
58 57 47 35 51 33
3 9 6 8 0 6
34 34 36 36 33 37
50 54 29 28 12 18
10 16 30 25 31 18
51 51 50 50 50 50
21 22 21 29 31 27
21 29 7 44 50 44
10 14 10 11 14 12
43 59 36 51 44 57
6 25 56 26 7 27
29 18 21 6 24 7
59 46 50 40 54 56
15 13 7 15 13 6
41 55 38 54 51 58
41 60 47 44 43 43
60 50 54 59 58 60
51 52 52 51 52 52
8 13 39 21 23 11
22 4 8 0 9 0
55 59 60 56 57 60
54 34 58 29 48 55
0 2 2 6 12 1
52 52 49 35 49 37
54 33 27 35 28 54
19 0 0 10 0 16
5 5 5 5 4 4
18 32 16 18 22 22
28 48 29 33 36 33
34 21 21 7 3 16
36 34 42 51 43 48
0 18 0 19 0 23
15 4 10 11 18 20
31 10 1 34 22 0
56 56 39 41 56 56
46 56 45 57 55 60
54 53 53 53 55 54
57 30 37 51 37 57
0 17 0 21 0 0
31 55 21 38 7 60
14 11 6 15 7 10
60 60 50 28 22 60
46 29 51 60 60 32
60 33 45 60 49 60
37 36 45 40 38 44
37 42 38 18 48 18
19 9 37 6 31 18
0 20 0 9 13 0
49 55 47 44 48 42
45 48 43 42 37 34
20 34 39 36 43 26
60 55 59 53 50 59
37 32 40 30 32 33
11 34 0 30 36 32
59 59 59 60 59 60
6 0 4 0 11 0
52 58 24 39 57 52
53 53 47 47 51 54
31 40 27 33 37 40
30 27 8 15 11 28
60 29
45 42 37 49 45 38
7 22 17 21 26 1
49 31 31 35 38 38
49 48 43 51 57 42
46 40 49 47 35 49
17 11 12 12 13 12
58 60 59 56 60 58
52 60 38 46 41 60
14 20 15 4 1 13
6 22 22 18 35 7
47 56 45 48 58 53
19 19 20 22 21 21
35 21 23 28 31 44
0 5 5 6 0 0
49 43 58 44 45 48
14 22 29 34 34 26
0 0 0 4 12 7
7 16 18 13 4 6
44 60 60 43 50 57
45 59 48 50 45 53
39 25 8 21 41 35
44 52 47 53 50 53
14 20 0 27 0 40
14 27 28 27 60 57
29 31 29 30 30 30
15 17 17 17 17 16
48 60 45 23 60 12
14 0 8 0 14 0
22 7 13 37 18 6
18 20 16 21 27 34
11 25 37 37 37 18
30 29 30 30 30 28
8 11 0 12 5 11
2 1 11 16 3 0
28 18 6 22 11 19
59 59 57 60 55 55
0 24 0 17 30 0
59 49 46 45 56 43
0 6 0 3 11 12
51 60 55 60 56 57
16 6 31 24 16 30
60 60 60 58 59 57
15 11 0 4 0 12
33 26 37 34 14 56
51 39 6 5 37 49
18 34 14 41 17 16
57 58 53 53 56 55
34 28 53 40 56 30
45 46 46 46 45 45
37 60 58 16 23 46
36 46 36 41 40 46
52 52 52 52 53 52
10 11 11 19 10 19
49 46 49 48 49 48
28 36 36 30 28 28
25 4 27 31 21 6
13 5 18 0 0 24
9 11 11 17 8 16
31 40 10 48 24 49
11 33 18 29 36 31
60 36
10 0 6 0 21 0
46 52 60 60 44 48
0 9 0 0 3 1
25 17 23 22 20 22
27 14 34 32 26 31
39 7 43 2 11 16
60 60 27 60 60 22
21 35 35 35 33 22
8 11 36 9 6 33
0 2 9 12 8 0
7 39 15 24 8 42
10 8 29 32 34 33
54 23 60 26 31 32
14 0 1 7 8 0
60 57 60 52 60 53
52 60 58 58 60 51
23 40 11 23 34 21
42 9 24 41 13 6
44 55 39 48 41 49
7 13 13 4 0 0
22 15 17 22 24 19
34 41 49 48 38 42
51 52 47 49 48 50
34 44 43 31 34 43
12 12 11 13 13 13
36 41 27 25 0 0
58 60 37 60 49 41
11 8 11 13 11 6
36 49 51 42 45 42
47 45 23 60 35 42
45 51 15 16 49 43
60 18 21 23 60 42
27 24 26 24 26 25
37 27 23 30 34 41
51 22 41 22 41 15
55 50 42 42 44 56
30 45 38 43 31 48
29 23 31 26 28 29
35 39 49 50 30 33
54 30 18 22 51 38
35 35 35 34 35 33
38 60 37 53 60 44
43 38 32 35 28 38
25 32 33 39 19 19
9 13 2 31 32 31
21 10 23 7 25 13
30 4 0 0 0 3
0 8 5 7 0 1
0 13 0 5 11 12
22 38 19 46 26 31
14 22 31 26 26 28
50 52 53 54 52 50
4 26 35 6 28 10
60 25 25 57 53 59
32 31 32 32 32 32
11 12 12 11 12 11
60 33 38 40 60 57
15 40 30 31 5 15
46 14 44 0 26 4
9 0 6 4 0 0
60 46
56 50 47 59 59 45
8 6 0 3 0 0
4 0 0 0 10 4
3 5 4 5 3 7
0 2 2 21 8 26
31 4 26 29 42 8
34 33 32 33 34 32
0 0 17 2 0 0
28 19 26 35 33 32
43 18 28 32 19 21
52 29 60 39 60 49
36 51 31 60 32 60
9 5 10 1 2 20
26 7 5 32 7 6
60 52 60 41 50 57
55 56 51 52 52 55
48 31 51 21 49 34
16 10 18 8 16 17
26 21 19 19 27 23
23 1 30 0 7 20
54 51 12 37 26 41
39 60 50 60 57 49
43 55 1 19 55 48
60 58 50 60 60 51
12 11 12 12 11 11
31 50 54 38 55 39
30 30 21 19 5 25
7 32 5 33 9 13
53 60 59 58 60 59
19 17 0 16 32 0
36 21 43 11 22 16
31 26 13 4 20 8
43 43 43 43 44 44
29 10 3 1 0 27
32 15 8 29 29 10
34 36 33 39 43 29
18 14 25 22 19 25
46 19 26 41 16 41
10 7 0 5 0 8
48 55 60 59 51 60
51 45 56 60 60 60
45 28 42 40 30 28
11 11 10 11 11 11
31 17 18 18 14 26
39 26 27 34 25 15
32 30 57 40 12 42
50 37 41 60 60 42
35 44 30 45 34 29
60 22 52 58 32 60
19 22 22 19 23 22
2 4 3 4 1 3
55 47 60 60 53 52
21 14 20 20 24 18
23 22 38 37 29 21
51 24 25 17 16 48
59 52 56 56 40 42
19 14 24 26 24 30
11 32 20 3 0 28
50 17 53 3 25 6
37 2 0 0 29 27
60 60
17 11 10 24 23 15
41 26 37 17 21 47
34 34 33 35 33 35
29 21 21 25 38 45
28 30 37 22 21 15
57 57 60 56 59 59
27 25 0 10 1 9
5 7 6 7 5 6
27 24 19 0 11 19
18 13 14 19 15 13
8 5 25 26 7 0
12 51 33 53 49 6
5 25 16 7 6 0
45 44 38 49 37 47
0 6 2 0 0 5
20 11 11 2 1 0
42 57 23 37 56 10
43 49 60 46 57 49
24 21 25 19 25 25
32 50 48 45 60 49
36 34 37 44 39 60
9 15 17 0 0 21
16 9 37 55 8 7
51 39 43 50 34 39
5 4 4 5 6 4
48 46 60 59 43 43
47 45 52 50 51 44
56 54 57 49 57 58
20 42 21 23 46 9
25 31 46 29 11 31
0 4 31 30 29 0
8 9 26 0 27 18
27 53 45 36 35 39
58 59 36 60 36 35
29 7 17 21 20 20
33 49 59 60 60 33
43 39 43 35 41 44
38 20 44 40 23 19
56 58 30 38 32 60
12 16 31 32 27 17
38 32 38 32 38 26
53 53 53 54 53 54
18 26 26 18 16 26
0 10 4 12 9 16
11 9 15 9 14 16
60 57 60 53 57 60
50 38 39 43 28 21
23 29 14 17 26 23
43 42 42 41 42 43
11 14 24 24 27 15
58 58 54 56 54 56
29 60 50 20 18 36
60 32 60 33 60 39
60 60 57 45 44 52
60 47 55 57 60 53
26 21 38 13 30 37
38 52 33 40 51 53
6 9 8 8 3 7
38 38 33 16 41 41
26 33 34 25 26 30
60 6
7 0 3 0 5 0
49 49 47 35 46 36
50 60 60 54 46 55
43 57 44 43 50 45
0 13 2 9 6 7
24 31 35 25 25 33
16 15 24 26 19 27
10 16 14 0 2 0
8 13 6 0 5 17
59 47 46 60 48 53
54 58 54 58 59 58
32 33 33 32 32 32
42 46 43 38 45 50
0 10 2 7 1 16
37 43 48 29 46 48
44 50 50 48 45 58
60 58 57 60 60 60
45 46 43 43 44 45
22 41 27 41 36 36
3 9 13 3 1 5
43 24 16 27 32 38
51 57 60 60 51 56
27 24 31 19 29 26
57 60 59 57 59 57
16 17 22 21 15 20
17 28 25 19 14 25
28 26 27 26 30 31
48 51 52 51 51 52
55 53 56 52 54 51
3 5 8 4 5 1
42 42 42 41 42 42
0 1 8 0 6 21
2 3 4 5 9 9
54 46 50 46 59 57
29 23 29 32 21 23
15 15 16 16 17 14
51 52 48 49 50 33
50 50 51 51 50 52
20 20 30 31 31 19
3 3 2 4 4 2
34 26 30 38 38 34
12 8 15 6 18 9
3 6 0 0 3 4
2 1 0 0 0 2
11 10 15 6 10 8
35 39 36 51 46 45
55 57 60 53 58 58
13 5 18 9 20 19
54 45 56 60 39 41
39 30 30 42 37 39
0 6 7 0 3 0
13 22 13 24 20 26
26 21 19 25 27 19
0 20 0 4 0 0
30 23 27 26 23 24
7 2 0 2 0 12
34 35 39 35 44 35
60 60 51 51 52 60
0 21 0 2 1 20
8 18 18 10 8 9
60 25
36 35 35 41 41 36
49 53 55 54 51 56
42 37 42 39 35 42
57 57 57 49 42 51
27 6 25 9 8 11
25 29 26 32 30 24
46 20 50 32 29 43
18 21 12 13 18 8
29 29 29 30 28 28
15 12 4 14 9 5
38 45 36 42 43 35
60 51 60 48 52 60
5 5 5 4 5 4
19 23 24 22 19 21
6 10 0 0 5 8
2 3 1 2 3 4
16 16 16 16 18 15
25 37 40 35 38 20
59 60 43 54 53 60
30 33 22 24 23 23
3 0 0 7 0 2
28 45 25 39 31 45
47 38 34 36 46 48
17 20 12 14 19 19
19 0 12 19 1 13
3 5 7 0 0 19
60 41 28 56 54 49
10 11 10 12 11 11
6 3 6 4 3 5
30 30 34 36 29 35
45 47 46 46 47 48
28 11 32 23 8 18
19 30 24 19 27 21
15 13 16 16 16 13
41 48 40 42 47 42
19 32 45 55 58 27
24 23 14 22 10 20
53 46 49 52 47 50
8 8 6 9 7 8
20 20 11 11 18 12
54 41 44 49 43 42
20 20 18 20 21 19
17 18 18 15 16 16
0 11 9 0 3 0
24 23 25 26 25 26
6 6 6 6 6 6
37 44 28 33 29 43
22 20 21 20 21 19
54 31 49 35 51 55
14 15 17 20 19 13
42 45 44 45 40 44
40 40 41 39 41 37
8 15 14 0 0 0
30 30 28 29 29 29
49 52 40 60 60 49
21 4 8 25 31 0
17 14 10 16 15 10
19 23 6 19 14 8
15 35 32 17 28 24
10 9 17 14 16 13
60 35
25 26 40 44 43 38
7 9 14 3 15 8
60 58 55 52 60 60
21 29 15 11 33 24
28 31 26 29 25 28
52 47 48 47 53 53
30 30 24 27 26 26
22 30 25 32 25 32
13 33 13 23 14 25
43 27 34 30 41 47
38 36 36 34 38 33
45 52 49 49 46 53
14 36 28 13 36 39
4 2 1 6 0 5
60 39 60 43 52 60
60 44 53 55 60 42
57 52 58 60 56 38
42 43 43 44 45 42
9 29 29 20 16 26
8 12 17 6 7 11
60 58 47 45 44 47
28 24 26 29 20 27
49 54 50 51 51 49
13 19 6 13 25 10
60 42 60 60 57 60
23 11 4 9 9 13
17 14 15 0 0 0
49 52 32 52 43 51
49 47 48 44 50 45
5 0 0 10 15 18
27 19 20 23 19 20
58 47 52 60 60 60
31 22 31 31 13 10
30 27 25 28 30 24
46 60 22 60 24 58
55 57 52 56 53 60
59 60 60 58 54 56
6 4 6 5 4 7
37 44 36 34 41 48
16 16 2 0 16 0
35 35 35 35 30 33
57 58 57 59 60 57
41 41 40 42 41 42
22 23 21 22 21 21
4 4 4 4 4 3
36 35 35 33 28 27
0 0 1 0 0 0
54 52 52 51 56 50
59 39 35 43 40 25
49 47 53 53 49 55
21 4 7 25 24 11
48 47 57 52 54 46
32 13 29 38 38 27
20 20 20 20 20 22
44 43 41 41 43 41
41 37 41 49 43 42
32 31 30 29 32 32
18 2 13 11 8 17
0 22 0 2 0 0
34 35 58 43 54 40
60 46
6 4 11 4 7 7
35 41 47 44 45 36
47 46 47 47 47 46
43 44 43 41 43 42
3 22 0 4 2 9
56 60 60 60 57 56
19 17 15 17 19 13
30 29 32 33 35 30
60 50 60 58 52 48
40 40 40 42 40 42
15 11 9 21 33 22
10 7 9 7 7 7
15 13 16 23 13 19
27 26 22 30 28 26
55 55 50 51 48 57
54 50 55 56 49 47
2 0 5 15 14 0
45 48 46 47 47 46
40 60 54 49 55 59
45 38 58 58 54 39
39 45 39 49 48 40
34 35 34 34 34 34
35 38 50 45 45 50
2 7 4 0 9 5
0 6 5 3 0 0
16 19 39 22 12 37
58 58 47 60 53 48
60 60 53 60 55 60
1 1 0 1 0 0
8 26 22 11 11 20
36 42 37 35 35 40
30 29 26 28 25 34
25 22 25 23 23 22
30 27 29 28 29 27
17 22 20 19 20 19
7 7 0 13 12 16
57 57 56 58 57 57
15 15 15 15 15 15
59 52 52 58 48 55
13 11 14 12 18 20
32 45 31 35 33 36
7 7 9 6 3 9
40 38 32 38 35 36
5 0 0 16 18 0
42 41 38 47 44 50
1 2 1 2 2 1
47 48 45 43 47 43
44 48 39 58 43 49
36 35 36 34 36 34
0 0 16 0 0 15
60 55 50 47 60 46
33 36 41 34 41 42
31 33 32 34 33 33
18 15 20 19 18 17
52 47 50 58 49 53
5 30 10 3 28 11
16 43 45 22 16 35
36 45 46 40 38 49
15 15 14 15 15 15
30 32 29 31 32 31
60 60
3 0 0 6 16 0
12 13 12 13 13 13
45 47 46 45 46 46
6 7 10 9 8 9
16 17 26 19 23 14
0 1 5 6 0 0
5 5 7 6 6 5
44 39 38 45 45 36
6 2 12 3 7 7
2 3 17 2 1 18
7 8 7 8 9 6
2 11 33 0 4 16
59 59 59 57 59 57
27 27 43 22 27 28
7 5 21 12 16 24
20 20 32 35 34 33
60 59 58 56 60 52
3 16 10 7 0 8
39 39 39 40 40 40
7 0 2 6 7 0
30 31 31 31 30 30
17 0 21 11 21 0
22 31 34 38 29 22
15 14 15 15 15 14
24 15 23 24 16 18
53 45 51 22 24 41
35 29 27 27 56 56
3 12 11 0 3 17
43 25 41 27 25 31
0 0 3 0 3 7
36 29 31 28 40 28
55 55 54 54 54 54
0 0 14 6 9 8
11 16 12 23 24 12
53 48 56 55 48 51
48 45 48 39 38 50
0 7 8 7 0 7
36 42 34 37 47 45
0 7 7 21 0 0
44 48 55 43 50 42
14 16 15 16 14 19
19 20 19 13 24 16
47 47 51 54 44 45
52 48 43 50 46 50
47 45 44 45 48 45
21 21 24 34 32 38
0 9 19 11 15 10
12 10 8 12 6 10
9 9 8 9 8 7
24 17 49 29 47 46
11 8 12 9 14 9
20 18 22 18 18 23
24 23 21 23 15 19
27 35 41 30 38 32
16 25 20 15 24 21
49 51 50 49 48 49
0 0 4 14 4 3
40 31 58 40 35 45
32 8 20 30 2 6
14 17 20 11 13 18
60 9
22 22 22 21 22 20
23 24 22 23 23 19
32 35 33 35 33 39
22 25 24 24 23 26
8 7 8 8 8 9
43 44 44 44 44 43
46 47 42 36 41 40
8 6 6 8 8 7
22 21 22 22 22 22
29 29 30 31 26 31
48 48 48 49 49 49
42 43 42 42 41 41
53 52 53 53 51 52
3 3 3 3 4 4
59 58 59 58 58 59
44 37 41 41 37 37
30 32 29 32 32 32
43 42 44 41 42 42
13 13 13 14 13 13
4 3 4 3 4 5
7 9 6 9 7 8
53 53 53 52 53 52
7 9 7 9 7 7
51 51 51 51 51 51
21 25 20 25 25 19
51 50 49 50 51 50
31 32 34 34 31 30
17 19 17 19 18 18
46 47 47 45 46 47
35 37 36 29 31 30
6 1 5 4 0 4
33 37 33 32 33 34
10 6 9 4 7 7
42 47 43 41 44 41
58 57 55 55 56 54
57 58 56 60 60 60
49 50 49 50 50 49
25 23 28 26 27 29
40 39 39 39 39 38
2 0 7 7 2 7
40 38 39 41 37 39
45 44 45 46 46 44
22 19 20 16 19 16
58 59 60 60 53 55
57 56 56 56 57 57
0 0 0 1 0 2
36 34 35 37 37 36
34 34 31 31 35 34
37 36 37 38 34 36
10 10 12 7 7 9
39 27 28 26 35 39
26 25 23 30 24 26
5 8 10 4 7 7
3 1 0 0 2 1
36 35 37 34 39 39
40 40 40 39 41 39
13 12 11 13 12 12
12 11 12 9 9 16
19 15 18 22 17 14
52 53 53 53 52 51
60 24
45 43 45 44 45 45
40 49 44 40 50 44
21 21 21 21 21 22
60 58 55 57 60 53
40 40 39 40 40 40
13 7 0 9 10 6
12 13 14 14 13 11
9 16 13 8 15 10
30 33 38 38 32 30
35 34 39 41 40 36
13 12 8 15 9 28
41 42 41 41 41 42
20 21 21 22 20 21
57 56 57 56 57 56
24 25 25 21 20 18
36 36 37 37 34 36
48 50 47 48 50 50
22 34 33 20 29 23
32 21 29 33 31 31
12 10 2 13 8 10
36 33 34 35 37 36
56 55 56 56 57 57
38 38 37 35 38 36
6 9 10 11 11 6
2 1 3 3 2 1
25 25 24 26 25 33
35 35 35 29 38 35
8 9 8 9 8 8
11 11 11 12 15 10
4 7 6 4 7 7
22 18 19 20 22 20
24 23 22 24 24 24
56 55 55 55 57 56
23 27 26 25 25 23
38 37 36 45 42 38
24 21 21 28 27 24
37 36 37 37 37 37
41 32 39 33 38 39
42 40 41 40 36 41
29 29 25 29 28 28
38 37 42 34 41 41
24 22 23 24 23 22
37 34 41 35 37 39
59 58 55 57 54 55
18 15 17 14 18 15
20 23 23 19 15 20
34 33 32 32 33 34
60 56 57 58 58 59
35 35 35 34 35 35
19 6 8 11 13 6
1 3 3 1 4 2
19 19 20 20 20 20
13 8 11 13 18 12
46 45 47 47 47 46
23 23 23 23 23 24
0 0 0 0 0 2
6 6 8 4 6 7
45 45 45 45 44 46
55 54 54 54 54 55
33 33 34 36 40 41
60 43
11 10 11 10 9 10
2 3 3 2 3 2
26 26 28 27 26 29
59 59 58 59 60 59
6 6 6 7 7 6
43 43 43 43 43 43
23 14 23 27 16 10
24 31 30 32 31 30
42 44 41 39 40 43
45 46 46 43 45 48
6 7 7 4 6 4
39 38 38 38 38 38
9 8 7 10 10 8
44 44 44 44 44 44
53 54 53 54 54 53
60 59 52 52 55 53
49 48 48 48 49 47
23 23 25 20 24 24
11 10 11 10 10 10
10 11 9 9 10 10
24 22 24 21 23 22
46 42 44 42 46 42
29 19 14 15 29 15
12 12 14 10 13 13
55 47 49 43 49 54
37 37 38 38 38 37
26 29 23 27 29 28
55 55 55 54 55 55
31 28 27 27 26 28
58 58 58 59 59 58
17 18 17 17 18 18
35 37 37 37 36 33
31 29 32 32 32 28
18 13 16 9 17 9
4 3 0 4 8 2
15 16 15 21 26 20
15 7 8 6 16 6
58 57 55 59 51 60
7 10 7 11 10 8
22 19 28 47 29 36
24 25 24 22 26 26
57 59 54 57 57 57
21 19 19 20 21 19
4 7 7 4 7 6
44 43 44 43 44 44
20 24 15 26 23 18
53 52 55 56 54 55
7 2 4 6 2 4
44 44 44 44 44 44
50 48 51 53 48 48
27 26 24 24 27 26
16 15 16 15 16 16
43 47 49 48 46 46
15 12 11 13 14 15
53 52 52 53 53 52
38 38 39 38 39 39
5 4 5 5 5 5
10 12 8 9 9 9
51 50 50 49 50 51
11 16 14 12 12 17
60 59
15 13 17 13 17 19
33 36 42 31 35 27
29 29 28 29 29 28
13 18 17 17 12 11
41 41 40 40 41 41
8 14 11 13 15 14
42 38 45 43 39 44
40 41 43 44 39 42
13 11 10 10 11 12
51 57 55 48 45 56
15 13 13 13 15 19
18 21 19 21 19 20
6 1 3 8 3 5
42 41 38 41 39 35
0 0 0 0 0 0
21 17 21 16 19 23
0 14 16 0 0 0
55 54 57 60 60 60
9 10 5 5 13 10
50 60 49 56 60 52
42 39 40 41 40 41
56 56 56 56 56 57
33 36 36 34 32 34
18 14 17 17 15 17
4 6 4 5 3 3
39 39 40 39 39 39
16 16 16 15 15 15
50 49 48 53 52 45
14 13 11 6 1 2
21 21 21 22 21 21
16 19 16 19 18 17
54 55 60 60 54 55
28 23 27 27 25 26
5 4 5 3 4 3
15 8 9 9 13 14
42 42 43 43 42 43
19 17 20 21 21 19
3 4 10 9 9 12
3 3 3 3 3 4
25 26 23 27 22 30
15 16 16 15 17 14
9 12 10 11 13 13
43 48 43 43 42 40
13 12 11 12 13 13
19 22 18 20 19 19
52 53 53 52 52 52
29 34 30 33 28 35
17 16 16 18 17 16
55 57 56 56 57 56
3 5 4 10 7 5
52 52 50 54 55 57
26 28 24 29 26 35
53 50 52 53 51 52
1 1 1 2 1 1
20 20 17 20 20 20
56 59 56 57 57 58
45 44 43 43 42 46
22 15 24 15 21 19
48 48 48 47 49 49
26 25 24 24 23 23
60 60
2 3 1 2 3 2
57 60 58 60 60 60
10 9 8 10 8 9
27 29 26 26 28 26
43 45 46 31 39 39
26 24 28 30 27 32
44 45 44 45 45 45
49 56 49 58 51 54
50 51 51 50 50 51
10 11 10 10 10 10
32 49 37 44 39 52
29 31 25 26 27 27
31 19 27 22 23 24
40 40 39 39 40 39
40 40 40 40 40 41
1 0 1 1 1 1
15 15 15 15 15 16
13 12 7 11 12 7
60 59 59 60 60 60
11 10 11 12 12 12
11 11 12 11 10 10
25 23 26 25 25 23
41 44 43 43 38 44
59 52 56 46 44 56
4 5 4 5 3 5
56 51 56 57 55 48
44 45 48 45 46 46
34 39 42 41 43 38
42 42 41 42 43 45
39 38 37 38 38 38
40 40 39 39 40 40
57 60 57 58 60 58
35 36 37 36 37 35
12 11 12 6 6 6
47 47 48 50 46 48
26 32 31 36 37 35
46 43 37 29 36 41
41 42 42 42 42 41
39 35 36 31 38 31
49 56 56 55 47 47
24 25 19 27 17 18
3 6 3 4 2 3
26 25 24 23 24 25
57 58 60 60 58 60
35 42 44 40 36 41
11 11 0 6 0 3
42 48 35 49 39 46
27 28 27 27 27 27
48 46 47 49 41 48
47 44 46 46 45 45
13 14 14 14 13 14
49 46 46 48 46 48
14 13 15 16 16 17
22 22 21 21 22 22
0 1 0 1 0 1
40 39 37 38 40 38
56 52 54 55 58 57
27 26 26 26 27 25
25 26 26 25 25 25
23 23 22 25 23 27
60 14
9 38 34 16 54 16
13 31 55 43 33 33
26 30 0 26 17 14
0 24 0 31 26 27
60 50 56 60 33 22
36 27 60 52 60 60
29 22 11 52 56 31
59 36 45 50 59 59
0 28 31 7 0 26
13 45 51 60 60 29
38 54 38 48 18 40
14 19 24 0 36 0
18 0 23 0 12 18
43 35 40 31 33 25
60 33 31 59 60 26
14 5 14 19 46 7
29 0 0 22 29 8
58 17 28 16 45 51
60 48 60 53 16 35
48 47 31 30 51 26
14 26 23 16 0 33
25 27 18 27 9 57
60 60 33 60 17 60
47 30 60 44 22 24
44 46 60 60 60 39
0 24 0 8 23 34
8 8 47 0 43 24
31 44 38 56 14 17
26 17 9 20 8 35
55 5 58 2 42 52
22 12 0 0 0 17
11 5 0 0 5 16
30 37 23 41 21 12
40 39 35 60 37 54
56 60 60 54 50 44
5 45 22 60 6 22
3 24 0 0 27 14
40 60 60 60 51 54
38 33 58 60 26 40
26 7 21 21 0 36
44 45 60 60 45 39
21 44 6 37 22 22
40 28 41 14 39 14
6 39 1 12 33 1
35 19 26 28 3 0
50 49 51 50 44 43
60 46 57 60 52 40
60 34 60 32 40 41
0 19 16 5 11 0
43 39 44 60 57 43
7 20 0 24 21 11
48 22 7 31 59 51
39 60 52 60 52 15
0 0 18 4 36 4
13 59 50 48 20 24
43 58 52 43 60 33
26 4 0 26 0 17
0 19 0 7 0 32
23 18 21 9 43 29
52 60 49 30 44 33
60 21
32 46 49 57 42 60
42 0 34 0 37 28
58 12 39 47 36 13
0 0 0 34 24 19
40 21 37 2 8 10
60 28 45 60 36 60
60 59 52 50 17 58
8 29 36 31 26 24
29 5 15 0 2 20
27 44 19 30 32 14
36 38 0 27 44 41
33 12 28 0 19 28
48 14 4 13 22 31
53 54 57 60 60 46
60 57 46 60 55 60
55 22 60 24 25 53
52 26 31 31 60 32
46 40 52 28 38 54
26 55 43 0 28 59
60 53 60 51 46 54
14 30 20 29 14 15
60 34 38 27 40 60
35 0 42 0 0 32
55 60 60 39 60 46
52 12 51 34 18 19
39 57 56 60 49 19
25 0 0 26 0 0
31 33 37 32 17 32
31 58 28 31 60 60
0 3 13 1 31 25
38 14 11 31 8 27
8 28 24 17 17 48
54 15 45 60 30 32
49 50 27 24 49 15
50 26 54 35 41 14
60 60 48 44 48 36
41 19 44 41 0 0
60 47 48 60 60 29
41 57 60 55 51 52
0 21 0 7 8 22
11 0 42 17 24 4
45 50 37 29 4 40
29 30 41 10 44 56
21 18 36 35 49 28
41 60 55 56 30 60
44 42 16 48 13 24
20 0 12 13 18 0
27 39 5 37 22 18
9 19 30 49 23 42
48 60 60 60 32 35
60 60 28 29 60 50
0 16 8 32 0 2
46 15 14 50 45 59
42 49 58 39 60 60
11 45 35 27 22 5
55 60 60 29 60 55
2 6 12 14 4 7
37 36 44 5 29 8
60 44 40 32 60 27
23 12 18 41 38 24
60 42
32 60 60 30 56 60
19 50 9 39 60 37
11 0 28 0 0 0
48 55 33 55 60 60
41 31 16 40 53 30
0 35 33 39 36 13
60 50 48 59 50 60
60 46 55 52 60 33
39 43 36 43 11 41
1 0 0 15 9 7
49 13 6 30 44 13
25 0 0 18 10 0
25 20 14 23 30 11
22 0 14 0 0 2
60 32 15 43 38 36
0 24 0 19 0 7
10 12 18 50 59 14
26 7 6 11 0 36
60 55 53 57 38 60
45 11 60 23 43 10
15 7 7 0 0 18
32 0 0 0 7 0
10 25 39 53 36 11
52 20 53 50 9 28
8 20 46 23 6 34
40 12 50 16 11 49
41 43 6 23 41 1
30 40 37 28 29 34
48 49 60 27 36 24
32 23 31 27 58 59
25 60 59 22 59 34
39 60 60 22 60 60
53 32 13 43 38 35
20 32 56 37 36 60
50 25 60 60 23 24
54 20 23 10 8 60
60 34 38 21 21 17
0 0 30 26 23 7
22 57 56 20 28 47
30 15 0 0 0 5
46 60 46 60 37 60
60 15 47 32 60 48
4 17 0 22 9 18
46 36 60 57 60 49
8 44 22 25 7 2
38 0 7 28 6 19
29 13 52 41 22 18
20 0 17 32 30 5
17 48 52 60 45 22
60 60 39 53 50 36
36 47 55 47 26 41
60 60 34 47 60 41
41 19 55 49 39 18
0 35 0 2 29 46
45 60 48 36 60 37
20 20 0 3 18 4
39 51 41 36 41 27
7 54 28 24 29 59
25 16 17 48 52 60
59 60 60 60 48 34
60 48
58 60 54 56 60 60
30 53 31 31 25 56
0 46 0 44 34 14
60 37 36 60 58 39
19 2 24 20 37 3
36 28 36 38 47 19
12 27 0 5 8 6
21 7 32 14 0 0
0 12 33 25 17 0
1 32 0 27 0 0
60 29 60 59 60 47
52 33 60 54 33 30
43 40 25 54 40 18
60 42 54 41 60 60
57 37 60 60 58 38
4 34 27 30 33 21
4 9 17 0 10 11
35 57 38 60 60 41
0 18 33 26 7 0
34 32 30 10 2 0
12 44 8 20 46 20
18 13 5 36 22 34
5 0 30 0 4 0
60 23 60 38 58 60
29 7 37 33 0 54
0 24 17 0 26 16
7 23 0 13 0 21
50 33 52 49 21 8
35 9 27 30 28 8
42 46 50 13 23 33
28 0 22 0 0 15
55 37 31 23 39 60
0 18 0 21 0 27
0 2 46 47 40 18
60 60 47 60 34 42
16 32 47 5 40 59
2 13 14 23 21 25
12 11 0 0 49 14
0 36 37 20 0 24
59 54 8 55 5 57
51 40 46 60 31 60
0 31 2 25 0 0
4 40 45 37 34 47
5 10 22 0 0 14
29 10 4 14 19 8
22 33 36 24 47 14
0 0 38 3 5 9
17 24 60 34 60 34
22 6 3 3 0 0
32 45 21 51 19 44
60 60 22 12 28 51
23 32 60 60 60 60
40 57 54 60 57 60
35 21 3 22 33 0
23 60 51 34 55 38
0 0 0 0 29 28
51 54 33 60 31 48
50 60 60 60 45 34
48 40 43 60 60 46
52 53 41 60 57 23
60 60
41 42 22 13 60 43
0 35 0 0 0 42
10 21 50 49 51 11
0 25 33 30 0 0
48 13 60 22 10 34
49 1 50 51 15 38
32 8 16 26 24 1
3 26 30 0 6 0
27 28 17 30 9 40
47 8 17 44 13 19
5 12 31 35 31 17
41 44 49 60 60 31
56 60 29 60 25 48
43 20 0 31 28 33
41 48 60 45 31 28
60 49 52 60 40 29
42 33 60 60 38 19
5 15 41 33 45 23
27 14 48 50 11 23
42 34 48 45 12 21
40 54 60 54 52 60
13 0 11 0 16 14
19 36 54 51 38 11
34 29 50 37 15 35
35 25 0 0 26 10
26 30 21 36 6 5
28 41 56 32 26 24
60 60 60 59 47 33
16 43 45 27 39 32
36 7 37 53 32 30
36 36 34 7 11 16
30 15 0 0 0 21
0 0 27 5 0 14
12 18 20 22 18 6
50 57 21 15 57 59
5 29 0 0 31 1
59 34 58 32 48 19
3 12 41 9 7 25
53 60 60 57 47 35
1 21 0 18 0 0
31 12 29 4 52 0
57 35 47 59 43 60
12 58 49 60 46 20
45 60 60 39 59 49
51 22 25 43 60 58
60 25 51 60 32 34
33 0 36 2 24 0
9 28 1 6 30 0
11 4 9 24 24 12
47 55 43 29 41 44
32 11 25 25 0 2
37 19 11 24 48 28
53 7 60 35 34 47
44 30 30 50 22 34
3 19 0 0 4 0
12 5 54 13 24 4
54 21 36 37 29 56
0 0 16 0 26 30
60 30 59 50 58 43
28 41 35 60 53 57
60 6
42 48 50 36 32 37
42 22 49 57 51 30
0 36 15 0 12 15
31 28 59 38 52 60
15 50 43 0 22 45
4 49 37 37 35 18
30 33 20 14 14 21
57 60 32 60 44 31
3 13 12 4 0 3
56 42 29 35 60 28
41 37 47 53 60 60
39 38 55 29 48 42
15 20 11 10 12 7
39 39 31 23 23 25
9 41 26 14 25 46
0 1 34 32 0 28
35 18 57 52 14 60
60 59 57 60 57 54
45 52 60 29 34 60
17 17 1 3 0 3
18 12 30 25 42 31
0 1 10 17 21 9
24 30 46 44 34 37
0 9 0 1 7 19
0 6 32 34 3 2
16 16 28 32 2 25
30 17 0 24 20 21
0 0 0 16 6 16
0 23 4 0 22 0
32 21 27 19 29 24
42 28 60 38 37 58
38 60 26 60 60 60
16 6 0 0 0 32
59 57 59 44 48 40
46 46 60 44 57 57
0 0 3 0 5 34
8 6 1 2 0 15
28 46 50 32 25 39
43 60 37 47 30 36
13 14 43 50 35 56
0 9 0 8 13 0
60 41 60 38 50 55
60 19 38 18 22 54
60 60 56 43 39 48
26 30 0 0 13 0
19 16 10 41 32 45
0 0 24 13 23 0
44 60 38 39 57 54
42 60 43 60 36 60
0 11 0 0 9 11
42 58 54 55 44 46
43 38 51 33 32 57
34 38 31 44 60 47
22 29 25 8 33 0
42 25 34 11 36 32
0 0 12 6 15 0
3 0 5 2 7 4
20 60 39 60 60 41
27 39 24 47 32 23
14 42 19 17 44 45
60 28
45 35 53 39 32 35
60 59 44 44 60 51
19 0 0 25 26 0
7 25 27 23 8 3
54 48 50 55 54 57
19 23 25 34 39 37
27 35 0 7 21 0
31 30 39 37 22 31
59 60 36 60 60 60
25 33 25 31 35 21
47 52 33 20 34 33
40 45 38 45 47 44
49 30 48 21 32 45
35 34 32 28 26 27
27 1 21 0 26 0
17 16 0 0 0 27
23 30 22 34 18 19
60 12 56 60 25 59
14 7 0 29 26 24
37 28 37 36 34 32
11 20 28 24 27 22
0 16 37 36 0 2
19 8 24 25 0 0
12 10 22 50 41 34
42 39 13 21 0 42
51 53 48 36 52 49
18 30 45 18 23 54
41 23 28 26 27 30
42 58 28 7 20 16
24 0 19 0 35 19
30 30 16 42 15 39
44 20 17 42 24 17
13 5 5 0 0 7
52 55 55 60 49 59
54 60 31 60 53 55
18 12 13 53 31 18
47 31 48 37 30 29
53 31 49 37 27 45
54 60 58 46 58 60
36 26 60 60 24 26
36 33 52 28 31 47
0 43 18 20 5 16
27 20 8 21 46 9
48 6 16 32 8 0
14 54 12 14 33 51
43 32 0 33 15 17
7 19 13 10 4 0
29 25 7 11 25 0
0 6 0 23 37 8
44 46 34 60 39 41
38 0 25 19 0 35
50 60 51 52 47 51
47 37 50 60 53 24
0 8 30 14 11 0
6 21 23 12 52 7
13 51 9 7 42 18
17 30 36 38 40 34
30 31 45 26 4 5
47 49 18 37 44 4
48 50 45 58 41 49
60 39
8 10 0 3 1 20
0 0 24 11 6 0
60 49 60 58 47 47
20 7 21 30 39 0
32 28 5 5 0 0
10 3 12 9 24 34
55 60 60 41 43 40
0 12 3 36 26 11
26 57 60 44 52 60
60 58 60 38 60 36
37 42 25 35 44 29
27 52 43 38 28 24
0 27 28 18 1 10
9 4 12 3 12 4
13 0 0 38 24 9
60 40 48 60 60 57
60 60 22 38 60 29
24 15 40 60 39 60
22 19 30 14 40 16
44 38 44 36 24 20
33 60 56 58 60 47
3 3 0 0 6 2
34 60 51 42 60 46
33 20 25 18 23 36
39 50 56 42 28 60
46 32 52 51 41 55
0 0 15 8 2 6
47 54 40 37 53 29
35 18 26 29 55 25
21 26 8 12 10 20
17 21 21 28 12 35
36 60 60 58 60 49
47 60 21 51 16 19
58 28 50 60 60 28
41 25 33 44 34 39
28 25 12 10 0 0
31 0 2 23 25 0
0 0 0 6 20 0
11 53 60 45 36 33
34 60 23 22 45 38
0 0 34 6 0 13
19 19 54 36 47 36
60 58 30 28 35 60
6 0 11 12 18 16
5 5 1 16 0 0
24 40 37 9 24 7
34 33 37 47 16 39
11 0 4 0 3 7
14 0 38 46 46 17
38 38 11 9 36 14
28 0 0 15 12 3
34 52 30 34 29 29
60 40 54 60 59 60
60 56 60 58 60 48
41 49 42 53 60 36
37 24 29 18 4 0
7 27 23 16 18 15
35 30 27 1 38 42
41 37 4 41 8 10
0 13 10 4 3 0
60 48
27 27 35 31 16 28
13 16 9 6 0 0
60 28 56 60 36 36
60 41 60 59 56 60
18 17 19 22 18 24
53 20 50 23 30 28
6 15 4 21 5 26
0 22 9 0 2 12
7 7 49 9 23 47
37 15 6 32 37 24
55 60 34 42 54 59
59 52 45 54 55 57
0 6 14 0 7 18
42 42 27 49 35 33
23 21 0 0 7 0
44 60 60 40 45 59
20 0 36 0 0 32
25 0 0 0 25 35
0 0 0 14 13 17
60 60 60 54 41 57
45 44 44 26 43 20
51 41 60 60 60 59
35 45 58 46 56 36
35 36 51 51 58 45
20 43 19 54 22 49
0 16 33 53 44 46
4 16 20 18 29 1
7 15 25 39 26 41
0 44 46 51 40 16
25 23 22 19 22 19
30 46 45 36 28 58
60 36 60 33 59 12
59 60 59 43 60 25
34 51 60 45 49 60
32 34 53 51 28 36
13 48 31 58 15 10
42 47 55 60 31 50
55 4 12 24 23 8
49 1 8 4 51 14
0 1 21 3 14 10
24 19 16 13 13 24
46 49 21 59 21 56
35 25 33 58 38 16
45 27 48 20 60 44
1 30 30 0 37 28
9 18 4 0 0 15
20 6 57 40 21 42
29 48 45 19 44 54
17 27 8 33 29 34
26 26 36 38 27 37
9 3 29 1 13 1
59 50 60 46 44 60
55 50 20 47 25 54
44 21 19 9 38 38
14 13 18 7 27 28
12 26 17 32 22 19
20 40 39 31 18 60
43 12 32 44 40 10
18 23 0 4 0 34
28 4 35 18 24 26
60 60
7 38 9 27 9 7
28 29 5 8 8 23
2 0 12 17 8 7
15 26 23 5 16 30
1 51 8 20 14 53
25 0 10 9 0 13
36 32 36 37 41 43
40 40 44 59 53 56
1 10 11 0 18 25
31 51 41 18 41 41
35 60 44 60 48 25
38 60 51 60 57 60
28 5 0 0 7 3
49 32 50 51 60 60
2 28 0 0 28 0
45 45 31 30 44 47
60 35 60 48 60 60
0 0 16 22 0 0
45 44 39 60 49 42
14 0 11 19 12 0
34 18 12 12 35 5
18 0 25 0 0 0
24 39 38 23 27 53
0 9 0 0 8 7
60 60 32 48 60 35
5 27 6 9 31 17
38 35 6 54 18 60
21 2 13 0 7 0
39 16 44 32 18 47
10 13 1 2 0 23
0 23 0 12 16 0
46 58 26 47 27 37
50 49 36 23 52 22
20 30 37 27 27 39
32 31 32 33 24 32
25 38 43 15 30 36
60 52 60 58 60 47
57 50 35 47 53 50
47 60 60 54 44 60
37 13 22 23 38 18
31 52 29 57 48 31
5 30 34 13 26 7
60 30 60 56 37 26
1 19 0 5 6 11
33 33 27 30 36 33
3 20 38 5 44 6
23 29 26 35 28 22
53 60 60 40 41 60
21 46 17 11 23 42
42 13 23 7 16 4
44 60 56 60 57 51
58 37 60 35 33 49
20 34 42 34 32 25
45 29 45 47 41 37
48 60 48 60 24 36
4 41 39 14 31 56
23 22 5 8 30 18
4 36 10 20 24 31
8 17 4 26 10 1
14 4 8 29 5 7
60 8
52 60 60 53 42 38
11 30 36 0 0 13
24 11 10 9 30 22
50 47 60 60 50 39
38 14 46 39 15 38
40 38 50 34 47 30
18 7 17 17 21 22
60 60 50 53 57 60
52 49 60 58 49 60
8 22 6 4 6 21
39 42 51 36 48 58
32 41 58 55 37 54
29 2 4 9 4 22
0 8 0 0 13 14
54 50 49 56 32 59
5 2 3 17 5 22
38 26 31 34 21 20
47 34 30 38 41 34
12 3 0 2 0 15
35 29 35 38 24 31
31 20 19 31 37 21
32 49 26 30 55 35
27 31 37 37 38 39
33 32 53 50 34 60
24 27 15 30 17 28
40 41 35 38 33 30
51 55 48 60 47 49
33 28 28 29 27 31
0 13 0 14 7 2
49 33 51 45 44 49
36 44 31 44 29 44
4 22 36 33 37 4
4 17 0 13 0 11
43 45 40 38 43 37
34 60 45 43 60 40
60 52 44 45 60 38
54 53 52 50 41 41
32 46 40 43 20 37
21 4 40 2 0 30
48 40 45 43 44 40
10 18 11 18 19 17
34 3 2 38 0 18
5 18 0 0 0 13
43 45 57 53 51 43
14 26 0 28 33 28
53 56 53 59 55 53
60 47 42 60 41 43
57 57 41 45 51 46
4 6 4 5 6 4
0 0 10 22 15 27
8 47 8 8 12 22
56 60 43 57 44 60
5 0 3 3 5 0
0 6 10 11 2 1
6 4 7 12 0 16
0 9 11 21 14 12
6 0 2 6 13 23
0 10 0 0 0 20
31 30 12 20 29 27
29 32 32 16 31 29
60 17
25 23 30 28 32 30
6 20 8 19 7 5
32 30 23 24 35 52
56 55 53 52 53 58
41 46 47 40 41 44
8 26 18 8 4 8
34 52 25 26 16 49
48 44 51 47 42 47
60 60 51 60 54 55
5 29 9 8 6 21
52 43 45 60 56 60
53 58 58 60 59 51
48 60 60 42 31 49
49 24 18 45 52 45
21 36 50 42 36 26
47 41 32 36 45 50
37 18 46 22 58 32
60 60 60 59 54 57
46 60 43 60 53 47
5 20 36 2 10 25
31 33 40 17 34 29
3 9 16 15 21 10
16 36 49 23 32 38
59 49 51 53 55 60
38 28 60 35 50 50
47 60 50 51 44 42
41 56 54 44 43 52
10 12 12 23 17 16
9 33 20 14 11 29
36 51 23 27 22 11
16 18 30 43 39 35
46 59 44 60 60 40
36 0 13 0 0 0
36 27 30 34 35 35
60 51 60 45 53 59
2 0 14 0 0 14
21 32 36 36 16 4
51 60 60 54 55 41
36 29 45 33 27 35
20 8 11 55 32 37
22 31 18 0 7 0
23 26 26 28 22 16
28 23 27 35 34 41
2 0 2 1 0 6
21 15 11 11 18 16
34 35 34 36 22 21
22 16 0 0 30 24
27 20 29 37 37 28
35 31 22 27 43 21
55 60 58 46 57 45
24 22 19 26 15 24
57 49 52 46 51 58
42 50 58 44 53 47
41 48 1 33 36 43
0 0 9 11 0 0
38 25 26 25 24 29
55 60 58 45 60 59
50 51 52 49 48 54
60 51 45 47 59 51
39 36 27 31 26 34
60 41
52 37 47 41 39 36
35 36 36 36 36 35
22 14 12 19 15 19
46 45 47 50 45 50
40 38 29 37 35 40
0 0 0 6 10 9
0 13 3 29 16 12
3 32 13 16 8 22
49 27 46 26 33 29
46 47 40 40 30 31
45 21 41 49 23 33
41 38 39 38 43 37
8 17 0 4 0 14
26 0 13 0 16 0
23 18 25 10 13 16
25 34 19 27 23 32
47 9 11 7 20 48
18 11 31 25 40 19
23 17 7 33 13 18
47 59 60 54 42 46
47 26 47 40 44 40
40 34 34 31 28 26
27 23 17 28 25 27
26 0 1 6 12 27
48 47 60 32 54 32
56 38 60 52 45 58
34 38 34 37 34 37
15 15 5 19 21 29
43 60 43 53 60 57
51 45 52 60 60 51
54 53 54 56 49 56
42 43 60 37 49 60
8 0 13 0 4 1
32 39 32 38 37 38
2 15 13 11 18 15
35 25 26 31 27 32
60 52 59 58 54 50
1 19 5 22 4 31
35 34 31 36 33 35
0 0 2 0 9 6
27 31 28 31 19 28
6 19 21 8 11 14
49 56 58 60 55 60
27 16 15 28 17 14
23 15 27 15 25 16
11 11 15 6 7 9
36 37 51 30 46 26
12 12 21 23 10 22
39 25 47 30 23 36
0 13 29 22 23 11
5 7 13 8 6 22
3 6 1 7 0 0
43 43 40 45 43 42
21 40 24 43 47 36
29 51 26 14 44 40
0 0 0 9 6 2
60 55 60 60 53 52
56 50 43 33 39 58
0 11 6 7 12 4
7 45 26 33 32 2
60 60
52 45 49 52 56 50
13 12 8 39 25 32
54 60 60 49 50 44
23 29 13 11 0 22
15 20 25 19 9 23
18 17 7 0 1 6
3 14 2 14 6 0
11 44 33 25 38 12
29 26 31 53 34 49
46 53 25 40 27 54
44 44 50 3 2 1
32 34 31 33 35 34
16 32 3 30 32 11
14 10 13 12 15 4
30 33 39 19 33 25
31 26 17 20 28 18
33 55 27 29 36 58
19 13 15 4 11 8
52 44 44 44 48 50
15 14 15 13 13 12
1 0 9 7 0 8
9 14 4 20 24 8
31 24 22 32 22 33
2 13 1 14 23 19
60 56 44 34 43 52
22 31 14 43 43 47
22 27 32 34 39 39
15 39 35 21 31 23
15 44 60 15 37 16
11 5 13 10 7 10
20 21 26 17 30 20
0 7 0 8 11 0
38 35 31 35 43 39
56 41 60 60 60 60
16 26 19 13 9 0
53 40 56 47 43 44
14 13 0 5 0 16
41 40 51 50 54 46
32 45 41 52 38 53
0 25 0 0 0 8
26 32 6 18 14 15
54 35 58 60 41 30
42 51 55 42 57 60
1 0 0 4 3 0
38 45 39 48 41 50
16 18 28 41 35 43
39 39 42 43 39 42
59 60 50 53 36 58
22 21 13 32 22 16
14 19 13 4 12 6
12 21 0 16 0 23
30 36 51 35 18 43
39 26 20 37 10 28
14 13 17 21 20 22
54 44 60 58 60 57
25 16 10 8 17 20
39 55 58 60 57 47
33 26 30 24 16 31
6 0 7 10 0 11
21 19 34 38 38 44
60 60
40 51 52 47 42 37
7 11 12 17 13 19
60 60 43 60 54 56
29 29 25 33 23 36
26 47 26 37 19 47
60 43 49 40 60 34
8 0 19 12 1 8
54 51 60 38 60 60
0 33 22 0 0 1
18 33 29 28 23 13
1 5 0 17 16 0
58 60 60 43 49 48
52 53 56 58 49 57
21 22 20 53 48 37
42 34 36 50 35 38
34 43 26 40 25 38
39 37 36 36 28 40
58 54 38 42 59 35
19 14 31 26 34 31
40 30 60 37 60 51
21 18 19 20 25 25
49 55 60 55 41 43
50 53 52 48 46 39
37 60 60 58 59 39
30 31 38 24 24 39
25 3 7 5 16 0
3 14 0 14 0 9
25 5 30 40 0 17
41 39 29 36 40 28
17 19 13 8 9 9
13 26 23 13 12 28
30 37 29 31 43 31
17 0 4 10 0 14
46 46 54 36 32 60
20 18 19 28 18 27
0 18 9 4 4 23
50 46 48 35 43 31
18 17 27 27 18 16
47 56 60 60 60 37
39 44 42 43 40 38
36 33 23 19 17 9
38 19 37 36 28 25
47 47 46 52 52 48
53 48 43 48 47 43
36 40 29 35 32 29
30 27 24 23 48 51
59 59 39 33 60 60
14 36 18 30 23 14
14 19 18 9 0 8
13 13 10 7 5 19
27 30 30 47 28 45
0 22 16 16 16 1
35 49 44 48 30 44
60 47 58 42 36 60
21 30 18 5 5 17
54 52 54 53 54 50
52 41 41 60 60 47
55 59 60 60 59 51
46 46 51 56 60 60
0 18 14 0 0 0
60 11
43 39 40 38 38 43
44 43 48 44 48 51
55 56 47 46 51 57
44 43 46 57 44 47
0 0 1 2 0 0
48 46 44 49 47 49
35 30 31 36 32 29
24 27 23 24 22 22
49 37 34 46 33 35
26 28 25 23 27 22
58 60 52 60 60 55
43 30 19 35 29 32
30 24 26 28 30 33
54 60 56 59 59 46
11 6 15 14 16 8
17 21 27 22 25 18
40 44 43 45 44 44
8 1 2 1 7 2
57 59 60 60 50 50
58 55 57 56 55 56
15 12 16 14 15 13
58 60 60 56 59 58
3 7 5 3 2 6
17 12 26 22 27 24
60 48 50 60 60 55
13 13 14 1 16 12
15 7 8 1 6 0
25 27 25 27 30 25
33 47 43 33 49 32
34 42 43 29 30 37
49 45 37 50 35 43
12 9 21 16 19 17
56 60 55 60 60 60
19 20 16 15 15 13
48 41 52 42 45 49
28 32 36 43 44 32
33 38 35 19 20 23
49 48 52 52 43 46
36 43 43 44 37 33
26 26 29 28 27 25
8 0 2 4 5 6
1 7 0 0 4 10
13 12 16 8 15 12
43 53 45 46 45 47
11 14 16 16 13 12
53 53 48 55 48 50
20 25 28 31 40 35
4 0 6 4 0 2
46 40 40 44 44 42
45 46 32 29 40 36
37 46 57 50 44 38
51 53 53 52 53 53
7 8 8 7 6 7
41 39 48 49 38 39
25 15 18 27 17 26
26 26 26 31 30 27
59 51 58 51 58 59
15 8 7 16 7 18
48 60 57 60 57 47
38 32 30 34 34 33
60 19
40 43 34 41 34 37
28 26 22 28 25 27
17 17 23 24 22 22
42 40 25 15 31 34
23 9 7 21 6 12
52 46 47 51 48 50
29 24 11 20 28 9
50 50 57 49 54 51
1 9 3 3 9 7
25 58 46 24 49 28
21 19 11 24 9 22
28 20 18 27 21 29
32 32 32 32 32 31
17 18 17 17 15 22
16 11 7 21 11 18
7 9 9 2 0 3
3 0 6 4 0 3
34 34 35 34 29 26
20 19 19 19 18 20
12 41 18 40 29 32
40 44 40 44 45 40
48 51 48 53 48 48
5 5 4 6 4 5
33 24 16 13 26 18
58 55 59 60 60 60
25 36 20 36 29 36
28 25 28 28 30 30
25 14 30 22 19 20
24 18 26 32 26 31
56 60 58 59 60 53
48 35 35 35 46 34
40 43 39 41 38 37
50 51 52 59 50 51
27 45 33 40 37 47
24 24 30 26 28 28
24 44 34 42 34 32
41 42 37 40 40 40
32 46 38 37 33 29
53 60 56 60 59 57
35 38 41 40 36 39
41 46 53 39 43 49
16 18 22 14 18 19
54 60 46 60 59 60
28 35 40 33 39 42
39 40 40 38 43 47
30 42 31 29 30 44
4 0 2 4 0 0
44 47 46 39 39 42
55 56 51 58 57 52
19 9 20 7 7 18
25 24 25 26 24 24
29 34 34 33 27 35
20 19 30 36 25 30
10 9 6 14 13 12
22 25 41 28 25 31
39 40 39 40 40 42
20 1 0 13 15 21
58 60 60 60 45 56
39 41 40 38 36 44
0 2 0 2 4 0
60 36
16 20 23 18 13 13
4 12 2 9 12 9
39 21 24 30 21 25
59 53 59 53 59 51
33 38 38 38 37 37
32 13 21 26 16 29
31 27 30 31 31 30
0 14 0 15 2 20
12 16 11 14 15 18
54 60 51 59 53 60
37 38 38 37 36 37
11 14 22 21 16 21
52 48 49 49 49 46
50 49 51 50 47 47
29 23 31 30 36 28
10 17 9 24 24 17
59 60 60 54 56 60
25 19 22 22 22 23
28 30 30 29 33 29
29 28 27 31 31 31
47 58 48 52 46 60
39 48 49 49 44 51
48 46 49 57 51 44
47 49 49 44 44 47
2 0 1 4 0 0
16 14 18 13 16 4
1 0 0 8 0 8
20 21 15 16 13 22
34 36 43 32 37 35
13 5 10 14 8 14
37 39 45 45 45 42
2 0 3 6 0 0
11 5 6 12 9 11
3 3 1 2 1 3
32 32 39 35 41 40
10 14 15 11 12 7
60 56 48 54 56 48
51 56 56 57 52 53
9 0 9 11 4 7
56 57 36 43 35 40
43 51 51 51 47 43
55 36 48 55 39 46
33 32 27 31 25 27
23 43 25 44 32 32
27 32 29 34 29 20
9 7 9 6 9 6
23 11 16 22 24 11
19 17 19 19 21 19
30 34 30 32 29 31
50 45 48 49 45 51
39 43 42 45 43 36
50 53 52 54 55 51
53 47 44 49 52 50
33 36 48 50 47 36
28 23 20 23 26 15
32 30 32 26 25 24
33 31 27 31 32 32
0 3 7 0 2 3
46 39 41 47 42 39
2 6 2 10 6 9
60 47
25 22 29 27 32 33
26 34 42 37 41 41
45 53 52 46 58 46
41 42 43 44 42 41
18 18 18 10 19 16
15 10 11 10 11 16
54 59 58 59 60 55
13 10 5 10 11 6
21 29 25 26 29 28
5 5 3 1 9 0
30 44 46 45 43 33
7 6 7 6 6 6
33 21 38 28 26 21
38 35 36 47 36 45
21 24 29 31 26 36
46 37 42 50 46 45
12 12 17 23 11 19
25 33 36 18 37 21
60 58 59 58 54 55
10 8 8 12 11 7
54 57 56 59 48 51
39 42 41 40 46 46
49 48 58 54 48 54
31 34 26 38 28 43
33 35 28 31 38 36
22 28 24 24 21 22
25 32 29 27 23 21
50 47 40 33 35 44
38 42 37 40 41 43
17 10 18 10 14 7
21 21 26 19 23 23
21 24 23 23 24 25
10 6 10 7 9 9
0 5 2 0 9 2
13 9 13 11 11 10
42 45 36 55 53 45
21 4 13 5 7 17
29 29 22 28 31 33
47 51 51 48 45 46
55 50 51 55 50 51
26 36 28 27 25 33
17 38 9 11 14 33
22 24 22 16 33 28
12 19 14 11 5 17
38 42 36 37 42 42
19 13 10 21 6 20
16 18 0 0 0 0
55 60 60 55 54 53
4 14 22 27 18 12
46 46 55 45 54 52
52 53 51 54 55 55
30 35 31 32 38 34
15 11 7 6 17 17
40 60 40 53 41 58
57 55 42 53 49 42
4 15 1 3 5 10
24 30 26 27 34 31
35 39 32 27 35 25
20 14 19 16 13 12
54 57 57 51 60 60
60 60
42 39 38 40 38 43
48 43 39 38 48 42
39 42 43 42 37 33
6 7 9 9 6 5
6 9 6 10 7 6
17 16 3 19 14 6
14 18 4 12 6 16
5 8 5 4 6 6
9 11 9 5 9 15
54 56 56 55 58 54
33 23 27 22 12 26
21 16 28 29 18 16
11 7 16 1 0 11
53 60 59 60 55 60
51 50 50 49 47 46
11 10 10 9 11 13
54 55 52 52 53 52
14 4 5 8 8 7
0 6 16 1 5 17
39 46 39 42 42 43
40 39 39 39 39 40
32 39 37 30 33 27
13 6 19 14 23 23
11 7 12 6 23 24
47 44 45 47 48 45
35 39 34 40 39 32
14 13 9 11 12 16
4 5 3 2 0 0
27 35 23 32 31 26
27 27 27 29 28 28
39 38 38 39 34 33
53 57 50 50 57 52
35 40 41 43 42 36
46 46 60 56 49 54
55 59 55 56 59 58
3 0 3 0 4 1
18 18 20 19 16 16
19 15 15 23 14 19
32 29 33 28 25 33
58 59 58 58 59 58
46 50 53 42 52 49
54 43 41 54 52 54
39 35 38 35 34 37
18 30 18 13 27 26
18 18 25 20 11 12
17 6 9 15 18 15
39 41 38 37 30 47
35 31 34 30 25 27
44 42 43 39 45 41
33 35 35 32 34 28
43 38 42 43 50 33
54 55 46 44 44 53
38 46 37 33 42 31
28 22 32 25 34 22
30 22 36 33 26 33
24 21 23 22 20 21
42 36 55 49 48 52
9 8 9 1 0 4
42 41 60 60 53 56
44 35 34 43 45 39
60 13
21 9 0 26 43 0
51 52 60 21 60 29
6 0 21 18 0 0
11 44 6 0 0 2
26 0 0 6 10 24
60 56 38 40 36 35
23 20 38 47 36 41
51 48 27 6 0 50
1 6 31 0 0 38
60 23 34 31 60 50
60 51 33 13 37 60
52 15 28 30 58 60
24 1 0 48 0 0
30 60 49 30 34 56
47 60 38 30 52 28
22 22 0 0 0 12
24 27 0 29 38 48
38 54 50 34 49 36
37 40 8 41 24 41
60 51 29 55 26 60
50 59 29 46 60 60
38 20 0 23 51 14
31 47 52 60 46 56
54 6 43 13 55 39
32 40 51 19 60 30
32 60 60 60 26 43
22 4 38 40 11 0
37 17 27 14 56 1
13 30 29 8 2 0
60 17 49 33 47 28
10 0 13 0 0 27
60 38 60 51 50 60
16 24 0 23 25 0
0 43 34 29 39 38
55 33 35 47 60 60
27 35 31 18 0 7
31 45 60 32 51 60
34 60 37 51 26 60
19 9 0 36 6 0
60 60 46 54 35 37
12 0 43 23 8 10
10 26 0 4 0 0
43 30 49 31 60 46
39 40 41 57 60 60
15 21 14 13 20 37
40 33 60 60 24 44
11 23 0 29 34 40
19 4 17 12 0 16
48 52 52 20 20 20
13 32 11 11 0 0
32 11 28 8 41 56
60 48 35 51 50 60
6 0 1 8 9 15
23 48 50 33 38 10
33 30 17 22 45 2
22 35 44 60 9 60
30 31 32 4 0 32
10 22 21 0 19 35
0 22 13 0 33 13
19 14 33 10 54 12
60 27
38 19 27 8 14 22
37 32 36 41 46 33
39 31 34 52 38 58
47 32 49 47 31 42
35 11 43 17 24 48
35 31 7 31 0 0
25 1 8 0 0 6
9 4 23 13 0 0
29 18 29 25 28 25
56 24 8 16 29 44
60 36 26 12 40 33
29 60 17 60 60 60
0 30 20 6 28 0
32 59 32 27 20 60
60 43 46 60 53 47
38 55 60 60 28 49
11 43 13 39 37 3
44 13 19 37 19 33
42 48 51 48 45 23
60 50 28 60 35 53
37 4 54 12 48 23
25 26 52 28 43 9
0 2 34 8 2 50
20 41 21 27 34 59
47 24 17 19 13 11
17 40 34 60 60 18
16 22 19 31 19 0
60 32 34 32 60 60
25 27 2 0 0 0
12 1 4 47 0 3
60 47 54 60 25 33
0 0 0 15 14 34
39 56 36 47 22 60
8 49 13 36 9 42
0 2 1 0 12 30
12 50 2 49 18 18
25 0 39 23 47 25
26 40 21 22 60 53
38 22 29 60 23 15
38 52 53 60 51 58
3 45 32 0 46 28
5 24 0 24 26 2
17 0 35 0 0 38
46 38 32 30 24 10
53 0 27 54 43 0
60 60 23 45 60 47
12 32 30 44 40 48
60 40 22 49 36 30
51 44 12 60 60 60
0 4 0 7 11 40
32 36 54 5 57 12
48 0 0 14 50 29
0 37 32 36 31 22
60 25 60 52 60 50
60 38 11 60 19 43
36 0 0 19 37 0
9 26 17 44 47 16
22 60 51 24 60 32
53 46 48 54 60 50
37 29 17 43 32 47
60 44
13 27 0 0 17 0
31 10 0 27 0 22
14 5 41 35 13 50
44 46 23 43 37 55
36 30 0 0 0 0
41 40 39 39 17 17
44 35 20 23 27 60
17 11 27 15 0 16
0 0 15 18 15 0
45 31 26 52 37 29
0 30 6 0 9 31
11 3 11 19 32 40
13 12 31 59 28 20
60 59 60 49 60 40
1 11 0 0 21 12
60 60 60 43 60 41
22 9 0 20 0 0
11 41 41 30 49 8
46 41 42 40 9 6
59 52 38 34 49 38
59 60 4 29 31 36
54 60 6 9 46 16
48 30 60 60 45 21
59 60 60 32 60 33
35 7 19 52 0 0
10 0 26 19 21 0
20 0 12 15 24 39
0 3 27 0 0 11
36 58 23 44 32 28
28 21 27 11 9 40
0 18 10 20 8 15
10 19 24 42 17 0
49 24 7 27 26 36
60 60 45 60 60 38
60 38 41 49 60 60
26 60 54 46 37 58
55 11 26 35 31 31
32 9 0 0 31 1
0 0 0 10 0 19
28 12 49 12 24 29
9 14 33 36 0 23
33 26 0 6 24 17
10 0 4 0 19 25
60 13 42 60 20 29
24 19 60 31 43 42
11 10 27 0 0 9
42 11 0 0 34 0
60 59 27 46 53 60
49 47 7 38 23 34
31 0 6 0 23 32
13 43 50 10 16 50
57 53 60 49 48 43
43 60 46 32 23 45
2 14 7 9 3 9
52 19 18 52 49 34
0 17 0 4 30 20
0 5 30 32 0 35
0 9 18 7 0 8
35 35 60 54 60 60
32 29 9 10 15 0
60 56
9 15 14 0 2 0
5 36 13 0 37 18
34 42 48 30 47 25
0 0 38 16 14 23
47 29 48 60 26 33
36 34 56 60 41 22
29 46 41 60 37 34
39 57 36 60 60 60
59 21 60 34 4 9
14 0 0 5 14 20
23 5 16 29 1 0
28 0 0 0 0 0
21 39 57 47 28 44
7 0 19 8 0 0
60 27 27 60 48 60
43 60 60 30 31 38
58 32 25 60 56 49
50 46 23 59 33 46
16 19 42 17 12 36
44 60 34 60 46 60
53 35 51 47 55 58
10 38 25 47 0 0
53 27 55 12 51 18
56 37 20 32 7 15
13 0 21 32 8 0
49 14 24 14 40 0
60 50 59 39 60 49
60 40 60 42 56 60
60 18 17 30 22 29
60 26 48 44 59 38
0 0 22 26 0 32
59 52 60 56 33 60
37 60 31 60 60 38
49 28 6 5 29 7
29 28 21 57 38 43
4 8 28 34 16 30
48 55 31 43 45 31
58 34 60 60 28 37
33 60 39 17 22 60
6 11 8 19 40 38
16 14 15 0 24 0
50 34 60 46 53 13
52 9 37 26 24 60
0 14 0 39 12 0
26 0 10 22 19 41
57 59 35 58 38 60
54 60 12 55 9 33
41 2 0 0 36 30
35 60 17 19 24 39
38 22 25 51 40 12
26 37 7 3 53 10
60 42 60 36 47 60
32 35 41 60 32 53
0 10 22 16 29 0
0 27 0 36 0 19
15 58 60 31 60 60
22 26 17 0 0 1
0 49 45 1 0 0
25 0 0 30 37 9
3 19 19 18 0 0
60 60
25 34 3 27 0 22
0 2 12 17 41 0
18 25 3 4 44 0
39 0 21 15 22 2
39 60 39 56 29 35
14 31 12 0 0 6
28 51 17 47 35 42
3 1 12 36 16 35
0 32 8 12 24 23
27 25 35 20 23 22
49 52 36 60 43 33
60 60 60 49 36 54
31 59 38 60 56 45
0 28 8 43 48 13
55 16 21 0 40 43
44 4 55 8 45 27
44 46 60 56 49 60
30 35 20 60 58 33
49 60 60 37 60 41
15 3 23 31 0 16
0 0 0 22 30 8
26 6 25 5 0 5
46 13 9 8 0 34
31 38 11 35 17 60
60 60 60 49 60 28
11 8 38 0 2 39
22 0 46 53 37 8
39 60 38 60 34 33
40 21 44 57 45 60
54 50 57 43 41 32
19 9 24 49 20 23
60 52 60 37 39 48
13 54 29 53 55 48
25 60 60 53 53 28
60 60 54 38 32 39
1 4 34 45 43 45
14 27 44 46 50 58
0 32 23 7 2 33
60 46 25 37 60 43
52 37 60 45 22 29
60 60 39 41 19 49
53 7 25 43 23 13
45 49 26 26 49 46
25 34 11 0 36 5
31 0 39 20 0 0
57 37 25 13 27 59
44 43 26 33 39 16
60 60 42 60 20 47
60 35 60 60 30 32
58 60 36 36 33 60
29 0 0 7 20 12
29 24 42 38 49 35
0 10 0 20 0 2
39 0 40 0 12 0
29 29 60 60 60 39
60 31 57 60 60 29
26 54 37 60 60 38
4 0 4 28 0 0
42 46 51 33 46 46
43 60 60 60 60 36
60 5
25 54 10 32 60 23
36 55 38 23 16 40
0 0 14 19 20 0
60 41 60 53 42 60
43 0 5 34 14 21
0 10 0 4 21 0
40 54 49 31 57 37
40 57 5 11 52 18
56 60 34 53 60 58
26 26 29 19 24 0
11 60 57 7 34 48
58 29 27 24 60 50
0 30 0 40 0 26
44 19 37 13 55 22
41 30 60 60 56 60
0 51 24 32 24 14
51 39 55 20 26 22
60 48 29 35 60 32
35 33 24 27 29 24
6 30 0 13 4 0
2 36 44 21 31 25
60 60 51 22 60 56
39 45 60 38 54 32
0 19 0 5 11 36
25 27 43 2 36 48
56 12 27 1 40 40
22 23 15 12 1 18
60 60 60 30 60 35
4 50 21 7 32 21
12 15 16 0 0 13
38 40 60 43 25 60
32 31 12 40 21 55
0 26 9 37 7 21
20 32 6 45 58 30
60 47 60 28 60 55
60 41 60 14 38 60
0 40 0 0 22 55
56 35 7 9 1 19
21 11 40 19 14 3
56 35 37 44 34 38
14 4 21 5 16 2
37 2 16 40 35 0
10 21 3 18 12 21
20 0 11 0 9 0
5 7 53 45 13 51
0 45 7 51 0 30
27 39 43 4 23 36
28 35 28 4 6 21
6 39 43 16 22 47
50 38 49 40 51 34
0 16 4 7 10 0
60 58 60 51 35 27
58 49 57 45 40 60
0 33 9 0 0 0
14 5 5 16 34 43
51 41 46 56 38 51
8 22 0 19 22 0
52 26 60 60 22 60
39 60 60 49 44 60
15 0 31 0 0 0
60 27
60 29 53 60 39 60
37 38 60 60 47 33
28 60 42 38 27 26
27 4 0 0 18 8
27 39 25 15 11 27
31 60 50 35 58 40
60 50 52 59 28 60
58 60 54 15 33 57
60 35 43 60 60 41
11 27 0 1 24 6
12 46 21 24 32 34
60 46 55 52 44 60
54 42 51 51 47 60
20 1 14 0 0 0
54 48 60 52 60 53
53 16 36 43 42 57
49 29 41 21 24 46
17 15 6 33 39 15
1 26 0 14 0 2
45 13 23 13 25 42
47 37 31 42 37 60
26 21 0 5 0 37
18 47 22 24 44 1
26 38 36 60 55 22
52 7 36 19 26 48
0 0 24 18 0 3
57 60 59 60 30 22
8 24 36 11 0 8
6 18 10 0 35 6
16 13 29 22 13 4
30 51 42 31 6 15
42 60 60 51 53 60
26 60 45 57 48 33
47 3 4 54 39 0
27 60 60 42 60 59
10 0 0 10 35 9
5 33 0 15 34 7
0 26 2 0 0 28
54 60 19 30 59 29
39 30 34 25 48 19
60 31 60 33 60 60
27 30 0 25 0 1
8 15 31 0 0 29
0 32 0 4 0 13
32 16 49 35 16 48
3 23 0 0 24 4
11 39 12 23 10 18
56 39 22 26 25 3
33 46 6 12 47 20
2 0 5 24 28 31
28 42 43 60 20 60
0 37 35 21 35 17
18 43 35 38 9 50
7 18 16 58 48 33
60 60 60 40 39 50
0 0 0 39 0 37
41 47 44 47 60 38
29 41 31 30 40 34
44 11 25 23 24 57
35 13 30 11 42 0
60 32
50 45 54 30 32 43
41 39 15 56 54 22
17 7 14 0 29 27
0 0 12 19 0 14
38 60 60 46 54 54
41 60 54 37 14 31
0 10 16 27 3 0
0 0 6 24 0 20
39 32 60 24 24 54
0 20 2 16 19 14
31 37 60 60 60 53
52 50 44 40 57 31
0 15 38 8 8 8
30 30 0 32 0 1
9 30 13 32 32 0
60 38 55 21 57 22
40 10 13 44 7 23
26 21 0 17 0 0
28 37 18 37 46 31
26 47 15 54 41 45
49 54 22 49 17 15
20 0 0 6 10 0
34 0 13 11 12 2
22 58 57 14 46 25
8 12 25 34 28 28
60 36 60 43 29 34
34 42 18 19 8 0
2 31 46 30 23 27
5 26 38 14 18 57
0 36 21 1 15 16
4 2 46 29 24 7
60 60 33 46 30 29
60 36 56 56 60 60
18 13 25 5 0 27
50 28 30 7 56 56
22 23 22 27 15 40
18 31 4 25 35 44
26 11 5 11 0 24
4 0 0 26 14 18
43 49 40 60 60 44
0 23 10 24 0 14
15 0 9 0 27 0
20 60 30 60 46 49
39 55 26 10 45 16
35 6 9 14 35 44
31 20 15 28 58 8
60 54 33 31 60 60
9 21 5 0 3 30
2 2 2 27 8 2
15 0 14 1 22 18
56 58 60 27 36 28
60 26 53 48 26 21
55 49 31 37 57 38
52 51 31 18 54 34
6 24 15 36 20 21
29 40 57 43 52 52
24 0 0 27 19 6
60 32 60 41 39 34
12 8 0 0 6 10
35 40 44 2 0 20
60 55
16 55 58 47 32 39
44 49 53 48 40 60
43 52 60 19 45 50
0 35 0 29 2 7
31 39 0 42 8 23
42 57 53 35 52 60
31 27 26 0 0 24
26 0 0 27 16 0
41 60 24 60 48 29
60 33 60 60 43 60
58 32 26 33 41 54
0 10 31 8 2 1
60 21 38 60 58 32
0 0 0 34 37 39
17 7 58 20 58 50
37 0 36 50 48 39
60 60 41 28 52 42
43 40 56 40 60 37
39 60 47 54 60 50
60 51 43 60 60 42
20 45 49 13 31 28
38 17 50 40 9 49
16 0 19 22 19 0
20 0 52 2 46 0
50 30 60 29 41 29
38 19 24 31 21 52
7 13 2 9 20 0
60 60 49 60 40 44
46 12 49 50 10 25
55 48 60 39 60 60
14 49 51 21 52 36
54 28 17 36 18 25
22 39 33 32 44 13
30 54 8 32 2 43
29 30 40 42 57 29
28 29 0 21 0 37
5 24 39 41 17 30
60 55 60 44 48 60
50 60 24 46 45 60
2 16 4 25 10 11
41 24 39 60 58 57
38 21 41 0 5 23
0 17 21 51 28 11
0 0 35 32 44 5
5 0 2 27 0 0
0 19 0 0 17 0
60 60 60 59 27 50
11 32 37 24 25 22
48 21 38 56 59 58
31 11 41 59 23 60
10 8 46 18 32 39
9 4 17 0 0 25
7 19 6 11 47 5
41 60 40 60 47 60
3 15 0 20 0 34
42 19 56 39 44 43
60 33 23 60 42 60
47 39 48 47 49 35
38 60 57 60 60 37
31 25 42 16 16 51
60 60
10 4 36 14 32 23
37 25 51 25 60 47
10 26 10 0 13 14
33 45 60 36 46 36
0 14 7 34 0 0
29 0 42 24 50 51
24 26 38 26 0 32
39 0 43 14 26 38
8 1 0 0 0 9
6 25 0 34 0 4
28 45 11 46 40 59
4 0 15 15 0 2
5 37 38 39 39 53
50 46 60 60 31 60
40 60 36 60 40 60
3 54 25 48 31 5
36 37 34 60 51 60
0 10 0 24 7 0
19 41 31 57 47 13
37 14 41 19 10 41
0 19 0 0 19 0
60 60 57 60 36 60
36 2 0 11 34 0
60 49 49 51 60 60
6 2 12 14 25 18
50 21 37 45 27 49
17 28 55 19 18 36
22 49 54 33 19 11
0 29 33 0 4 23
50 46 14 31 23 25
55 18 26 45 12 24
22 19 0 0 0 30
20 7 8 0 4 26
11 22 1 7 17 14
56 60 60 60 60 28
48 60 38 60 36 47
38 43 60 60 43 60
60 32 60 39 32 60
32 40 58 36 46 19
43 52 49 23 58 56
56 58 57 30 21 47
22 23 0 0 0 14
21 25 43 42 38 41
10 0 41 22 40 0
20 0 16 0 27 29
14 19 44 49 13 60
0 12 26 0 20 20
44 27 47 17 29 47
51 28 7 23 22 43
3 26 41 40 23 34
60 60 40 51 39 39
60 41 49 60 44 25
38 24 21 5 23 42
0 3 14 16 0 26
30 0 22 0 3 0
0 9 36 9 0 20
13 6 0 18 0 0
28 0 14 12 28 39
34 60 60 60 54 55
32 12 6 24 0 7
60 9
9 0 0 6 12 8
0 3 0 25 28 0
60 60 53 60 41 43
0 0 7 22 0 20
17 6 0 0 15 8
40 50 41 35 60 43
24 28 29 28 0 18
21 0 14 0 2 0
47 58 49 57 37 12
11 0 0 30 20 3
0 0 17 0 31 15
38 5 37 14 1 25
60 58 25 51 43 55
24 0 7 27 0 32
43 4 7 46 38 1
1 35 1 15 9 15
46 38 40 60 46 60
30 36 56 60 40 60
47 47 39 19 30 16
60 42 60 33 60 31
18 0 0 19 16 0
0 19 37 34 0 5
57 43 22 28 59 24
0 12 0 2 0 11
18 37 29 18 17 29
0 42 15 4 0 21
10 31 30 29 42 29
52 39 32 41 12 30
60 29 34 45 60 51
42 10 43 26 34 29
0 9 20 24 28 27
48 52 48 60 60 60
34 19 19 13 21 46
60 60 60 30 33 55
4 30 5 2 0 6
17 0 1 20 25 13
37 54 29 37 42 17
57 41 36 39 39 44
11 4 0 0 0 15
46 49 38 40 37 34
20 14 26 10 28 58
60 60 44 34 42 60
57 40 46 60 56 58
24 37 54 60 41 60
37 60 60 29 47 44
15 0 17 16 0 6
19 19 21 24 2 22
47 41 53 60 48 60
31 22 17 4 0 13
52 41 60 49 41 29
55 43 60 60 60 39
0 21 25 20 2 0
60 34 48 60 60 60
33 60 40 22 31 60
33 0 16 0 35 23
39 60 47 60 60 35
49 55 42 32 26 28
52 60 59 45 37 57
25 24 0 0 29 26
0 17 15 16 0 0
60 17
23 32 9 49 11 49
15 25 40 22 45 26
46 26 54 26 37 31
37 32 60 60 43 53
30 0 0 32 27 29
7 18 33 22 20 37
59 18 35 38 21 60
60 60 49 56 45 52
37 3 13 19 23 18
1 0 28 0 17 13
57 40 54 33 57 39
10 30 0 0 21 27
60 60 59 49 49 60
54 60 44 40 60 37
43 59 50 47 50 51
38 29 18 36 31 20
34 60 60 39 60 50
50 52 60 50 56 60
15 26 4 8 7 37
37 60 30 30 60 58
24 17 14 31 46 25
15 36 9 29 10 0
27 45 34 32 44 20
17 32 9 25 19 34
12 0 0 0 4 9
60 58 60 60 36 59
60 50 35 48 60 60
25 37 35 28 35 41
28 43 21 25 29 27
13 27 17 8 41 10
14 15 17 21 36 0
8 8 30 17 33 0
26 37 23 46 39 32
29 15 42 33 10 16
51 60 56 48 42 60
19 1 3 17 2 0
39 12 16 26 16 10
47 26 56 45 49 31
29 16 0 33 16 22
8 1 0 40 29 14
56 12 17 54 37 48
25 6 37 42 10 0
33 40 40 29 36 38
0 40 0 20 10 4
19 17 34 16 55 54
53 53 38 59 42 60
58 56 16 42 21 60
21 40 53 16 46 24
26 0 0 12 10 24
14 14 0 26 9 14
3 11 0 35 37 14
41 46 47 60 45 48
60 60 55 39 37 60
35 35 11 16 12 42
50 60 60 37 60 41
19 0 27 25 0 0
48 45 39 6 5 8
7 40 34 10 5 41
15 12 2 38 9 1
4 21 13 27 19 32
60 42
55 28 44 24 47 60
36 60 58 45 24 33
0 0 0 18 31 21
0 9 25 1 26 24
49 54 60 32 22 31
35 14 24 0 11 16
39 39 16 21 30 20
13 2 23 21 26 9
60 60 58 45 52 60
24 20 17 21 24 0
39 37 47 38 44 33
43 5 16 13 33 8
0 9 20 16 23 0
0 2 10 0 2 1
39 32 15 24 37 15
44 56 60 53 54 60
15 15 0 0 6 0
33 24 18 12 11 0
46 24 54 50 47 47
19 0 18 0 12 12
0 0 0 27 0 5
37 60 46 15 20 34
31 60 55 29 43 60
49 21 11 8 35 38
58 31 53 30 59 40
56 37 33 42 35 44
26 49 60 52 31 35
32 7 0 10 20 34
0 7 22 13 0 0
60 55 43 60 37 36
45 60 58 60 25 54
5 5 44 11 31 27
43 41 55 60 60 60
22 29 13 6 1 33
54 30 16 35 13 34
0 30 34 0 0 4
60 60 60 53 38 54
45 37 57 38 55 52
10 31 31 14 12 9
55 57 53 45 26 43
16 11 6 30 30 11
26 14 19 27 17 8
27 22 17 10 31 22
10 8 22 11 30 8
24 43 33 22 31 34
39 17 38 34 8 39
0 27 26 24 18 4
56 42 24 45 52 21
41 20 16 46 6 38
58 49 46 48 48 37
21 28 0 10 44 15
41 35 38 45 14 42
21 13 42 51 60 60
35 24 17 31 26 29
60 54 53 60 35 34
39 31 48 6 15 49
16 5 10 19 14 5
60 54 49 50 60 60
40 60 27 36 41 53
19 22 0 17 0 0
60 46
25 21 34 20 0 35
19 21 41 41 38 37
56 17 27 31 58 28
58 25 43 56 32 41
36 60 41 54 35 60
60 50 30 18 30 21
25 60 52 35 46 60
36 17 12 49 44 27
60 60 48 41 40 58
34 29 12 35 46 40
60 56 42 55 60 60
1 27 30 6 26 3
36 35 24 16 7 16
55 42 41 60 60 60
12 0 22 0 22 30
2 0 44 36 36 0
60 44 60 40 42 41
21 43 19 25 38 43
42 25 60 60 32 60
41 26 0 0 36 37
0 10 24 0 0 5
27 17 12 38 15 23
34 60 57 60 60 60
32 44 39 33 47 49
39 56 60 40 57 41
24 29 6 2 14 14
0 0 3 18 0 11
4 0 13 0 2 3
6 27 6 37 22 4
44 20 26 10 0 6
60 21 13 57 19 17
27 31 6 6 5 1
55 60 60 47 57 49
31 37 26 44 55 36
35 6 5 0 36 0
60 35 37 43 60 29
43 44 48 47 40 36
8 0 11 4 26 0
16 34 32 41 25 30
0 27 0 19 0 0
8 22 1 19 22 14
0 14 16 15 0 0
10 25 32 32 9 15
46 21 60 22 51 39
9 7 0 11 5 15
56 56 59 16 20 17
44 37 35 51 46 22
34 48 25 40 41 37
0 31 41 23 33 15
53 60 60 51 58 54
40 39 40 36 0 0
46 41 41 47 55 60
18 11 23 12 32 7
41 32 39 56 52 46
31 0 16 15 31 24
35 55 38 45 55 60
44 46 55 36 54 41
15 17 0 0 17 0
60 33 60 45 22 21
29 60 50 53 60 36
60 60
23 34 47 27 29 52
20 39 48 6 10 30
24 35 41 21 38 60
0 16 21 0 0 0
43 50 60 38 60 60
10 4 0 24 13 0
18 30 22 14 25 31
14 8 14 17 31 21
47 60 50 60 43 44
39 57 48 34 41 35
0 26 0 11 13 29
60 60 58 35 60 35
42 39 35 10 13 18
1 17 32 38 31 2
40 39 49 41 58 60
60 60 30 36 60 33
35 41 37 8 21 3
5 8 32 4 1 16
9 29 51 5 0 28
60 52 52 32 60 60
28 28 29 25 28 38
46 14 41 36 8 25
17 41 32 11 28 0
51 44 38 41 31 60
39 42 17 31 54 46
32 26 35 38 43 48
43 53 20 21 19 50
11 40 40 27 31 11
48 21 36 52 26 30
38 8 44 22 21 13
29 60 38 46 34 60
23 39 35 19 19 34
28 42 32 27 55 46
0 27 0 0 29 19
36 60 60 31 41 52
60 34 46 29 60 60
38 60 52 53 44 42
38 23 48 55 25 57
14 20 2 11 31 15
34 21 19 60 37 20
45 47 60 55 60 60
39 20 7 37 25 35
17 15 14 12 40 32
14 34 6 14 0 20
23 43 56 55 40 44
27 29 0 17 29 5
41 23 32 32 21 46
53 30 49 33 60 47
33 60 31 55 60 60
34 22 53 20 46 39
51 28 60 54 60 43
26 33 0 0 0 0
6 21 22 0 0 16
21 47 41 60 46 46
0 0 16 0 1 30
32 21 60 20 41 51
35 25 48 36 18 40
10 17 9 0 0 17
60 37 57 60 52 37
18 0 3 38 23 37
60 13
35 38 36 60 35 60
54 48 43 34 46 44
0 16 11 7 0 5
12 0 19 0 16 2
37 18 24 44 15 34
38 24 22 29 36 27
50 43 38 45 30 49
45 27 47 29 46 29
41 40 60 60 38 60
12 31 29 12 21 11
26 22 13 6 12 28
30 36 9 27 9 27
51 36 40 53 54 39
29 54 30 31 44 25
49 23 39 37 47 18
47 40 32 41 47 25
46 41 47 49 44 44
0 0 23 0 0 15
28 34 41 28 25 21
33 33 49 40 33 47
6 21 17 22 24 13
60 45 60 50 49 48
48 50 53 29 55 52
47 60 41 46 42 52
40 29 39 38 44 36
0 0 21 2 0 4
9 11 9 12 16 10
0 5 19 2 0 9
42 37 26 25 39 47
54 49 48 51 47 49
43 53 45 40 40 55
51 35 60 38 57 59
28 10 19 13 29 14
27 13 23 19 33 22
45 36 41 18 44 58
17 18 25 17 13 16
19 0 18 5 0 0
0 2 10 3 0 19
60 60 45 60 52 60
33 37 14 31 25 26
16 0 0 0 14 0
50 56 59 51 51 47
30 40 24 35 28 38
39 56 60 60 60 48
43 46 52 49 59 59
42 51 46 47 41 47
49 46 35 44 39 33
56 42 60 60 39 51
15 11 19 26 33 29
25 7 28 27 11 16
28 32 12 10 0 12
53 56 39 54 37 28
37 33 36 35 19 19
9 28 29 28 25 30
10 12 10 14 18 4
60 60 60 40 60 54
60 55 53 51 60 60
31 29 19 33 46 30
10 3 0 8 3 9
7 18 3 10 6 15
60 18
30 33 28 32 41 50
21 25 22 11 34 15
10 7 0 18 0 7
58 48 41 60 42 58
16 32 24 21 17 24
24 58 37 52 39 24
15 5 6 11 16 4
38 28 46 23 34 29
0 8 12 0 3 7
38 48 40 57 51 40
4 5 9 28 23 9
27 10 21 7 8 18
40 30 40 34 41 37
55 57 42 51 58 60
38 34 46 31 43 38
8 8 0 0 8 2
43 53 40 27 51 55
1 0 0 2 22 0
54 35 60 60 41 60
3 9 23 12 5 10
34 52 54 38 38 56
18 41 47 19 45 32
22 22 16 17 21 14
14 6 3 13 24 5
21 10 7 9 18 0
45 60 50 43 52 43
60 60 45 60 60 52
5 0 10 7 17 12
43 60 60 60 50 60
15 8 0 4 8 9
24 28 58 26 51 27
16 12 35 32 5 26
12 6 2 2 12 0
60 55 60 48 60 60
35 15 20 14 29 24
47 55 55 48 47 52
7 5 5 7 19 8
52 39 51 32 37 36
60 46 52 48 52 49
0 11 23 18 18 20
37 60 60 44 52 34
0 7 3 0 16 0
52 56 60 54 60 54
27 29 37 34 23 30
48 42 46 43 48 51
17 19 12 18 16 18
42 36 19 44 33 22
49 36 40 34 25 31
22 6 17 16 7 26
30 35 36 24 33 36
60 46 50 50 43 54
18 20 18 10 5 15
60 60 60 41 44 60
27 36 14 35 15 15
45 39 55 51 50 53
13 12 11 27 12 12
60 60 58 51 60 53
18 35 26 24 28 26
53 57 40 59 52 53
38 37 38 44 40 60
60 31
8 26 25 16 22 28
30 22 13 23 55 37
23 33 34 17 19 15
14 4 8 16 11 17
15 28 15 40 29 14
31 56 44 43 36 52
35 28 40 37 20 44
38 35 23 30 12 13
47 19 49 14 33 50
9 20 3 19 4 2
30 58 29 44 49 31
35 32 34 50 38 30
47 35 41 37 30 37
49 54 50 46 50 47
6 2 1 3 0 2
17 13 20 22 25 16
9 1 14 0 2 0
41 44 37 44 47 40
50 60 58 51 45 54
57 53 60 53 60 60
29 11 3 21 3 36
46 49 45 60 59 53
20 49 23 41 43 47
13 12 19 15 12 9
21 27 15 10 7 21
32 34 36 54 43 45
39 31 36 30 31 25
14 8 14 0 0 0
39 27 36 41 34 44
38 28 18 42 42 32
1 19 25 9 3 16
40 21 23 19 19 26
39 58 44 50 52 52
60 52 51 47 60 58
47 47 60 60 48 47
60 56 53 60 60 55
23 24 8 16 12 13
57 38 31 51 38 40
26 39 29 29 27 33
22 42 42 32 33 39
60 46 57 44 60 60
16 26 18 18 15 29
23 30 35 31 24 31
27 0 11 0 25 10
0 0 2 10 0 2
16 2 9 13 5 15
17 8 25 0 0 3
9 19 20 15 4 0
38 39 37 42 37 38
25 34 32 27 13 25
2 0 0 0 0 20
29 29 44 41 47 30
37 13 35 10 14 27
32 24 35 22 22 19
59 55 54 36 41 56
44 31 43 48 33 25
38 56 41 53 43 50
30 39 52 43 38 32
31 36 33 36 35 41
53 60 49 60 57 44
60 50
54 53 36 56 36 51
32 42 27 33 25 24
0 1 2 4 0 21
29 13 36 20 26 18
50 36 31 47 56 40
60 60 60 51 60 50
55 49 60 42 50 41
24 48 33 52 26 41
30 46 31 34 49 34
19 26 0 26 14 0
60 59 60 49 53 60
7 7 18 12 21 15
25 47 15 23 45 31
24 22 0 5 33 7
40 42 53 47 46 45
28 31 43 31 47 24
58 44 36 44 57 57
30 16 20 34 36 20
4 7 30 9 25 2
25 37 37 32 5 0
38 36 49 40 38 31
58 60 59 60 54 49
46 54 60 45 42 44
14 15 0 15 8 10
24 18 12 16 10 23
53 43 36 25 45 42
12 7 1 15 0 11
10 19 28 28 24 2
14 3 19 2 8 11
40 41 8 19 27 4
0 20 15 8 0 0
30 58 60 25 60 57
13 18 16 0 19 0
53 34 32 46 36 54
14 15 4 16 12 10
9 25 7 27 16 7
20 0 0 1 17 0
56 60 52 51 54 60
36 33 46 33 32 31
50 60 48 60 58 60
4 9 24 18 0 13
15 0 9 18 0 0
14 16 40 9 3 14
35 50 60 45 60 33
0 7 13 4 6 0
20 38 38 39 32 20
5 5 7 7 0 5
0 3 9 16 1 0
42 47 44 60 52 49
44 33 41 39 26 39
53 48 55 30 39 36
10 22 9 0 22 0
51 33 50 43 42 36
54 26 34 27 49 29
0 6 20 1 11 5
5 0 11 15 11 3
54 53 60 41 53 59
28 24 8 4 9 10
37 38 39 44 42 19
25 30 34 28 46 28
60 60
5 27 11 28 22 3
42 50 49 59 55 55
42 45 14 41 42 40
30 24 22 29 22 30
19 26 15 40 8 16
60 60 60 55 41 41
59 49 40 34 50 58
39 15 34 27 20 29
60 52 60 46 52 60
46 50 52 42 47 43
7 18 25 12 0 27
35 51 40 53 57 49
21 6 13 18 12 20
19 15 19 7 10 5
11 24 31 17 26 20
1 13 21 1 7 13
60 60 42 58 39 60
35 26 23 35 27 35
9 28 16 25 23 33
29 24 29 29 28 6
27 32 0 28 19 19
39 40 22 37 22 31
34 21 18 33 37 42
46 44 40 35 56 35
16 20 13 5 21 7
0 21 18 0 0 18
49 52 52 59 40 51
27 29 39 30 39 29
40 41 38 48 50 56
60 41 57 57 46 47
47 52 45 42 52 45
18 19 12 29 8 12
0 1 0 5 5 3
12 35 31 10 19 36
45 51 60 45 60 60
30 7 21 40 33 22
55 45 31 31 33 34
16 0 0 18 19 0
56 48 39 27 38 24
37 28 19 39 29 39
17 23 0 0 14 24
38 29 40 45 25 33
8 10 0 10 0 4
20 41 18 31 47 25
2 13 2 3 11 22
29 32 26 41 35 33
23 29 47 28 39 49
22 31 15 24 23 16
29 20 35 33 26 28
22 52 16 44 46 14
35 23 23 24 25 23
53 55 50 49 59 60
16 21 22 18 24 15
12 11 0 22 10 4
27 31 17 43 39 34
60 60 60 44 49 60
56 60 49 55 60 60
3 0 1 0 5 11
14 13 18 24 21 22
25 15 10 17 22 28
0 0
