264
6958
8006
294
28798
17306
606
16312
442
1096
12264
16894
30862
10986
27182
2742
5366
21710
2934
8430
18
4946
21802
50598
179396
24
1352
2746
13816
73080
20
72
416
14622
16270
26
100
224
518
3500
3546
23380
58510
183990
245888
328
778
47676
78730
173146
130
1956
5738
25288
54186
58
196
1324
3566
9824
5468
109456
165268
205130
374038
16756
44840
68418
268480
273826
968
12260
46400
55630
135882
250
2222
8638
19146
38874
9896
83732
186884
225366
405274
9562
55300
193046
177810
335142
9638
45382
92180
173272
240732
894
9644
49230
84826
122348
