2 2
60 58 56 54 60 58
56 56 56 56 56 56
3 2
27 10 8 0 1 46
23 17 30 29 21 29
38 39 38 36 38 38
3 3
25 21 17 38 33 36
36 37 35 37 37 37
52 52 53 52 52 52
4 2
40 40 40 40 40 41
24 24 26 31 1 38
43 35 45 59 55 60
43 43 43 43 43 43
4 4
27 34 2 16 26 0
16 33 59 60 14 50
45 51 46 47 52 53
49 42 39 33 41 53
2 2
38 37 35 38 34 39
59 58 57 59 59 60
3 2
9 0 7 0 2 1
7 4 4 5 5 5
40 26 30 38 27 34
3 3
7 7 8 8 8 8
15 25 18 21 24 19
49 49 49 49 49 49
4 2
30 33 37 36 34 36
2 2 2 2 2 1
0 0 7 6 4 6
0 18 5 17 12 13
4 4
41 41 39 38 37 34
37 31 31 35 32 32
13 15 15 14 15 14
15 15 16 15 16 15
2 2
35 28 19 60 56 38
60 34 34 47 35 54
3 2
42 37 4 2 0 34
12 4 5 13 6 10
49 22 42 36 43 59
3 3
41 52 35 25 32 51
8 13 44 22 42 43
35 48 60 34 59 47
4 2
50 60 43 35 50 29
0 16 30 0 37 0
29 60 17 26 39 52
6 29 19 18 3 15
4 4
37 58 60 33 28 48
30 24 20 0 0 27
0 24 42 22 20 0
20 16 36 21 29 15
2 2
60 52 60 56 54 54
48 60 41 60 48 60
3 2
31 27 34 41 36 33
44 41 48 43 46 47
29 32 31 12 15 36
3 3
3 29 18 27 9 23
50 32 41 35 42 48
3 1 0 0 5 0
4 2
11 13 5 14 15 1
23 6 3 10 0 9
0 20 4 0 29 30
36 37 43 54 56 37
4 4
56 56 53 55 54 53
32 36 34 27 42 32
34 33 50 35 46 42
44 39 33 32 33 35
60 3
20 20 20 20 20 19
12 2 13 20 48 10
23 24 23 24 23 24
23 16 31 30 33 20
26 26 26 27 27 27
43 60 60 45 43 36
39 60 60 53 28 60
13 12 13 12 12 13
34 35 38 35 35 39
60 27 40 60 60 60
19 44 37 22 6 9
42 38 13 37 6 21
2 7 5 2 6 6
12 25 31 26 0 0
10 10 13 2 17 0
18 0 14 23 2 2
58 58 58 58 58 58
23 0 5 33 6 32
17 3 2 2 18 2
52 54 60 56 60 43
29 41 60 57 38 60
0 11 0 5 21 0
12 37 28 36 49 20
31 19 56 14 28 40
13 9 31 49 33 60
21 21 20 20 21 20
37 4 45 9 44 26
20 38 37 32 17 23
42 42 42 41 40 41
41 40 39 40 40 39
0 34 0 0 22 7
0 0 1 0 2 0
45 45 45 45 46 45
45 46 45 46 46 46
47 45 60 48 53 56
32 31 30 29 33 34
0 0 0 1 0 0
58 59 60 57 60 60
39 52 57 60 36 50
7 24 0 6 5 0
60 60 59 60 60 58
54 14 7 14 19 39
27 24 27 29 23 27
20 20 20 20 21 21
25 26 25 25 23 25
17 17 16 18 20 16
23 25 20 23 20 25
38 23 46 24 60 60
55 60 29 35 60 60
41 36 38 36 8 16
23 23 23 23 23 23
27 25 27 27 29 26
35 33 36 33 36 34
5 4 4 4 4 4
48 49 43 38 50 38
34 10 17 19 14 39
11 13 12 11 13 13
30 31 31 31 31 31
37 38 44 41 37 36
0 1 13 11 0 8
60 30
14 14 13 13 13 13
46 5 50 38 5 31
60 38 60 46 60 40
49 60 38 60 60 39
41 0 5 20 3 17
17 60 56 59 15 60
23 38 11 36 26 39
9 18 9 14 12 19
22 30 19 38 34 58
39 39 35 35 37 35
42 42 42 42 42 41
45 29 39 8 37 17
13 7 6 9 9 4
60 60 45 43 60 54
60 40 59 60 43 38
6 0 3 0 1 0
46 46 47 46 46 47
5 11 3 10 4 12
23 20 21 20 21 21
55 56 55 55 56 56
33 7 5 25 24 3
36 40 47 50 47 41
13 16 21 22 17 23
20 36 32 19 16 45
3 1 0 0 0 2
0 0 32 34 30 0
23 26 20 26 20 27
13 15 36 55 35 57
22 29 25 38 21 32
46 54 50 50 41 50
43 55 60 32 29 22
18 18 18 17 17 17
17 8 43 9 34 30
37 53 2 42 33 34
55 55 55 55 55 55
21 13 15 5 19 23
35 38 36 34 36 36
43 43 43 43 43 43
10 9 9 9 12 10
48 41 59 51 46 60
4 0 6 0 0 5
39 45 56 20 38 54
60 51 59 59 55 60
20 20 21 20 20 21
50 42 59 42 60 60
38 60 57 21 16 53
0 9 7 2 2 0
27 43 44 52 27 26
50 28 5 1 35 41
34 35 34 34 35 35
11 6 27 28 21 21
46 45 46 45 45 46
28 28 28 28 28 28
57 59 58 56 60 54
5 5 4 5 4 4
54 60 60 60 50 55
29 36 18 38 19 39
38 37 38 37 38 38
34 39 60 60 46 58
46 60 60 33 41 53
60 36
10 10 12 12 14 13
45 60 60 55 51 46
48 48 49 48 48 48
35 38 40 27 40 29
60 34 60 49 29 26
37 23 35 26 33 44
12 11 17 12 15 17
43 43 42 43 43 43
35 48 45 35 49 45
45 51 49 43 60 51
8 28 10 21 10 24
41 42 42 42 41 42
18 15 7 0 14 11
57 41 42 52 36 60
36 33 16 55 23 51
52 42 37 45 31 35
20 24 29 30 16 31
37 35 36 35 36 36
51 56 37 37 51 58
60 59 46 58 60 50
13 13 14 13 14 13
43 31 27 29 20 21
43 42 41 42 43 44
58 15 60 40 38 41
36 54 60 34 33 54
55 48 54 36 43 37
15 41 14 46 16 43
39 50 40 53 44 56
43 46 45 45 50 52
39 36 44 38 39 36
0 35 24 17 37 0
19 28 3 50 26 50
3 4 4 3 3 3
47 47 49 46 46 50
21 8 20 19 20 15
39 34 38 22 28 12
0 1 13 25 27 0
35 46 40 40 34 41
41 41 41 41 42 41
60 33 30 35 60 35
26 34 28 36 27 32
52 58 53 60 52 52
23 24 11 22 10 24
35 35 36 36 35 35
42 7 20 22 46 25
6 0 15 11 0 0
0 0 1 0 0 0
42 22 58 57 17 40
35 27 27 36 0 39
6 8 8 0 3 0
0 11 10 0 4 0
51 50 43 27 24 60
6 8 9 7 9 8
20 34 21 15 33 28
52 37 22 47 28 46
0 0 24 25 38 14
32 39 56 42 48 49
21 41 47 27 38 60
44 47 20 21 2 47
27 27 26 27 27 26
60 46
10 7 7 7 8 9
59 60 60 59 58 59
31 29 56 35 13 33
22 22 23 23 23 23
31 33 34 28 33 31
60 60 54 45 57 60
24 9 2 11 0 29
32 38 47 60 60 60
44 7 29 0 1 0
32 19 24 27 23 17
58 56 57 41 56 31
33 50 18 33 41 32
40 52 49 37 33 41
37 18 21 60 40 32
12 14 11 13 14 16
4 20 17 18 22 24
60 38 45 57 43 45
25 25 26 25 25 25
14 9 37 0 30 37
17 14 12 18 22 18
40 40 40 40 40 40
3 2 2 3 3 3
31 57 21 48 54 44
10 8 10 9 9 10
32 40 47 51 16 23
36 0 22 20 29 7
0 2 0 0 17 8
36 44 48 39 42 39
40 37 37 38 40 40
53 43 55 60 60 60
35 36 35 36 35 35
25 30 0 27 20 0
32 19 45 26 17 28
37 25 60 60 60 60
16 15 15 15 15 15
29 28 26 60 60 54
20 20 18 16 20 19
12 12 14 13 7 8
17 51 18 60 13 60
59 35 60 55 38 59
29 37 36 32 33 35
43 42 41 43 41 41
30 52 56 44 51 30
56 56 58 58 57 59
0 20 27 14 15 0
11 21 7 15 17 22
0 0 20 13 7 14
9 7 7 8 8 9
28 2 3 21 0 29
42 36 36 20 3 2
28 38 48 46 60 60
0 6 9 7 0 0
41 42 44 44 44 42
24 21 26 19 16 18
32 49 32 35 45 39
15 15 15 15 16 16
42 41 42 41 42 42
24 25 25 24 24 24
37 33 44 52 24 33
4 4 4 4 4 4
60 60
37 33 10 33 6 30
0 30 0 13 18 0
39 38 41 41 41 38
0 0 2 32 32 20
60 14 60 54 41 60
55 55 55 56 55 56
18 0 0 5 22 6
7 24 43 15 0 43
16 15 16 16 16 17
22 4 0 15 4 1
47 50 45 48 51 50
11 18 20 18 11 17
33 38 36 36 35 34
15 0 20 21 24 0
45 13 30 21 45 39
14 0 26 0 0 2
0 34 20 0 25 0
28 0 19 0 0 15
34 34 34 34 34 35
55 54 54 54 54 54
27 23 0 36 12 0
8 9 9 7 4 4
16 0 4 30 27 0
54 35 11 15 55 24
22 22 22 23 21 21
12 11 12 11 13 10
28 36 10 33 10 13
48 4 33 40 31 13
0 15 0 1 1 0
22 22 21 21 22 21
33 34 33 33 33 34
44 60 46 44 60 60
40 60 21 60 38 19
33 33 35 33 36 32
11 12 11 12 12 11
27 25 56 37 30 28
50 50 51 50 51 50
37 30 32 2 37 33
53 52 52 51 51 53
0 9 4 4 9 0
28 14 46 46 11 15
20 20 20 20 20 20
25 25 26 24 21 21
23 14 17 18 21 23
21 19 19 19 21 20
3 1 2 0 0 0
60 60 57 34 42 42
60 60 20 21 60 57
17 0 8 7 30 0
23 32 29 17 25 35
24 24 24 24 24 24
25 53 50 42 24 51
22 23 20 23 19 19
0 13 0 23 0 38
48 49 49 48 49 48
12 12 7 12 8 9
33 10 51 17 22 51
57 57 55 55 56 55
0 0 0 4 5 26
36 35 36 36 35 35
60 8
49 48 49 48 49 48
39 40 40 40 41 40
60 27 31 60 60 36
21 24 46 43 29 40
40 39 55 54 60 39
21 19 20 19 24 17
10 10 11 11 11 10
15 24 27 25 31 24
57 57 57 56 56 56
26 27 27 27 26 26
55 48 44 57 48 50
33 52 50 41 51 47
51 53 49 53 52 60
30 18 23 22 5 30
49 39 39 44 40 43
14 16 14 17 16 14
17 17 16 17 17 17
51 51 51 51 51 51
30 24 27 26 30 29
13 13 13 12 13 13
35 33 34 31 32 28
37 49 44 28 28 46
16 2 14 13 5 2
22 22 22 22 22 22
11 22 20 17 9 23
12 19 20 11 12 20
6 25 23 5 20 19
30 34 33 30 34 32
59 58 59 58 59 58
24 24 23 27 28 24
50 51 50 50 51 49
47 47 37 27 29 31
60 59 59 60 59 60
33 33 33 33 33 34
13 13 13 13 13 14
28 18 43 21 47 29
0 25 12 22 3 22
55 50 31 50 56 57
0 12 22 25 23 0
15 16 18 9 7 16
59 60 60 59 59 60
14 0 34 34 0 35
34 37 35 36 39 34
2 2 3 2 3 2
49 44 60 41 60 51
37 37 37 36 36 36
35 34 34 31 31 32
34 41 15 31 24 40
33 46 41 30 29 51
34 34 29 30 34 34
18 19 19 19 19 18
39 45 47 43 60 60
22 22 22 23 23 23
27 29 28 30 33 26
0 0 0 0 0 0
40 44 33 48 37 41
32 30 15 29 46 30
29 29 29 29 29 29
60 59 59 60 59 60
48 47 47 49 49 48
60 30
16 19 15 16 16 17
28 27 40 30 28 27
43 26 39 49 32 27
53 60 60 36 39 60
19 18 11 19 10 11
16 16 15 15 15 16
15 27 16 22 28 18
0 0 11 24 4 0
21 21 21 21 21 22
8 11 9 7 2 7
55 51 55 48 55 55
1 24 5 0 19 0
20 19 21 20 19 19
49 48 50 49 48 50
2 8 15 1 1 10
46 39 48 36 32 60
14 16 15 15 14 13
57 56 60 59 56 57
15 18 20 19 25 20
39 39 51 27 33 6
26 27 26 29 27 29
44 47 44 47 47 47
23 29 33 30 60 26
54 22 21 43 34 51
51 53 49 54 49 50
39 60 39 56 55 43
40 39 40 41 40 39
5 4 4 4 6 4
6 3 4 3 5 4
9 9 9 8 9 9
39 22 27 36 29 31
34 36 36 35 37 36
30 46 60 41 40 60
6 6 7 7 6 7
10 21 14 3 0 10
59 60 59 60 59 59
51 51 52 53 52 51
9 9 9 9 9 9
55 54 54 54 54 54
13 13 14 14 14 14
11 12 11 11 12 11
10 11 11 10 10 9
46 44 43 44 42 45
44 45 44 45 44 45
36 36 36 27 33 39
53 52 52 53 52 52
59 56 53 58 47 50
41 37 49 46 48 45
44 60 60 60 54 54
22 28 27 12 17 18
30 34 35 31 36 31
6 8 2 6 5 3
16 14 10 11 17 11
24 54 24 59 27 60
43 43 44 44 43 44
18 10 37 7 13 0
22 26 29 13 19 14
60 60 55 59 51 60
60 57 60 54 60 54
50 48 38 46 60 55
60 40
36 38 43 36 35 36
32 20 24 11 30 29
35 37 35 39 38 38
38 39 39 39 38 38
26 27 27 26 25 27
12 20 13 15 8 9
50 47 55 55 56 47
2 3 0 2 2 0
37 37 38 38 37 37
9 8 8 12 12 10
18 20 21 21 20 20
46 45 45 46 46 45
28 23 30 21 38 38
55 56 56 55 55 57
25 26 25 26 26 26
36 36 36 35 35 36
45 45 45 46 46 46
30 31 31 31 31 31
36 14 10 49 55 56
40 35 34 5 41 23
3 2 2 4 2 3
28 27 27 28 27 27
2 2 3 3 2 3
33 32 32 32 32 33
36 36 36 36 36 36
0 0 9 0 6 3
51 48 48 49 50 50
37 9 43 26 13 0
60 39 60 55 50 29
12 14 14 15 15 15
50 39 49 43 40 51
2 44 9 25 44 31
48 43 42 45 45 45
21 21 21 21 21 21
42 38 35 35 36 34
35 22 29 27 19 34
2 3 2 2 2 2
18 17 17 18 17 17
47 58 52 50 43 52
50 49 46 51 48 44
47 51 50 48 48 47
41 41 42 41 41 41
29 29 38 30 34 33
59 60 60 53 55 51
53 53 53 60 60 60
24 19 15 2 23 11
44 40 43 40 44 40
1 3 8 6 1 3
52 47 54 41 52 56
58 34 60 60 60 36
46 46 46 45 44 46
14 0 19 0 19 3
44 44 44 44 45 45
55 56 55 55 56 54
20 20 20 21 20 20
29 29 30 30 29 29
4 3 4 9 6 11
45 46 45 45 46 46
58 53 56 57 59 53
13 16 13 5 17 6
60 51
33 33 33 33 33 32
15 32 32 17 11 22
41 41 42 41 42 41
40 43 48 39 41 38
47 47 47 47 47 47
55 55 49 54 55 52
51 50 51 51 51 51
33 33 33 32 33 33
31 30 31 31 31 31
8 6 4 6 20 18
12 17 16 10 9 17
13 10 24 8 11 12
57 56 57 57 56 56
15 15 15 15 15 15
36 17 31 29 32 44
0 1 1 0 1 0
50 52 52 52 52 53
33 34 40 25 24 32
23 22 22 22 22 22
51 50 50 51 49 50
9 3 18 3 24 25
23 23 23 23 22 22
46 46 45 46 46 46
45 34 44 43 55 54
1 12 15 5 21 9
30 36 35 29 26 27
39 39 39 39 39 39
25 14 7 25 20 24
33 33 32 32 31 32
6 9 8 7 3 8
11 11 10 11 11 11
34 34 35 35 34 35
37 37 37 37 37 37
18 17 17 13 11 19
52 57 56 52 57 56
24 24 26 24 23 22
60 46 60 60 58 55
0 17 33 6 29 22
46 46 46 45 46 46
35 34 47 40 37 44
34 37 48 49 48 29
58 58 60 57 58 58
34 9 11 28 8 13
1 0 1 1 0 0
36 44 37 36 50 37
34 35 35 36 34 36
21 23 21 22 21 22
50 50 50 50 50 50
49 49 49 50 49 49
8 8 8 7 8 7
60 50 55 60 50 51
0 35 26 5 31 30
60 55 60 45 60 57
15 14 14 15 14 14
45 34 59 60 60 60
56 57 57 57 56 57
40 41 45 40 46 43
49 49 49 49 48 49
37 41 38 40 44 43
60 60 60 60 59 59
60 60
50 50 50 52 50 51
45 45 46 45 45 45
31 34 52 21 31 30
46 46 47 46 47 47
18 3 0 2 0 3
34 54 29 39 29 55
10 13 10 14 6 17
42 44 41 42 42 43
39 35 36 45 42 39
27 21 25 26 25 25
53 53 53 53 53 52
12 0 0 0 0 15
0 0 8 8 15 5
31 31 30 31 30 31
0 12 0 10 13 14
0 0 26 5 0 30
55 54 54 54 54 56
45 46 45 44 47 46
9 0 13 32 34 29
4 4 4 5 4 5
36 36 33 35 32 30
56 57 56 57 57 57
22 23 17 7 20 6
30 33 38 39 41 19
44 44 45 44 44 44
45 47 55 47 57 49
26 23 26 24 27 24
35 60 51 60 42 44
53 53 53 52 52 53
50 9 9 60 26 32
57 52 34 40 44 49
19 19 21 23 22 21
27 43 25 60 35 43
49 50 50 49 51 49
12 0 11 0 0 20
45 45 45 45 46 45
7 39 20 22 43 12
39 24 33 41 28 34
4 5 0 5 0 0
0 1 0 0 1 0
0 12 11 7 8 19
24 18 36 22 20 13
30 29 31 28 31 31
44 18 12 39 39 28
9 9 8 9 9 9
17 24 20 17 22 21
6 8 5 4 5 7
20 20 21 21 20 21
13 12 10 10 13 11
57 58 59 57 58 59
0 0 3 0 4 2
17 26 29 22 13 20
26 26 26 26 26 26
30 28 31 27 29 31
33 31 33 34 30 35
33 33 33 33 32 33
8 11 8 10 9 9
55 55 55 55 55 55
14 13 14 15 14 14
47 47 47 47 47 47
60 6
19 21 13 20 26 18
24 36 46 40 43 37
47 46 49 43 44 46
12 12 12 12 12 13
54 43 47 45 41 48
24 23 24 24 24 23
34 29 33 32 31 31
51 50 51 50 50 51
49 48 48 49 49 49
30 30 30 31 31 30
17 16 17 16 16 16
22 21 23 20 22 23
2 1 1 1 2 1
12 10 8 12 9 11
8 8 8 8 8 9
18 18 19 18 18 18
18 11 33 33 14 30
29 28 28 28 29 29
0 6 0 1 8 0
43 32 29 43 39 40
9 10 9 10 9 9
19 19 18 19 18 17
6 16 14 0 10 4
0 12 16 14 4 0
49 57 57 45 53 49
2 4 5 1 2 2
43 41 48 35 32 45
41 52 43 26 42 30
13 14 14 14 13 13
46 46 47 46 46 46
16 17 17 17 17 17
32 36 48 43 37 52
28 28 28 28 28 28
44 43 35 37 46 42
39 36 46 46 41 38
53 53 51 52 53 53
26 20 26 21 25 20
23 23 23 23 23 23
20 20 19 20 20 21
47 49 49 47 51 50
4 4 7 6 5 5
0 0 1 9 20 27
9 8 9 7 8 8
38 38 37 37 37 37
19 21 21 19 20 21
57 58 58 58 59 57
21 9 12 4 20 11
5 4 5 5 5 4
46 46 46 47 46 46
33 35 35 34 35 35
14 15 15 14 15 15
20 20 20 19 20 20
1 1 2 1 2 1
12 11 11 12 12 10
45 50 55 49 49 55
49 49 49 49 49 48
22 27 26 22 21 32
35 36 36 35 35 36
53 53 54 52 51 53
2 2 3 3 2 3
60 16
52 52 53 52 53 53
14 12 13 13 13 13
9 9 8 10 9 10
15 12 12 14 14 15
23 22 26 25 23 23
20 20 20 20 20 20
19 20 13 11 12 15
39 39 38 39 39 39
3 3 4 4 4 3
14 15 19 13 16 16
52 53 52 52 52 52
59 59 59 58 59 58
48 38 47 40 36 46
8 0 0 6 0 5
13 14 14 13 13 14
18 18 18 18 18 18
54 54 55 55 54 54
58 58 59 58 59 58
26 26 27 26 27 27
49 52 52 49 48 53
38 37 38 37 37 38
24 23 23 23 23 23
41 41 41 40 41 41
3 1 2 0 3 2
20 20 20 20 20 20
19 19 19 19 19 20
11 7 10 12 11 10
9 7 4 6 6 7
26 28 23 27 24 25
35 35 35 36 36 36
5 5 3 3 5 4
38 28 42 26 17 30
56 55 55 56 56 56
12 10 11 11 11 12
51 52 51 51 51 51
35 37 39 39 36 32
16 17 17 16 16 18
35 33 35 34 34 35
27 28 28 29 26 26
49 50 50 48 49 50
15 15 14 15 15 15
27 39 43 23 25 37
24 10 24 18 24 14
25 26 25 25 28 24
23 23 23 23 23 23
43 44 44 44 44 43
49 51 49 51 51 51
12 10 11 11 11 12
33 34 34 33 34 33
13 18 0 11 18 6
50 51 51 51 50 51
53 54 54 54 53 55
21 20 33 29 25 29
42 51 60 43 54 53
16 17 16 16 16 16
40 39 39 39 39 40
27 25 26 27 26 28
51 51 51 50 50 51
9 8 8 7 8 7
6 6 7 6 7 7
60 39
26 23 21 17 24 27
0 0 0 0 0 0
39 39 38 39 39 38
10 10 15 15 15 5
2 2 1 2 2 2
45 45 45 44 43 45
46 37 56 38 37 49
47 47 47 47 47 46
31 30 30 30 30 31
38 38 37 40 36 39
14 9 14 7 8 9
24 23 23 23 24 24
55 55 55 55 55 55
18 18 16 17 17 16
57 58 58 58 58 57
37 37 36 35 42 39
16 16 15 15 15 16
40 40 42 41 38 39
2 0 0 1 1 1
46 47 46 47 46 46
39 47 38 39 39 47
21 20 20 21 21 21
10 12 11 11 14 14
5 5 6 6 6 5
25 24 25 24 25 25
37 34 32 33 37 33
18 17 16 17 16 18
17 17 17 17 17 17
51 52 33 33 40 50
42 44 43 43 44 42
28 28 28 27 28 28
2 2 2 2 2 2
21 20 20 20 20 20
9 8 4 10 8 9
5 5 5 5 5 5
9 12 10 13 12 13
17 16 18 19 17 16
45 45 43 32 44 44
0 8 1 21 1 0
34 34 34 35 35 34
19 21 21 20 18 21
17 17 17 17 17 16
26 34 29 24 32 29
2 0 0 0 2 2
28 28 28 28 28 28
4 8 10 10 4 15
32 34 33 35 33 32
59 56 56 57 59 59
47 47 46 47 47 47
25 38 29 25 26 40
14 14 14 15 15 15
57 56 57 57 57 58
51 51 50 51 51 51
40 39 40 40 40 39
45 47 39 49 43 42
58 58 58 57 58 58
6 6 6 6 5 6
34 34 35 33 34 33
30 31 30 30 30 30
15 14 15 14 15 14
60 60
48 47 47 49 50 48
57 56 57 56 57 56
29 28 29 29 29 29
52 52 52 52 53 52
37 37 37 37 37 37
18 15 19 19 13 16
36 40 37 27 26 30
32 37 37 38 26 32
26 27 27 27 26 27
38 37 38 38 38 37
32 34 30 28 30 31
30 30 30 30 29 30
22 23 24 23 22 22
9 9 9 9 9 10
57 58 57 58 57 58
14 13 13 13 13 13
43 48 45 43 42 49
51 51 51 50 50 51
8 9 9 10 9 9
28 30 23 24 23 20
12 11 25 16 24 16
49 46 48 46 48 50
12 12 13 13 13 12
5 4 5 4 5 5
57 57 57 57 57 57
2 10 1 1 14 11
52 51 51 51 51 51
9 9 9 9 9 9
2 3 3 4 1 3
49 48 48 49 48 50
59 59 58 60 60 60
46 47 47 46 46 47
53 50 50 52 51 53
32 36 35 31 36 37
39 39 39 39 40 40
50 49 49 50 50 49
37 37 37 37 37 37
51 51 51 51 51 51
30 29 28 28 29 30
48 48 48 48 48 47
58 60 57 60 60 56
40 40 39 40 39 40
47 47 47 47 47 47
51 53 44 56 37 48
46 45 44 44 44 48
27 27 28 27 27 27
7 6 25 17 16 24
44 44 45 45 43 45
22 22 22 21 22 22
19 20 21 21 19 18
45 43 42 40 40 40
7 6 6 5 4 6
45 44 45 44 45 45
33 30 30 29 34 30
51 52 53 51 52 52
44 43 45 43 46 45
32 33 32 33 32 33
25 20 17 25 36 34
3 23 22 3 29 21
34 34 33 34 34 34
60 60
5 5 5 4 5 5
2 19 9 4 16 4
46 51 48 45 51 47
37 31 31 42 38 34
58 58 58 58 58 58
50 50 50 50 51 50
1 4 19 0 0 7
8 7 8 8 8 10
52 52 52 52 52 53
20 19 21 21 20 21
21 17 18 17 20 21
33 34 35 33 35 34
21 21 19 19 18 21
58 58 58 58 58 58
16 15 15 15 17 16
18 16 18 21 21 19
47 47 46 47 47 47
60 58 59 60 59 59
57 57 57 57 57 57
11 12 12 13 13 11
59 60 58 60 57 55
45 42 46 43 43 46
48 48 47 48 49 47
43 55 44 51 43 52
44 36 42 49 37 39
21 26 21 30 27 26
34 33 33 33 33 33
56 52 56 55 53 55
27 26 26 26 27 27
29 29 28 29 28 28
42 42 42 41 42 43
33 32 33 34 32 34
54 47 58 54 49 44
52 51 51 51 51 52
13 19 16 21 14 17
5 5 6 6 6 6
43 43 42 42 42 43
22 7 24 30 8 0
55 41 46 38 56 39
56 57 57 57 56 57
31 30 30 31 31 30
57 56 56 57 56 57
38 31 30 32 37 34
45 44 44 43 43 42
10 9 8 11 10 9
51 47 52 51 48 49
0 1 0 0 0 0
25 24 23 24 25 24
33 33 33 33 33 34
20 15 11 13 11 16
14 11 11 11 9 10
44 43 43 42 41 41
32 32 31 32 32 32
12 20 16 18 22 16
26 25 25 25 26 25
21 21 21 21 21 21
18 26 26 20 27 24
9 9 9 9 9 10
29 32 24 28 22 22
25 32 31 31 29 30
60 14
50 50 50 50 50 50
37 34 34 33 34 34
30 28 29 28 31 28
32 32 31 32 32 32
52 52 54 57 55 54
9 9 9 10 9 9
9 7 8 9 7 8
56 54 56 59 55 55
18 19 18 19 18 19
24 24 24 25 24 24
52 53 52 53 52 52
53 53 53 52 52 53
12 12 12 13 12 13
17 17 17 17 16 17
43 43 46 45 44 46
32 32 32 32 32 32
24 24 24 24 24 24
46 42 45 42 48 54
12 12 12 12 11 12
41 41 41 41 41 40
53 53 53 53 54 54
23 22 23 22 23 23
22 21 21 21 22 21
24 24 24 24 24 24
54 53 53 54 54 53
57 57 57 57 57 57
9 10 8 8 8 9
4 7 7 9 9 7
28 27 28 27 28 28
46 46 45 46 46 45
49 49 50 51 51 50
25 25 25 25 24 24
53 53 53 52 53 53
10 15 12 14 14 10
27 27 26 26 27 26
42 49 40 47 48 41
6 6 6 5 6 6
28 28 28 28 28 28
1 1 1 1 1 1
22 22 22 21 21 21
26 28 29 23 27 23
32 33 31 31 31 32
3 6 6 8 4 3
55 60 60 55 54 55
23 23 23 24 23 23
45 44 45 45 45 45
29 30 28 30 28 29
39 36 36 35 39 37
42 42 41 41 42 42
47 48 47 48 47 48
19 19 18 19 19 19
54 53 54 53 54 53
47 47 47 47 46 48
3 0 4 0 3 6
4 4 4 4 4 4
1 1 1 1 1 0
60 60 53 53 60 58
1 1 0 1 0 0
6 5 7 6 7 7
37 37 37 37 37 37
60 24
26 25 25 25 25 25
38 39 37 36 38 36
41 41 41 41 41 41
29 30 30 30 30 30
7 9 8 7 8 6
45 45 44 45 44 45
1 1 1 1 0 1
9 10 9 11 11 9
39 39 39 39 38 39
34 36 34 32 35 37
18 17 17 17 17 18
20 19 20 19 20 20
15 15 14 15 14 15
12 13 11 7 5 8
52 50 52 51 52 50
31 33 34 33 33 33
20 19 20 20 19 19
14 14 14 14 14 14
25 25 25 26 25 25
26 25 24 26 24 26
18 18 18 18 18 17
7 7 7 7 7 7
49 49 49 49 50 50
6 7 7 9 8 8
8 10 7 11 8 11
3 2 2 3 2 2
3 3 3 2 2 3
45 45 46 46 46 46
34 35 35 34 35 34
26 27 26 27 26 26
8 9 9 9 10 8
28 28 28 27 28 29
28 27 28 28 27 28
23 24 23 22 22 22
58 57 57 58 57 58
27 26 27 27 27 27
42 42 42 42 42 42
50 50 50 50 50 50
21 20 20 21 22 20
47 47 47 48 48 47
41 40 40 40 41 41
21 21 20 20 21 21
46 48 47 48 48 47
9 9 9 9 9 10
20 20 20 20 20 20
49 49 51 48 48 49
57 60 59 54 51 51
46 45 46 46 46 46
1 0 1 0 1 1
49 49 49 49 50 49
60 60 60 60 60 60
5 5 5 6 5 5
6 5 6 6 5 5
0 0 1 0 1 1
0 3 7 0 7 8
46 45 47 47 45 47
42 39 38 43 43 43
27 26 26 26 26 26
25 23 22 23 24 24
25 24 25 25 24 24
60 39
47 50 43 44 50 47
32 29 26 29 32 27
40 40 40 40 40 40
57 57 57 57 57 57
0 1 0 7 0 1
48 50 51 56 53 51
12 13 13 13 13 12
54 55 54 55 56 55
45 47 46 46 46 46
6 7 7 7 7 7
39 40 39 40 39 39
39 41 40 40 41 39
9 9 9 9 9 9
42 40 41 40 41 40
7 7 6 7 6 7
19 16 18 22 22 17
20 19 17 20 18 17
10 10 10 10 10 10
29 27 22 32 39 15
53 52 53 53 52 52
36 36 37 37 36 36
14 14 14 14 14 13
25 24 24 25 24 24
57 59 59 56 60 58
0 0 1 0 0 1
52 51 52 52 51 51
60 60 59 60 60 60
40 40 40 40 40 40
32 27 32 34 28 33
51 50 50 50 51 50
19 19 19 19 19 19
25 25 25 25 25 26
49 49 49 49 49 49
29 28 29 27 29 27
20 20 20 20 20 20
2 1 2 0 0 1
50 49 49 50 50 50
0 3 1 0 0 3
30 31 29 32 30 33
50 50 51 50 50 50
42 43 43 43 42 42
27 28 28 27 28 28
58 58 58 58 58 59
2 2 1 2 1 2
54 55 54 55 55 55
8 9 8 7 6 6
7 8 8 8 8 7
21 21 21 21 21 21
6 6 6 6 6 7
21 25 23 22 28 22
16 16 16 16 17 17
17 18 18 18 18 18
60 60 60 59 59 60
47 48 49 50 48 49
27 25 25 26 25 27
33 33 33 33 33 33
59 59 59 58 59 58
46 47 48 47 49 46
16 15 16 15 16 16
20 18 21 21 19 20
60 49
28 29 29 29 29 29
22 23 21 20 22 23
14 14 14 14 14 14
11 11 11 11 11 10
17 16 16 16 15 16
52 52 52 52 52 52
43 40 51 44 50 41
15 15 15 16 15 16
32 36 36 35 36 32
12 12 12 11 12 13
3 4 3 4 4 3
54 54 54 54 54 54
3 4 5 3 2 3
55 56 57 57 56 56
28 30 29 31 31 31
38 37 43 46 38 42
26 28 35 29 25 29
31 31 31 32 31 31
52 51 52 52 52 52
33 34 34 34 34 34
56 56 56 56 57 56
13 15 15 13 12 12
18 21 19 19 19 20
28 28 28 28 28 27
36 36 36 36 36 36
19 21 22 20 19 20
40 41 41 40 40 40
37 35 35 34 31 36
42 42 43 42 42 42
21 21 21 21 21 21
0 0 0 1 1 0
24 24 24 24 23 24
25 26 25 25 25 25
44 44 44 44 45 44
54 54 54 54 54 54
59 60 59 59 59 59
20 18 30 36 23 14
10 11 11 11 11 9
0 0 0 0 0 2
1 2 2 1 0 0
24 23 23 24 24 23
56 57 57 57 56 56
4 5 5 5 4 5
52 52 52 52 52 53
52 52 51 52 51 52
7 6 7 7 7 7
27 23 23 23 30 30
39 36 38 37 36 36
3 4 3 4 3 2
4 4 5 5 4 5
60 60 60 60 60 60
31 29 28 31 31 29
37 37 37 36 37 37
20 20 20 20 20 20
36 35 36 36 36 36
8 8 7 8 7 7
46 47 46 46 46 47
12 19 11 13 11 4
9 9 9 11 10 10
59 58 59 59 58 59
60 60
52 52 52 51 52 51
17 15 17 13 13 15
25 25 25 25 25 25
35 35 36 36 35 36
7 1 4 10 5 6
15 14 14 14 14 14
17 17 16 16 18 17
7 6 7 6 6 7
22 24 22 22 24 27
40 40 41 40 40 40
41 41 41 41 41 40
28 27 30 29 31 27
6 5 5 5 6 5
48 46 46 51 49 48
27 27 28 27 27 27
6 3 5 4 3 5
4 4 4 3 3 4
25 26 26 27 27 26
45 45 45 45 45 46
36 36 36 35 35 35
7 8 8 7 7 8
34 34 33 32 34 34
39 38 44 42 44 39
24 23 22 25 25 24
50 49 47 50 48 50
32 33 33 33 33 33
15 15 15 15 15 15
29 29 30 29 29 29
9 9 7 7 9 5
16 15 14 15 16 14
38 39 38 39 39 38
14 14 15 14 15 15
3 3 3 3 3 2
39 42 39 42 41 43
52 53 53 53 52 53
52 51 50 51 52 51
6 6 6 6 6 7
10 9 9 10 9 9
51 51 50 51 51 50
34 50 44 37 49 36
5 5 8 7 5 7
24 22 23 20 26 20
9 10 10 10 10 10
47 46 47 47 46 46
31 30 30 31 30 30
44 43 43 43 43 43
14 11 13 11 14 11
53 53 54 53 53 53
23 22 23 17 17 20
26 25 25 26 26 26
16 15 14 14 15 14
29 29 29 29 29 29
29 29 29 29 29 29
13 13 13 13 13 12
43 43 43 43 43 42
15 15 16 16 15 15
49 49 48 49 49 49
35 35 35 35 35 35
9 9 10 10 9 10
34 35 34 34 35 34
60 11
10 52 60 18 39 19
30 25 18 0 28 7
19 34 0 0 15 17
55 41 24 59 52 57
11 12 12 12 11 12
40 60 29 49 27 48
60 16 37 60 42 53
39 43 38 48 53 41
39 39 38 39 39 38
29 30 10 12 12 16
37 55 59 48 39 51
40 40 38 35 33 35
0 0 40 26 22 10
16 1 0 11 7 26
26 41 60 51 46 57
40 32 15 14 30 17
43 52 51 50 56 56
60 33 44 50 41 60
60 60 56 60 60 47
23 22 23 23 32 5
33 26 33 52 22 31
14 24 32 34 18 23
50 59 20 52 7 37
28 60 32 33 32 58
19 19 15 20 14 19
1 0 0 0 0 10
0 8 2 3 19 5
18 25 29 30 0 9
50 10 30 14 12 30
35 45 40 57 40 60
10 29 28 0 37 4
0 5 12 10 23 37
24 13 14 0 10 34
20 15 13 54 13 8
34 30 45 55 38 54
48 52 54 59 32 45
22 0 14 0 0 10
45 32 43 27 40 39
2 44 39 37 22 35
55 60 47 60 44 55
60 39 54 60 44 47
46 37 33 51 32 51
58 55 58 56 57 56
29 4 33 6 0 10
0 3 3 0 22 5
60 60 55 58 34 39
55 57 47 37 44 48
24 7 27 21 24 27
60 60 53 40 60 30
56 38 53 37 32 60
24 6 15 42 43 19
23 14 14 28 12 33
53 52 23 25 23 49
15 59 23 52 33 53
32 25 24 25 29 30
6 12 0 4 6 11
60 58 55 58 60 56
40 16 36 26 43 17
38 42 11 20 37 19
0 7 48 26 0 50
60 23
21 24 59 33 43 51
17 17 17 16 15 16
37 44 29 57 49 11
27 40 39 38 51 45
55 60 60 42 45 55
35 60 60 39 60 39
10 7 32 13 17 17
17 6 32 17 23 24
60 60 51 29 41 60
38 58 12 59 39 35
47 29 45 39 42 47
21 23 19 21 26 19
39 50 60 46 31 48
20 18 29 17 22 33
48 47 51 45 53 41
10 46 27 0 30 25
60 60 38 31 38 24
0 15 5 0 14 1
29 40 9 10 10 43
14 31 7 9 0 0
9 20 13 23 17 11
57 29 27 43 60 60
44 31 60 60 60 36
29 5 28 4 9 5
26 37 0 41 0 34
1 16 5 9 22 24
60 39 54 38 60 30
55 54 52 54 45 47
0 1 0 25 36 0
60 45 37 49 22 45
44 29 52 7 56 57
43 48 31 43 38 47
15 45 42 0 31 0
21 14 25 18 26 23
29 32 1 6 36 0
30 0 15 33 0 15
60 31 60 55 34 53
39 29 50 60 60 24
52 41 53 43 41 48
13 60 46 38 35 60
36 37 20 26 49 39
5 7 0 7 0 0
0 0 0 12 0 23
15 32 9 25 25 54
48 40 44 48 38 36
16 11 14 14 9 10
57 60 48 31 60 45
50 26 43 57 41 44
2 16 37 34 38 36
16 0 0 10 19 6
0 1 27 2 25 0
25 32 42 59 29 45
0 0 4 8 0 10
60 56 39 60 59 23
36 31 26 37 32 37
38 57 59 11 8 35
1 0 5 0 13 1
19 15 28 26 15 26
45 60 60 60 42 48
17 54 55 36 21 45
60 31
15 18 4 0 11 1
0 5 13 4 19 0
0 0 4 19 17 8
25 38 34 31 0 16
43 33 0 31 51 36
60 30 60 35 60 41
55 43 35 33 24 60
57 57 42 49 29 51
21 11 8 0 22 15
27 22 57 40 47 32
5 58 12 16 8 13
12 31 33 26 6 7
60 34 32 54 32 60
43 42 43 42 43 42
0 10 8 21 34 0
60 60 55 60 60 51
45 60 60 35 47 27
47 42 27 33 46 38
0 21 45 24 1 22
60 60 45 60 40 54
5 5 10 10 8 7
23 38 41 60 60 20
21 0 6 0 20 18
10 9 11 8 10 9
26 13 25 22 19 0
41 60 60 57 49 55
25 53 58 34 25 19
24 25 20 22 17 25
21 12 11 21 17 19
8 27 0 0 28 32
46 10 29 25 31 11
5 0 0 0 9 23
60 33 55 37 60 36
35 30 41 11 16 52
25 57 52 21 60 20
55 54 60 60 60 53
28 31 44 22 60 21
31 35 21 1 40 1
54 60 33 38 35 39
6 33 39 3 7 44
47 20 1 42 48 11
18 16 16 18 6 8
60 54 48 19 57 38
23 23 35 40 21 15
11 6 3 21 4 14
5 51 13 6 48 0
44 18 0 0 15 15
7 20 0 2 4 0
53 43 21 22 37 58
27 0 37 9 37 0
5 22 37 34 17 29
32 26 24 42 27 19
16 18 27 39 17 28
60 60 36 60 51 52
39 38 55 54 32 44
60 46 58 60 14 34
36 32 35 28 33 28
18 9 37 24 17 25
38 51 14 26 31 48
22 27 49 8 54 30
60 48
10 10 10 9 9 9
0 20 0 8 17 0
54 44 41 60 36 60
19 0 0 25 0 17
36 0 41 0 35 25
11 35 10 33 14 24
26 44 7 26 7 35
23 18 9 8 25 27
36 58 60 54 29 60
37 21 31 18 0 46
60 60 31 53 59 32
19 28 30 39 18 26
20 49 47 37 51 50
26 18 21 57 32 43
23 38 37 37 18 37
41 28 0 0 19 32
31 19 40 22 15 35
6 7 37 19 56 32
0 8 3 17 1 22
22 15 30 31 36 24
18 21 19 18 22 20
38 60 60 38 39 36
60 40 59 52 60 42
0 6 0 5 8 4
6 27 5 27 0 0
31 8 11 48 0 44
46 46 46 47 47 48
60 55 16 30 22 47
50 60 16 35 32 21
28 19 27 31 15 36
6 6 4 4 0 1
14 11 12 5 16 16
25 28 42 59 32 53
55 56 54 35 36 60
15 7 16 0 6 0
60 39 54 17 59 54
14 19 20 15 0 25
45 37 41 20 7 27
0 14 0 16 18 0
36 0 26 36 22 41
14 8 32 0 24 31
60 53 59 55 51 60
60 60 50 60 40 32
31 0 27 1 14 0
10 10 47 8 10 17
11 0 41 0 25 30
49 49 37 14 49 26
37 60 8 23 57 24
17 17 8 5 5 45
34 34 51 22 22 50
23 0 4 1 0 0
17 48 6 51 55 2
0 27 30 29 0 32
42 34 46 0 29 1
16 28 35 49 21 1
15 7 0 1 26 21
22 0 38 20 42 0
18 46 46 35 16 33
53 55 56 2 42 33
37 35 60 40 49 51
60 60
27 34 21 7 27 42
47 58 36 35 42 60
22 60 44 42 11 53
19 57 40 29 22 50
31 37 31 44 38 44
1 18 22 0 4 0
0 40 30 5 15 37
49 48 40 55 44 57
6 43 32 34 46 53
49 49 49 48 48 49
17 11 6 0 3 0
35 31 32 30 34 35
59 57 59 53 51 55
0 0 24 29 0 3
43 44 15 19 37 49
3 0 0 1 9 8
25 24 33 12 17 33
60 55 46 60 47 40
0 20 0 28 27 8
48 13 31 21 11 3
33 31 0 44 36 26
20 18 19 18 18 20
44 37 0 24 29 29
0 0 7 21 19 6
14 19 14 23 3 22
38 57 58 48 35 48
35 26 16 34 19 39
10 25 2 8 15 45
60 57 60 51 58 43
40 0 10 24 0 27
10 25 11 5 21 15
22 19 21 21 14 16
50 16 58 22 23 38
0 4 0 0 0 34
32 0 10 0 7 22
9 40 36 16 31 25
22 27 56 37 39 39
0 8 3 15 0 19
6 56 50 46 31 47
36 38 41 46 50 60
56 45 28 55 60 60
3 12 17 4 12 0
0 6 26 28 16 29
0 0 3 23 7 8
60 51 60 56 44 47
37 19 54 23 47 19
30 55 24 24 44 60
31 33 26 35 27 26
35 48 59 60 60 44
47 44 57 27 24 45
21 58 33 45 23 38
29 58 60 41 60 49
5 5 8 0 5 25
9 0 20 0 1 0
36 52 41 60 58 60
29 56 60 45 52 48
11 0 54 30 5 36
60 60 51 60 31 52
34 40 39 60 49 58
18 38 0 30 32 16
60 5
5 0 3 4 5 5
7 15 12 12 1 0
30 30 18 53 48 60
51 55 55 53 55 55
1 0 10 2 8 3
6 0 0 0 13 2
9 24 7 59 27 22
40 48 30 57 49 53
39 39 44 43 32 34
18 13 13 14 22 43
24 36 26 26 30 41
22 21 20 17 4 1
33 41 20 21 52 36
38 60 60 40 49 54
60 60 39 48 60 38
17 9 20 21 17 27
37 53 34 52 35 34
14 0 3 9 21 21
47 59 60 53 53 44
26 29 28 28 28 27
39 34 36 28 30 30
31 36 34 33 33 35
47 49 37 40 30 50
43 35 40 40 48 32
39 40 18 18 27 14
46 43 41 42 46 45
60 43 27 33 31 60
3 10 0 0 10 0
39 41 44 43 39 36
0 0 19 11 3 18
52 60 60 50 60 51
16 22 18 15 18 19
52 57 43 60 59 57
60 53 51 60 39 60
5 0 1 26 8 0
45 49 43 41 52 45
0 0 12 0 31 0
5 5 10 0 2 9
0 14 0 0 12 3
58 58 59 60 59 58
23 23 18 20 21 21
4 15 9 16 19 10
60 60 60 54 41 41
53 53 55 49 51 50
46 51 37 40 45 41
39 13 28 13 6 36
28 30 28 29 27 26
25 25 15 19 17 31
60 47 57 57 58 60
21 14 19 16 18 18
22 18 16 19 14 26
9 35 50 26 56 13
17 22 0 29 15 26
45 3 17 37 39 13
27 11 28 6 5 32
53 55 60 50 60 60
56 35 57 15 56 28
55 32 50 50 50 45
55 59 58 60 57 60
42 40 56 46 53 60
60 16
36 4 52 31 10 45
40 39 38 39 39 39
8 10 9 8 10 8
14 34 46 46 24 3
60 53 60 57 60 39
14 14 14 13 14 13
43 40 31 33 36 34
50 53 46 42 49 45
20 15 25 17 26 3
41 60 48 14 18 37
53 52 53 52 51 54
60 52 53 60 60 56
44 43 44 44 41 44
8 4 8 24 8 5
9 7 1 11 0 3
49 41 25 31 49 25
11 25 18 4 11 27
42 40 36 35 36 41
27 27 16 33 19 37
12 16 11 14 10 15
1 0 0 0 2 2
9 13 41 10 23 14
56 40 45 55 55 42
50 51 50 51 51 51
28 30 27 27 25 25
12 19 17 19 26 21
15 21 25 13 25 1
23 15 14 38 11 49
31 20 33 50 52 36
29 20 16 0 28 0
47 47 46 47 45 46
50 48 56 56 50 47
9 10 15 14 7 9
4 11 8 13 18 5
0 26 0 18 0 0
36 46 47 42 25 37
12 13 15 15 15 13
55 51 48 42 60 60
27 41 22 42 34 40
18 48 9 29 37 32
53 54 54 54 53 54
25 6 25 9 11 12
30 25 32 49 48 25
14 0 34 29 7 36
4 5 1 1 0 3
31 16 40 28 31 37
55 50 50 56 59 60
59 60 50 51 50 58
16 16 17 17 16 16
48 21 32 6 53 44
22 4 33 34 16 2
24 19 17 27 18 26
2 1 11 2 10 8
8 20 17 4 4 23
46 46 46 46 46 47
46 48 49 47 44 44
60 60 48 60 49 58
54 60 24 60 52 38
6 0 24 28 5 8
23 25 20 25 27 23
60 37
44 60 60 60 33 34
20 27 33 29 20 20
28 22 15 17 10 18
28 17 13 24 14 21
9 22 0 28 28 0
20 25 21 37 27 34
38 20 39 21 28 16
6 0 5 12 0 9
17 6 21 30 3 16
0 40 30 0 14 0
13 39 41 21 11 15
60 55 58 44 57 60
8 0 12 17 23 0
17 18 18 16 18 17
34 26 0 4 27 10
41 41 50 51 47 42
37 14 11 26 26 39
41 36 42 39 40 33
5 2 6 9 0 3
32 49 31 60 29 54
30 53 36 60 60 59
57 26 31 45 22 47
46 46 46 47 46 46
44 45 36 43 26 21
6 9 7 4 6 10
43 54 32 60 60 55
55 49 60 60 59 52
9 8 9 4 12 4
5 2 3 5 8 6
2 11 4 4 10 12
13 55 60 14 60 53
42 55 47 40 60 60
1 42 16 20 3 26
22 38 42 32 16 39
23 4 27 18 14 18
51 44 42 40 42 49
54 44 50 60 60 42
47 60 60 47 60 60
46 39 60 45 60 60
27 47 23 46 32 15
17 24 33 26 20 31
52 21 31 55 41 55
29 13 12 0 14 22
0 0 22 15 2 12
17 12 19 0 0 0
6 24 35 36 11 34
32 55 44 28 45 32
28 31 24 29 26 36
45 0 11 0 5 35
10 1 2 12 17 0
25 28 33 31 39 17
26 33 17 24 18 37
21 45 42 57 21 24
0 23 3 14 26 4
58 58 58 47 38 36
11 16 9 19 17 12
40 42 42 39 41 44
55 60 50 46 60 42
27 60 45 55 43 29
28 10 4 18 16 25
60 49
32 45 48 45 43 38
8 11 11 2 0 0
19 49 8 15 43 18
47 40 42 40 44 44
42 31 30 51 29 30
16 22 29 26 26 28
7 3 5 21 40 41
13 10 0 0 29 4
47 39 36 40 30 31
53 28 47 42 31 45
29 26 29 29 31 20
47 31 41 38 53 55
38 34 41 41 34 21
39 39 38 36 32 32
29 27 34 33 28 25
30 0 10 31 0 8
53 34 52 17 35 50
0 18 0 11 16 2
50 47 60 60 60 59
60 50 60 40 48 60
42 59 52 41 46 45
30 39 33 30 17 20
16 11 42 38 15 29
28 15 11 11 17 14
56 42 38 60 60 40
0 26 2 32 31 9
5 3 23 20 24 9
28 33 31 40 29 31
30 44 57 57 46 26
54 56 55 54 54 56
30 21 29 34 36 41
44 44 45 45 45 44
55 57 60 60 59 50
60 48 45 40 40 55
1 3 2 0 17 30
16 8 10 10 30 0
57 25 59 60 53 44
45 60 59 60 59 54
49 33 47 54 56 45
11 11 10 8 13 10
55 60 35 32 40 58
17 21 13 15 15 22
39 29 29 25 25 23
10 11 25 22 22 21
24 25 33 32 23 34
22 32 27 22 35 15
42 43 36 35 37 45
3 0 17 5 6 4
60 54 44 45 60 47
49 18 27 49 0 28
7 7 2 1 37 37
18 0 5 20 0 7
39 36 44 32 50 27
11 20 25 5 9 14
38 54 38 41 50 33
31 28 27 42 40 49
60 53 60 49 60 39
32 21 42 44 12 25
24 19 35 4 7 35
12 10 9 10 9 11
60 60
0 0 13 12 0 10
40 21 27 60 21 60
49 39 60 39 60 45
54 36 36 60 59 35
40 0 14 25 4 3
5 0 0 11 6 7
38 29 30 60 35 60
23 25 16 21 27 10
46 41 41 39 40 39
20 25 30 30 12 11
34 47 53 39 54 37
29 43 35 34 40 41
32 23 9 23 49 38
34 34 6 22 21 12
10 0 0 21 39 0
32 18 26 42 10 20
9 12 32 2 0 6
54 51 60 57 57 55
45 22 37 25 44 27
60 37 31 52 60 47
44 59 60 58 60 47
44 38 32 47 33 27
36 59 42 46 31 53
58 59 58 59 58 58
43 60 52 55 25 60
13 13 12 12 13 13
57 37 38 58 55 36
17 14 18 16 11 6
27 26 23 27 23 28
0 21 3 0 15 19
2 14 5 20 7 10
53 55 53 56 49 52
38 12 36 14 24 33
39 54 24 16 52 55
12 4 0 0 18 14
36 44 34 4 49 1
40 36 57 46 49 54
53 53 60 60 60 54
50 41 41 54 26 28
15 12 16 18 13 13
25 5 17 4 14 19
9 10 11 9 11 10
30 22 15 39 38 40
60 46 20 22 60 60
21 23 25 1 36 36
47 49 45 36 39 39
7 6 7 4 6 7
30 26 35 25 36 28
9 0 10 10 17 10
28 56 31 60 58 30
29 40 29 8 21 15
18 19 16 19 16 18
58 55 55 60 54 54
10 13 9 11 11 9
41 16 40 12 6 28
11 18 11 18 19 17
20 22 28 26 18 18
53 43 32 49 37 50
36 35 34 35 38 37
27 11 16 30 1 21
60 9
47 49 45 47 48 48
51 51 51 52 51 51
8 34 5 1 11 16
30 31 51 28 35 43
18 30 37 22 24 22
37 33 33 35 25 27
58 29 50 29 37 39
28 30 26 28 28 25
3 9 8 10 10 11
22 22 17 23 17 22
58 55 55 56 59 58
0 5 10 0 0 0
50 44 53 52 50 44
55 54 49 48 48 51
7 20 6 0 8 0
7 6 7 7 7 6
11 20 15 22 9 21
7 0 10 8 12 4
1 12 9 2 10 6
7 12 6 13 10 8
47 47 46 47 47 47
46 36 16 31 44 19
32 26 27 29 30 33
14 12 14 14 12 12
0 0 1 0 0 1
52 57 56 60 60 51
9 12 13 9 8 8
24 26 23 24 26 26
29 30 14 34 14 31
13 12 13 11 12 12
30 29 30 29 28 30
47 46 43 48 48 47
46 45 47 45 46 45
3 0 0 1 0 3
40 40 41 42 48 45
0 16 7 6 3 0
43 43 43 43 43 42
19 6 2 24 18 30
6 25 0 20 8 2
14 3 18 9 5 7
16 18 12 16 15 11
47 44 44 39 44 45
0 0 0 1 1 4
29 27 30 25 29 32
22 42 21 34 26 29
4 4 6 11 9 6
23 28 23 18 23 30
53 54 57 54 55 52
17 21 27 22 26 22
42 22 40 44 20 42
39 40 29 34 32 49
17 28 6 24 20 29
26 23 26 24 20 23
40 60 38 58 60 60
48 52 42 45 22 38
19 4 6 2 22 3
54 53 53 52 55 54
3 21 12 10 2 5
37 46 46 43 41 45
41 38 41 40 38 38
60 24
37 36 36 36 36 37
26 30 27 33 28 29
45 41 60 46 60 60
54 55 52 56 55 53
53 52 53 52 52 53
50 50 49 52 40 42
25 14 7 36 25 7
49 50 47 51 50 53
45 45 45 43 45 44
53 52 52 54 53 54
46 50 49 55 49 48
27 34 38 41 41 36
44 46 48 48 45 50
1 7 2 0 8 0
45 37 36 38 46 39
57 60 49 60 42 60
54 55 60 55 52 55
39 38 31 38 39 35
27 27 26 26 27 26
26 27 27 26 27 26
51 56 38 50 60 46
31 31 36 35 31 31
60 49 49 54 60 55
43 41 38 34 34 38
17 25 29 30 23 20
29 29 28 30 28 30
36 42 37 52 46 50
32 32 32 32 33 32
46 43 47 45 41 45
31 39 32 30 28 38
9 0 0 15 3 6
35 40 40 34 33 59
10 6 5 1 11 9
21 22 23 25 24 20
57 35 40 40 45 48
0 3 4 2 1 0
52 45 59 52 57 45
0 8 3 8 0 4
13 11 22 12 26 21
6 7 6 5 6 5
11 6 12 21 31 20
15 12 14 11 14 10
20 19 17 18 13 16
55 60 56 60 60 60
35 32 31 35 31 30
19 21 23 22 21 19
47 47 47 47 47 47
1 23 11 38 0 19
60 60 42 43 48 59
0 0 25 4 23 19
51 46 45 50 43 21
1 15 1 19 12 7
53 60 55 59 56 54
46 58 51 57 57 46
15 13 11 6 10 16
23 34 28 24 29 19
23 34 23 22 21 15
23 31 14 15 15 34
33 31 34 34 37 36
60 51 55 55 51 52
60 34
23 0 17 30 15 3
14 13 8 26 23 37
45 38 46 37 44 38
48 52 49 49 49 51
23 22 22 23 23 23
46 35 37 36 45 41
43 23 36 22 47 60
15 14 15 15 15 12
19 17 6 5 7 9
34 34 33 34 34 33
5 1 1 9 5 2
57 46 45 56 55 54
6 5 6 6 6 6
24 0 11 8 6 0
13 11 20 3 5 13
27 26 16 30 39 26
29 8 25 26 29 9
53 55 51 50 52 53
47 48 56 34 46 52
18 30 33 20 46 9
26 26 24 33 37 33
60 48 56 59 38 37
54 54 54 54 54 54
37 39 40 38 41 37
58 58 59 59 58 58
32 52 38 52 55 42
46 46 48 47 47 48
7 0 4 0 7 9
27 29 31 35 36 31
55 55 55 56 54 55
60 53 54 60 60 53
60 59 57 57 58 60
8 3 5 16 2 2
51 37 48 50 47 40
28 28 27 27 27 28
9 8 7 7 7 9
20 16 14 21 17 17
18 20 15 11 23 24
8 9 9 8 9 11
19 18 20 20 22 23
31 34 24 26 13 15
21 31 18 24 30 24
24 17 11 33 32 21
44 47 43 41 47 50
6 6 11 5 7 4
1 0 8 0 4 1
44 38 28 43 29 36
1 0 0 0 2 0
11 8 11 16 14 19
39 23 37 18 20 18
27 27 20 23 20 27
11 13 8 13 9 13
60 58 60 54 47 58
60 38 60 60 46 50
1 2 2 3 2 5
53 49 50 57 56 60
47 54 53 51 51 57
40 40 37 39 41 38
4 2 5 7 7 8
50 45 57 33 50 36
60 53
43 46 36 47 29 52
48 45 46 49 45 42
32 31 31 32 31 31
43 41 33 51 36 54
41 42 39 44 41 40
5 3 3 5 4 5
1 8 7 0 0 2
22 17 17 15 24 20
54 60 51 60 51 48
39 39 37 40 39 39
60 58 52 60 60 47
16 16 16 16 17 17
44 45 42 43 46 47
38 39 45 42 49 51
21 26 23 20 23 21
38 37 50 60 58 36
51 52 52 50 49 52
48 50 56 55 46 45
22 20 24 23 24 22
36 36 38 39 42 38
40 38 40 39 38 36
43 53 52 52 42 45
4 3 4 3 3 4
44 45 45 46 47 44
30 31 30 29 30 32
12 12 10 9 11 13
57 53 56 54 52 53
11 12 9 13 11 13
24 37 26 36 28 24
53 52 47 50 52 52
27 41 41 20 33 23
6 0 9 6 0 4
26 1 24 21 15 20
60 58 59 57 60 58
4 7 10 4 24 13
51 42 53 60 32 60
30 28 43 41 30 32
52 53 51 52 52 52
10 0 17 0 12 11
41 60 49 60 59 49
19 6 20 19 5 22
55 56 55 54 54 54
58 56 54 56 57 60
14 15 14 14 13 14
60 60 51 60 54 55
28 30 33 60 46 59
37 37 41 35 41 34
51 51 52 53 52 52
50 44 43 46 42 41
27 23 37 28 28 30
46 56 41 36 55 37
32 32 31 36 28 31
8 11 9 8 9 9
11 20 14 20 16 15
31 31 31 31 32 30
36 41 36 41 8 40
51 52 54 54 52 50
33 24 17 33 31 25
16 10 3 0 18 17
27 28 24 22 22 22
60 60
5 0 0 0 0 3
23 22 26 10 23 9
54 60 52 50 60 60
30 13 24 6 7 14
6 5 1 1 4 3
37 32 37 41 34 38
57 58 60 60 60 60
23 22 24 28 26 26
53 56 52 57 50 57
58 58 57 58 59 58
38 41 38 38 52 51
30 28 28 27 33 28
34 33 34 33 31 33
46 49 41 36 45 34
49 45 44 60 33 57
31 41 45 37 17 15
23 35 37 37 23 20
35 44 31 42 31 25
47 45 44 58 53 57
46 42 33 44 41 44
45 37 41 28 37 42
47 55 34 34 34 58
25 44 21 37 38 45
43 44 43 43 42 44
0 2 5 11 4 5
23 26 24 23 25 25
38 24 21 33 23 31
22 19 16 21 18 17
36 47 39 37 36 37
32 31 32 32 30 32
33 43 20 43 28 29
40 43 49 41 50 47
41 35 37 38 38 40
40 33 37 38 37 38
14 21 18 22 27 14
11 20 10 12 7 19
46 46 46 46 44 44
38 39 39 39 40 38
8 10 13 11 5 5
25 25 23 19 26 20
9 10 7 10 9 11
31 32 31 31 31 31
28 18 20 25 28 13
47 49 50 45 59 55
28 44 37 31 41 48
17 17 18 17 18 18
41 54 46 47 54 52
16 33 29 22 12 25
8 13 10 12 6 12
0 7 1 0 2 6
18 19 15 17 27 22
19 27 25 16 27 18
5 1 11 12 11 10
60 52 48 60 60 50
19 25 17 23 34 27
44 47 44 46 45 44
25 19 25 22 24 22
17 9 30 20 0 33
9 1 7 15 0 9
54 60 55 56 49 56
60 12
28 26 25 23 27 24
31 31 32 31 31 32
49 50 49 48 49 48
15 15 16 19 17 18
57 55 55 59 60 60
6 10 7 9 8 7
53 50 60 49 56 50
1 1 4 4 3 5
47 47 50 47 45 51
44 44 43 43 44 43
54 54 54 53 54 54
12 14 11 14 14 12
55 54 57 54 54 53
0 1 1 0 0 1
4 4 5 5 4 4
7 6 15 16 14 8
14 13 14 13 14 14
1 1 1 1 1 1
26 26 26 27 27 27
10 12 12 8 12 5
1 4 4 5 2 4
17 20 17 21 20 21
50 50 47 49 44 39
39 55 57 60 41 50
13 11 11 13 10 12
52 56 57 56 58 53
55 56 56 55 55 55
10 9 8 9 9 9
22 21 21 20 26 23
29 32 32 36 34 34
28 26 26 26 29 28
42 41 42 42 42 42
53 54 54 53 54 53
29 28 28 29 28 29
19 18 18 18 18 19
19 19 21 19 22 18
51 49 50 47 48 48
20 18 21 21 20 21
6 7 7 6 6 6
4 2 3 3 4 4
60 57 58 60 53 57
42 43 41 43 41 44
43 35 43 35 33 36
11 12 9 11 13 12
31 31 31 31 31 31
32 32 35 35 31 33
24 24 29 24 25 25
45 45 46 46 45 46
51 50 51 50 51 51
2 1 1 1 1 1
12 14 1 0 3 11
7 6 7 7 7 7
49 48 49 47 46 49
9 9 9 9 9 10
60 59 59 60 59 60
4 5 5 5 4 3
60 60 60 60 60 60
34 32 33 34 34 35
29 29 31 31 31 31
20 24 30 19 31 25
60 21
17 13 11 13 15 19
52 52 53 52 53 54
36 37 35 36 36 36
51 52 42 40 41 57
20 19 28 21 19 26
33 29 32 32 32 29
44 43 43 44 42 43
35 36 35 41 40 40
34 34 35 35 35 33
22 17 25 17 21 16
40 42 39 39 39 40
13 12 12 12 12 12
39 41 44 44 42 39
47 46 47 47 46 46
7 8 9 8 8 7
4 7 8 6 8 4
59 58 59 55 58 58
18 17 18 18 18 18
27 26 26 26 27 27
22 22 21 22 23 23
24 23 27 29 23 29
50 53 49 49 55 49
35 33 30 23 33 28
21 21 21 21 21 21
16 7 16 15 8 15
3 13 4 6 9 7
47 48 47 47 47 47
27 25 27 29 25 25
5 5 5 4 7 6
36 36 35 35 36 36
21 21 20 20 22 22
43 41 42 41 41 42
13 13 16 13 15 15
29 27 26 30 29 30
22 21 21 22 21 23
27 28 29 29 29 27
26 26 26 26 26 26
49 53 49 51 53 50
5 4 5 5 6 4
4 4 4 4 4 3
12 7 14 12 15 15
15 13 16 15 15 17
53 55 57 57 53 57
13 14 13 13 13 13
60 59 58 60 56 57
12 12 12 11 11 12
13 13 15 18 15 17
2 2 3 2 1 2
22 21 22 21 21 22
59 58 56 54 53 55
60 56 60 60 60 60
9 9 13 9 12 7
30 30 30 29 29 30
0 4 0 4 3 3
31 29 30 28 16 29
31 19 20 16 18 20
46 45 46 44 47 46
42 41 40 40 43 42
11 11 13 10 13 11
6 5 5 6 6 6
60 43
3 4 4 5 3 5
5 5 4 4 5 5
15 16 15 15 15 16
7 6 6 6 6 6
19 18 17 17 17 18
8 8 7 8 8 7
54 54 55 55 55 54
40 41 38 40 37 37
49 44 47 45 49 46
27 25 31 27 27 23
27 27 25 25 25 27
17 17 16 17 17 15
4 0 0 3 3 2
29 29 29 29 29 30
40 36 38 37 38 34
31 29 35 34 28 30
0 0 7 2 2 9
20 19 26 24 17 21
17 19 17 18 19 19
21 17 20 18 18 21
2 1 2 1 2 2
15 13 14 15 15 13
22 22 21 22 21 21
39 39 41 39 44 39
41 39 39 41 40 41
46 48 51 56 45 55
19 24 26 25 25 23
10 10 10 9 8 9
0 4 3 4 0 4
23 24 22 22 22 24
49 49 49 49 50 50
13 16 20 9 16 17
7 14 13 13 1 7
36 35 35 36 35 36
28 28 28 28 29 28
6 6 6 6 6 6
22 22 22 22 23 23
23 22 22 24 22 22
15 32 34 33 26 22
21 16 23 21 23 20
23 24 23 25 27 21
3 1 0 4 1 0
12 12 12 13 12 12
31 32 32 30 29 32
1 3 4 2 4 3
24 37 28 36 26 39
3 3 3 3 3 3
4 4 4 4 4 4
8 7 10 7 7 8
45 46 46 45 45 46
38 39 39 43 41 41
28 31 33 40 39 34
4 5 5 3 3 5
9 6 9 7 9 9
37 36 36 36 36 36
12 13 14 11 9 11
7 10 7 16 9 5
48 48 51 46 47 48
56 56 56 56 56 56
59 58 58 59 59 59
60 52
39 38 39 41 42 39
26 32 26 26 31 29
0 1 0 0 4 4
43 43 42 42 44 43
32 34 45 41 44 42
30 31 30 29 29 29
2 5 2 2 2 5
25 25 24 24 23 24
16 6 5 12 24 23
49 43 43 50 46 43
57 59 60 60 60 60
51 59 51 56 58 59
2 0 1 4 1 0
27 24 28 23 25 28
45 45 44 45 45 42
2 1 1 4 1 1
40 40 39 43 40 41
26 27 26 27 27 26
34 29 34 21 35 34
3 3 4 3 3 4
47 47 46 47 46 46
39 36 31 37 29 29
25 23 23 27 26 23
16 16 16 16 16 16
28 28 28 24 29 24
24 24 24 23 24 24
31 32 32 32 29 27
14 15 14 15 14 15
25 21 26 25 22 25
19 18 20 19 18 20
36 35 36 35 35 35
43 44 43 43 44 43
54 57 56 56 58 55
31 36 35 34 35 33
43 39 42 42 40 47
30 29 30 30 30 30
6 2 5 5 3 3
48 60 56 49 53 60
49 51 50 53 53 50
56 54 55 57 56 54
19 15 15 13 15 17
20 19 22 23 24 21
35 34 33 33 35 34
60 60 60 60 60 60
27 28 29 25 30 28
7 6 5 7 7 6
7 7 5 5 7 3
36 38 42 38 50 49
18 18 19 19 20 18
20 20 22 19 22 22
11 10 12 12 13 12
36 37 36 36 37 37
51 52 51 52 51 51
35 37 37 37 37 39
4 5 5 3 5 5
55 58 60 60 60 58
38 39 38 37 37 38
50 55 49 50 49 49
43 50 49 51 55 44
6 0 0 4 6 2
60 60
11 6 4 5 5 16
37 38 42 41 39 27
5 1 2 8 3 0
47 46 48 48 47 48
26 26 26 26 28 28
11 12 13 12 11 11
7 1 0 10 17 5
26 29 28 26 29 27
49 48 48 47 47 48
37 36 37 38 36 37
26 25 34 33 36 37
45 39 43 41 41 41
44 48 46 46 51 51
36 39 38 38 36 41
21 18 19 19 18 18
16 17 16 17 16 16
15 19 17 18 21 16
43 43 44 44 44 44
41 38 37 45 44 45
14 13 13 13 14 14
20 20 21 23 21 20
45 44 45 44 44 44
38 39 39 40 37 32
60 59 58 59 60 59
17 17 18 17 18 17
32 36 36 35 31 34
25 30 29 24 29 24
28 33 28 34 31 29
43 46 42 44 44 46
15 18 20 17 15 20
60 60 57 60 58 58
60 57 58 59 60 55
19 18 18 18 18 18
22 19 23 20 18 20
7 8 7 6 8 8
5 4 4 3 4 5
31 22 23 24 27 31
28 29 25 24 27 25
16 20 17 19 18 18
44 44 45 44 44 45
6 7 5 8 4 3
9 9 14 11 9 14
50 51 51 50 50 52
8 7 1 2 7 2
51 47 51 52 52 47
19 14 21 24 13 26
0 0 4 2 0 4
39 40 40 40 40 40
35 36 36 34 32 33
22 22 23 24 23 24
33 35 34 35 36 35
47 46 46 47 47 47
13 10 11 11 9 11
27 28 27 33 32 24
43 42 43 43 43 42
17 19 19 20 18 20
18 15 20 13 11 13
43 43 42 43 43 41
45 46 45 46 46 46
27 23 25 24 25 25
60 4
0 0 35 45 20 41
22 58 60 32 56 41
27 60 25 56 60 22
33 39 37 59 60 29
5 41 7 29 40 38
52 30 60 60 60 41
0 38 0 37 0 38
4 0 0 9 15 0
29 10 32 60 25 55
29 36 42 46 26 35
45 14 42 12 11 14
29 10 0 34 2 42
33 25 20 47 36 32
60 60 29 60 18 46
29 58 24 20 26 53
37 41 57 37 57 34
0 8 2 27 0 0
60 47 52 60 37 44
39 44 40 26 27 31
44 22 12 26 20 35
9 37 40 38 25 13
36 12 35 54 49 39
23 8 33 20 28 14
49 26 19 45 16 60
30 25 0 21 20 40
0 21 29 34 0 27
11 0 5 17 0 38
20 57 49 31 39 29
44 52 38 52 59 51
26 12 28 2 0 0
46 26 25 33 15 17
52 26 60 60 12 41
34 4 16 10 29 13
60 51 60 34 46 57
39 27 18 0 0 19
44 27 1 38 54 31
21 60 54 60 25 60
29 7 39 25 24 38
0 22 16 24 0 11
47 41 13 10 34 16
0 27 30 0 0 0
34 38 29 29 60 60
22 24 36 19 58 43
30 1 9 0 17 41
38 0 8 15 16 24
17 0 30 0 7 41
32 27 6 20 11 8
42 26 36 26 60 60
14 21 16 27 11 21
60 40 42 60 60 38
9 38 6 29 21 46
15 57 51 54 7 43
26 0 21 0 0 22
27 60 60 60 14 39
60 38 60 60 40 60
0 30 12 16 0 0
19 16 0 26 3 0
56 25 60 29 50 60
0 0 8 8 17 25
0 9 17 6 0 15
60 30
42 14 29 23 24 8
19 26 19 26 21 35
0 6 0 43 18 49
12 21 10 33 24 5
0 46 33 18 26 0
26 19 57 41 40 10
17 18 0 1 34 16
20 33 20 34 21 14
42 40 16 18 33 30
49 28 48 60 24 59
10 41 42 39 13 31
39 11 55 11 32 25
19 27 46 15 56 40
4 0 41 6 7 15
60 60 24 28 24 16
0 0 35 0 0 15
0 30 21 44 22 33
0 0 0 10 14 50
36 52 60 60 35 57
47 46 25 37 34 46
29 23 51 38 24 22
0 33 6 8 30 37
39 49 31 3 60 58
60 52 60 36 35 60
60 21 22 60 60 54
27 8 33 5 32 10
60 53 37 60 56 24
35 33 60 60 21 45
49 60 39 40 46 58
0 20 0 0 17 20
40 17 13 50 60 11
22 36 20 41 24 0
58 36 41 60 45 60
60 22 46 45 60 60
52 41 10 36 17 36
33 41 41 4 21 7
2 10 20 36 0 0
0 32 0 13 0 4
46 23 12 45 39 49
0 14 26 0 0 3
60 31 42 49 60 59
11 0 0 17 18 0
24 59 34 30 33 31
58 60 39 60 41 25
60 49 60 51 60 44
36 24 60 60 55 24
54 22 10 25 58 55
38 60 45 50 60 39
0 28 17 15 0 26
21 24 41 46 31 27
52 21 49 38 1 27
12 26 4 1 7 38
14 0 0 16 14 11
24 60 58 30 32 33
0 14 31 0 11 37
29 32 10 24 1 18
60 60 55 38 60 42
0 0 31 22 11 31
60 40 60 41 23 60
9 14 0 4 7 32
60 41
37 26 42 32 0 35
15 21 0 0 18 13
4 0 0 0 13 6
42 34 46 48 60 50
24 60 50 35 14 46
46 60 37 50 47 52
12 9 14 0 36 35
19 30 12 42 24 41
43 26 49 28 35 60
18 23 48 12 49 13
37 15 19 12 17 0
0 15 18 8 32 0
8 17 0 13 35 35
39 14 42 42 44 47
50 60 51 52 50 60
18 28 29 11 16 28
12 14 20 52 21 10
41 27 31 24 55 53
44 60 46 43 47 49
25 0 0 32 29 0
16 0 36 0 43 21
6 0 11 7 4 14
60 60 41 53 41 21
29 14 60 8 51 7
60 60 42 31 60 60
0 0 0 6 26 24
0 19 36 42 43 6
7 11 2 19 10 19
21 28 41 7 46 19
60 38 34 60 60 57
40 36 34 53 55 57
23 28 22 17 21 31
0 10 24 22 35 0
5 51 51 23 17 38
9 0 6 10 30 4
10 52 52 20 50 11
20 11 38 9 0 0
60 43 52 60 46 26
57 60 59 19 60 60
21 60 47 29 47 10
1 14 1 0 0 10
4 7 46 16 0 23
1 38 39 33 17 36
56 60 17 44 21 53
54 46 19 45 21 4
38 0 8 0 9 0
40 17 60 41 12 52
18 23 21 18 22 23
35 41 8 27 0 36
38 0 0 4 13 0
15 12 7 37 24 5
2 0 24 18 23 0
19 0 0 12 5 18
17 33 49 14 18 46
34 31 0 0 17 0
11 33 0 0 32 9
15 44 20 13 57 54
41 21 0 11 43 21
60 28 23 28 38 21
9 12 9 9 24 2
60 49
32 22 12 33 15 26
0 0 17 19 3 26
60 18 7 40 33 27
60 51 60 46 48 48
3 5 0 0 19 0
36 52 60 44 60 39
58 60 34 34 41 58
6 1 51 17 50 4
29 39 57 59 60 60
38 0 0 6 13 12
60 54 41 51 60 50
7 10 0 2 0 15
31 21 43 7 21 29
0 19 10 19 41 9
11 51 36 60 30 18
52 60 53 60 60 43
0 2 36 13 4 48
53 43 41 38 53 47
45 39 42 21 36 27
47 31 26 25 60 60
28 20 60 27 22 60
42 36 31 60 60 33
12 0 32 0 7 0
3 0 22 0 30 3
40 33 37 45 30 15
3 9 38 0 4 32
42 46 18 19 24 16
17 42 22 43 29 37
27 28 60 53 60 42
17 39 37 24 4 3
33 60 52 60 45 46
29 60 58 38 54 44
34 33 60 39 29 22
15 0 11 30 0 0
48 27 48 33 35 60
60 60 30 33 40 60
7 56 36 51 23 55
50 29 51 56 16 23
25 18 17 54 33 25
0 10 2 0 33 0
12 20 19 11 17 0
24 5 9 9 14 23
60 53 47 38 60 60
42 23 16 47 59 30
4 0 11 11 5 5
43 19 15 9 15 50
40 32 36 0 0 28
23 33 6 4 22 4
20 0 7 18 10 0
0 0 2 25 22 21
33 60 18 53 39 39
43 60 27 60 55 49
33 14 1 0 5 34
0 1 13 0 3 17
40 23 14 41 34 13
13 11 0 43 2 0
29 30 26 22 3 0
20 36 45 34 12 2
31 42 45 60 44 60
60 60 37 35 41 47
60 60
0 5 8 28 0 19
5 11 33 47 50 30
19 42 2 22 45 25
35 38 0 15 2 33
19 5 14 16 12 22
49 37 47 54 50 33
2 16 21 10 33 14
3 22 28 11 25 26
1 14 19 49 28 5
51 59 60 53 59 60
33 60 34 29 41 60
30 37 0 0 40 15
60 60 60 27 31 49
0 5 22 35 49 36
0 12 18 8 0 7
29 19 13 21 24 23
60 30 11 37 20 16
52 60 30 42 60 60
37 42 11 43 21 44
31 4 3 48 4 10
35 37 4 46 58 41
43 33 50 29 30 60
39 45 60 59 45 60
37 18 15 43 45 49
35 60 60 60 60 52
26 29 20 59 24 22
13 24 45 30 43 0
60 22 54 60 17 44
47 48 54 34 33 60
21 31 55 18 39 30
0 0 8 17 19 25
22 4 0 17 0 13
40 25 50 59 60 60
0 9 8 11 5 1
0 17 24 11 0 6
7 0 46 41 2 0
22 27 36 18 40 29
25 46 60 60 60 60
26 6 0 6 0 12
2 30 0 0 30 0
45 48 60 21 17 60
15 40 6 45 0 11
9 35 43 41 15 4
31 28 31 0 0 0
0 0 23 0 2 1
37 26 39 49 19 43
7 22 12 30 22 32
42 44 60 42 60 60
12 29 0 15 24 7
56 44 27 29 47 17
58 20 8 9 52 40
38 60 36 28 60 26
0 0 35 27 1 0
37 33 60 60 60 51
0 35 51 1 30 50
7 15 46 54 19 58
0 17 4 29 9 5
59 14 20 51 40 31
23 39 46 18 9 42
16 60 27 31 19 24
60 14
60 60 24 58 59 48
7 14 0 22 16 20
2 24 23 34 33 28
14 8 14 9 22 16
49 58 53 30 60 42
36 37 11 0 10 0
32 40 57 55 43 28
4 12 16 21 9 39
52 42 34 46 30 52
60 60 38 41 60 58
24 46 60 14 15 23
0 39 0 29 37 0
21 47 47 23 11 5
28 0 0 16 10 25
49 41 42 36 16 27
49 53 59 52 50 54
0 21 19 0 0 13
0 0 7 25 0 0
27 60 58 24 35 57
55 50 23 33 55 60
38 40 47 34 27 33
60 60 31 40 59 53
60 34 27 19 60 26
15 26 0 9 0 21
40 48 48 54 41 48
32 29 59 47 13 60
0 41 0 42 49 42
12 9 20 31 39 16
43 25 47 26 48 26
36 55 51 25 56 60
59 60 37 47 60 60
1 21 3 27 29 0
33 5 34 27 41 50
36 37 48 57 48 60
58 31 43 40 33 46
60 26 60 34 59 60
17 25 11 32 32 31
29 32 15 28 24 36
40 60 60 47 54 60
9 0 23 21 24 2
22 0 32 16 10 33
16 0 15 19 13 7
0 22 4 20 12 30
15 17 7 3 0 0
44 60 52 60 60 47
46 21 25 60 60 37
31 42 37 35 31 31
60 54 41 54 53 50
36 60 60 27 49 60
0 0 4 19 4 7
20 11 20 32 27 31
29 60 48 26 50 28
0 17 0 15 6 0
35 26 28 38 37 23
31 60 60 55 57 60
39 19 55 36 14 42
28 28 37 29 34 40
59 35 43 37 37 60
39 52 37 22 60 28
8 9 33 15 8 38
60 26
49 60 36 51 55 60
60 47 60 36 60 60
3 10 2 8 0 37
12 56 36 29 20 24
58 42 32 39 60 31
28 0 0 0 37 19
18 7 38 31 30 10
0 0 13 3 1 10
30 49 14 10 48 0
41 60 60 41 41 43
42 22 57 36 38 31
28 49 56 31 42 53
9 15 4 0 18 0
60 45 55 32 36 36
26 22 19 17 22 25
36 15 26 11 16 40
19 0 15 23 0 0
5 29 56 13 47 25
19 0 29 13 0 0
29 29 28 4 29 16
20 16 6 10 26 23
51 41 43 25 40 51
21 9 2 4 14 24
30 23 16 20 18 11
41 51 41 43 47 46
43 36 24 47 40 45
0 0 1 24 0 11
0 33 22 24 18 32
0 0 26 0 46 0
15 60 21 12 47 58
17 35 22 18 40 4
60 41 60 50 60 57
24 0 32 29 8 0
33 59 9 21 28 16
26 4 14 27 9 11
35 54 28 48 53 44
60 48 50 41 51 28
0 0 2 15 16 0
47 38 41 60 51 48
2 8 8 0 0 1
42 58 27 59 60 34
53 40 33 41 58 52
20 13 21 15 0 29
40 28 47 44 34 36
35 59 22 24 28 23
35 25 43 35 26 22
10 24 40 6 44 34
15 0 1 21 0 2
19 20 2 0 0 25
46 41 46 37 36 60
0 9 11 14 0 8
33 60 39 46 60 35
0 8 22 17 21 14
9 0 35 22 29 3
0 2 22 0 0 0
32 44 34 48 21 60
34 33 35 31 30 30
47 42 34 46 53 47
0 0 17 18 34 25
14 0 22 15 0 7
60 33
8 12 18 0 0 21
60 50 32 42 47 60
10 18 26 17 12 29
53 51 57 50 53 54
17 21 25 23 26 39
60 60 44 60 60 50
30 37 33 30 35 38
60 48 57 58 60 39
15 33 49 40 45 22
52 57 30 49 33 33
14 16 30 32 12 48
28 48 60 51 53 60
0 1 23 42 31 25
11 7 24 13 0 18
32 23 31 41 44 60
51 60 35 60 34 60
35 60 46 59 35 32
56 60 55 51 56 51
27 56 25 22 21 53
19 60 58 31 47 60
49 35 51 26 48 22
32 32 27 37 35 40
43 49 23 19 52 34
0 21 11 13 17 0
0 0 48 11 17 4
5 3 13 8 8 12
46 53 50 46 43 53
44 54 57 34 31 13
28 57 28 47 25 30
37 5 26 5 4 0
5 14 3 0 7 0
14 20 37 11 0 0
22 20 20 5 0 4
24 15 0 19 2 6
33 12 33 7 14 0
18 39 31 29 0 9
0 0 0 14 0 11
0 31 32 32 1 5
60 60 40 33 31 41
9 36 16 24 10 21
55 44 38 58 51 44
49 31 60 60 59 33
45 59 46 47 60 54
1 12 54 1 28 48
40 45 60 60 43 33
42 60 37 59 50 45
27 26 27 26 29 31
43 60 33 43 60 60
40 20 45 14 40 52
48 60 40 48 54 36
32 27 22 42 4 6
12 55 40 35 46 53
60 36 56 50 60 45
47 2 28 45 0 2
59 46 47 31 37 22
45 33 46 54 49 47
22 20 23 10 17 4
0 27 0 36 26 15
60 60 29 39 40 38
38 58 51 60 39 60
60 60
10 0 4 1 0 14
10 54 19 2 8 16
0 0 24 0 31 19
31 58 57 45 60 37
0 48 23 0 0 45
31 11 25 16 37 10
0 23 23 29 35 17
46 44 44 44 52 60
36 0 14 39 23 30
45 53 53 52 30 60
0 14 7 6 3 0
7 30 6 6 55 24
0 13 5 6 17 8
26 6 12 24 19 0
40 40 36 44 45 51
9 6 32 26 2 27
41 42 40 46 37 17
4 15 26 7 40 5
27 29 22 24 26 35
60 57 55 44 60 50
13 17 22 10 7 9
6 24 46 41 3 23
35 23 57 27 60 55
43 30 47 21 30 40
54 36 36 28 52 58
9 44 14 36 7 28
39 55 37 27 41 60
18 14 4 20 25 31
25 55 16 54 60 15
49 49 29 13 27 15
0 0 0 27 29 21
36 60 29 54 23 32
13 12 0 0 12 14
28 35 29 43 22 17
0 23 6 25 0 0
0 14 8 5 14 9
60 60 55 60 31 60
60 34 60 60 60 42
60 31 36 33 56 35
60 53 58 34 36 60
0 2 11 0 18 17
11 15 14 0 0 21
14 0 14 20 21 0
22 26 0 0 5 9
24 24 29 35 52 25
12 15 34 0 0 15
0 15 5 49 28 22
13 12 31 11 27 20
35 49 60 60 60 50
37 0 30 23 31 35
9 41 31 37 33 38
12 34 45 16 43 43
51 34 47 51 53 33
32 28 5 0 0 16
20 26 9 18 13 17
24 25 34 25 25 18
12 11 24 41 0 42
49 39 56 60 38 60
14 19 41 27 23 34
19 27 46 9 29 16
60 60
35 47 60 51 60 57
48 36 22 55 42 49
52 60 60 46 55 60
32 23 21 3 8 9
34 30 55 55 26 32
31 0 3 1 28 0
18 47 30 24 49 37
36 0 35 0 0 13
24 31 27 22 27 33
39 14 20 0 23 28
3 9 1 54 2 9
14 1 4 13 6 34
51 48 29 53 28 40
16 28 60 13 33 12
45 14 40 10 37 47
6 19 26 0 3 45
33 37 20 24 21 25
13 24 16 15 40 35
22 19 16 0 1 0
16 41 41 33 17 21
8 12 5 15 1 1
59 32 10 11 57 28
33 44 47 45 14 51
21 29 11 0 32 24
14 22 28 6 11 30
37 29 41 48 34 42
46 60 60 60 52 44
12 45 20 34 51 58
38 60 40 43 47 60
50 43 57 51 38 29
1 26 21 8 16 0
24 52 38 30 36 25
3 4 16 0 0 20
57 43 60 42 60 45
9 42 26 46 46 19
26 17 10 22 34 20
60 60 55 60 49 48
1 0 10 0 2 30
47 42 48 49 51 22
32 58 40 51 43 21
35 47 34 27 48 50
58 35 46 52 58 39
15 0 0 10 0 6
28 24 6 13 18 7
38 42 54 60 55 60
32 33 46 54 60 58
0 0 10 0 16 3
47 34 33 39 41 34
21 34 33 36 26 4
60 47 60 49 54 47
1 38 41 0 1 0
13 21 20 55 13 35
9 0 0 15 21 33
12 5 26 30 6 42
33 8 34 38 22 0
21 23 7 0 0 21
56 47 47 38 56 37
7 4 12 27 59 18
40 47 52 53 60 53
42 0 0 31 23 9
60 6
15 27 16 12 11 19
41 9 23 18 15 4
15 12 17 17 19 17
40 39 41 41 41 41
55 47 42 47 54 53
49 47 60 48 60 53
44 15 13 14 17 14
26 21 26 15 22 30
40 33 26 27 17 28
60 48 60 49 60 51
21 25 22 12 11 19
25 34 37 27 29 47
40 33 38 38 24 31
60 58 59 51 48 60
12 7 15 10 4 2
38 29 15 0 26 37
25 17 36 27 24 5
32 41 36 35 26 44
17 27 17 19 26 31
28 30 33 33 35 33
46 46 60 49 60 60
42 33 26 39 46 42
16 25 20 22 29 30
45 51 44 53 44 45
1 14 17 11 14 20
11 17 20 24 8 26
55 48 60 42 60 60
58 52 56 60 60 60
34 7 39 15 24 12
15 13 7 19 0 6
53 31 40 54 56 30
26 45 32 40 50 26
16 19 15 24 24 17
43 54 46 46 38 40
35 30 27 25 23 28
41 55 59 60 37 60
17 36 31 15 35 20
36 15 31 24 37 27
60 45 60 36 58 59
27 0 30 7 0 29
0 10 10 0 23 0
2 39 7 0 33 23
24 25 39 38 34 39
39 27 39 55 44 31
19 5 8 5 15 0
59 60 56 42 54 55
37 35 33 39 34 36
44 57 60 60 51 52
0 0 7 3 0 15
0 0 21 18 0 1
32 18 21 34 20 40
30 32 30 28 29 26
39 40 39 41 32 39
51 53 57 53 52 59
21 29 35 7 7 37
0 8 9 8 15 18
21 26 2 0 0 18
41 40 42 37 44 49
19 18 19 26 7 14
38 40 31 34 26 38
60 21
37 42 33 28 40 30
33 16 30 31 28 29
60 54 49 40 54 47
43 50 34 40 45 45
23 25 23 24 46 27
23 16 26 4 21 6
48 60 60 52 47 53
0 17 24 28 46 18
21 47 27 11 36 28
59 60 59 60 48 59
34 36 42 48 27 31
28 23 28 25 28 27
0 0 1 11 0 12
14 28 0 1 4 3
55 44 53 59 55 49
60 51 60 43 53 60
0 16 0 5 9 17
42 11 27 8 17 19
0 0 0 21 26 0
37 47 36 59 38 58
37 34 49 48 53 43
15 8 13 20 11 17
9 4 0 19 0 0
21 0 19 6 0 0
21 14 16 19 17 22
54 58 47 52 50 56
26 12 31 21 25 34
44 27 15 25 29 29
48 52 47 51 51 45
35 28 60 60 55 60
25 26 27 29 25 24
15 18 17 0 0 0
60 54 54 54 52 47
19 14 27 14 25 9
11 14 6 0 9 29
54 29 40 32 32 47
29 30 0 0 21 5
41 32 47 41 51 31
56 52 38 50 35 39
41 49 43 36 39 49
44 60 59 54 60 50
45 58 53 46 39 50
49 60 49 60 49 54
45 28 43 41 46 43
28 36 34 33 39 38
18 0 0 17 0 16
40 25 35 19 44 42
9 18 17 10 13 0
24 22 20 17 23 24
15 9 11 20 48 41
18 9 25 0 24 18
46 39 46 46 39 38
50 52 50 45 51 47
23 43 35 41 22 36
37 41 37 49 34 37
16 19 6 11 36 35
35 24 40 13 26 38
56 58 58 47 60 60
48 53 27 50 44 57
39 34 31 46 30 44
60 41
21 48 30 60 56 40
27 31 33 43 27 31
32 28 54 30 40 38
15 14 16 24 16 20
17 35 18 23 28 10
54 51 60 42 45 60
60 43 47 48 35 60
53 52 56 60 49 57
47 50 56 48 52 48
27 9 12 35 8 20
13 14 13 4 7 33
48 28 26 30 52 34
33 44 20 30 51 27
27 41 29 28 32 32
3 0 12 0 13 13
20 19 20 22 28 28
47 26 52 42 30 27
27 23 24 27 24 20
60 53 60 45 47 60
0 12 10 0 0 0
39 53 60 53 54 59
31 15 28 29 22 19
30 28 50 36 39 35
8 8 8 9 8 8
6 8 7 1 0 8
0 6 5 2 8 9
56 53 60 42 49 37
0 0 8 0 1 1
47 30 60 42 56 37
57 45 60 48 60 52
52 53 58 43 59 47
48 45 41 50 40 45
0 5 12 0 12 18
26 31 10 40 38 34
18 26 6 18 29 22
36 6 33 27 26 46
56 60 46 57 60 53
8 23 29 28 26 1
15 7 20 10 4 14
36 35 18 15 36 31
0 8 13 35 20 22
33 36 39 38 40 43
46 55 52 42 37 55
4 0 0 1 18 12
4 7 4 11 12 11
35 42 26 12 16 33
48 37 38 31 30 38
51 37 49 40 51 12
48 50 40 45 42 43
35 50 34 31 38 31
15 31 18 21 32 33
60 46 60 60 60 56
43 41 27 19 45 33
0 1 18 23 14 0
19 31 22 10 24 15
38 37 29 51 25 35
52 13 56 40 50 21
38 37 23 39 28 43
40 45 49 42 42 33
15 31 32 33 32 18
60 46
60 57 19 60 27 27
48 42 42 39 49 40
54 41 40 60 60 53
2 9 0 9 0 4
17 33 37 0 43 3
36 49 52 43 43 40
40 41 39 49 42 45
48 39 53 48 54 54
47 30 27 34 31 34
41 26 36 41 27 30
19 12 1 12 0 0
24 14 10 31 20 7
60 50 52 52 40 60
42 31 41 47 52 52
0 0 12 7 0 15
20 17 6 15 20 8
18 31 26 28 23 16
47 54 42 43 38 53
16 25 24 19 12 33
32 35 42 30 41 26
17 17 10 15 7 17
0 5 1 12 1 11
57 49 51 39 48 40
60 50 47 48 54 60
57 58 55 53 59 57
33 52 36 32 48 52
41 29 41 38 31 31
0 3 7 0 0 10
37 49 40 27 38 26
51 17 20 27 50 35
26 28 29 26 23 27
29 41 25 41 40 36
52 48 51 37 60 54
2 5 21 22 0 8
51 30 44 49 38 43
53 47 60 54 57 60
5 7 10 12 10 14
1 11 0 1 28 10
31 33 28 33 27 32
33 6 27 19 14 18
44 60 45 45 60 60
44 38 46 52 40 51
43 45 32 29 41 25
3 7 31 32 15 7
51 52 29 39 30 46
17 25 28 5 18 10
20 39 42 30 43 37
13 15 27 39 20 18
32 33 40 25 43 44
13 22 10 12 19 16
51 24 14 40 18 13
26 47 46 30 25 56
5 10 11 2 2 11
46 60 44 58 60 42
0 1 1 0 0 1
0 3 4 7 8 0
18 11 22 8 4 8
49 42 59 58 60 42
14 26 36 10 19 20
52 43 53 49 46 35
60 60
18 26 18 23 18 26
0 0 9 0 0 10
20 34 28 19 25 30
33 22 40 44 23 35
32 34 40 20 34 21
18 33 18 39 13 22
23 4 5 20 18 23
41 32 51 40 38 30
46 52 57 60 47 58
17 9 0 19 21 0
9 5 10 14 18 17
60 57 48 56 55 60
34 33 34 49 38 45
0 0 0 0 8 6
39 30 39 26 27 19
54 58 58 47 55 57
14 46 46 32 40 31
39 41 36 41 39 47
57 27 44 56 46 54
60 36 58 43 42 49
58 56 30 38 44 47
10 30 11 23 28 9
40 45 46 27 14 16
11 4 5 4 4 7
10 9 9 9 9 9
36 33 54 39 37 43
47 52 60 41 60 53
22 0 15 23 0 0
7 4 3 4 9 8
19 10 19 27 18 1
1 19 1 9 5 7
37 31 26 24 24 43
55 60 50 56 54 59
42 13 16 24 32 38
58 60 46 56 53 60
29 4 7 10 29 13
0 1 9 16 15 23
50 38 51 58 48 42
31 52 60 39 39 42
33 59 45 60 54 45
24 31 47 28 54 39
17 1 2 21 2 21
21 0 44 39 2 0
46 56 47 52 50 48
23 21 25 24 17 19
52 54 38 25 52 37
12 21 34 10 20 31
0 20 13 0 0 3
36 36 32 32 37 31
30 10 30 12 24 15
59 60 60 60 56 58
36 20 30 21 29 7
59 58 45 40 49 58
27 22 22 21 29 39
15 16 4 8 11 18
55 60 60 50 41 36
22 39 25 19 44 45
2 35 25 41 36 37
2 11 7 4 13 13
0 0 24 2 24 7
60 4
3 1 19 13 0 0
26 14 19 24 22 18
43 49 56 48 49 53
45 51 48 40 48 47
55 45 48 44 52 43
37 39 39 41 42 42
13 21 18 14 23 15
58 55 53 59 55 57
44 43 36 34 47 33
32 26 27 29 31 31
18 19 15 14 20 19
26 26 32 22 29 28
19 8 9 9 7 19
27 32 18 24 24 24
46 45 40 40 48 49
51 48 47 50 50 49
30 25 31 32 32 29
7 12 13 2 0 10
48 50 60 43 49 58
0 6 5 2 7 8
0 8 14 0 2 9
0 1 12 1 2 9
32 39 29 31 27 36
27 26 42 42 37 33
19 21 19 14 19 18
38 54 58 58 37 54
41 60 60 40 40 42
43 45 50 58 33 42
12 16 18 18 13 16
3 0 3 0 3 0
49 47 39 44 47 42
13 10 12 10 11 10
36 39 34 33 31 30
41 32 43 34 31 33
24 23 14 14 21 15
42 47 42 38 47 42
43 44 47 44 47 48
60 60 58 60 56 59
50 44 32 51 49 43
57 60 60 60 54 60
58 60 43 44 53 56
17 24 31 30 31 25
0 2 3 2 0 3
27 30 26 29 32 27
11 5 6 12 3 0
43 39 46 50 48 48
8 17 16 19 8 13
58 60 55 56 56 55
40 48 49 43 40 44
18 22 22 14 15 17
11 14 13 14 15 15
41 24 30 41 39 39
37 39 46 37 43 47
31 31 44 40 27 33
31 29 25 28 32 31
4 5 4 0 1 0
48 53 57 53 57 56
35 40 27 30 38 38
13 6 9 12 10 9
44 48 47 53 52 41
60 17
12 23 31 40 16 26
23 22 27 28 23 22
56 48 58 54 52 55
8 12 9 10 13 14
17 15 14 13 11 2
31 31 29 40 33 31
1 3 1 3 6 5
46 44 41 46 49 52
26 39 27 24 29 25
28 39 37 28 36 34
10 0 7 0 0 0
17 18 22 23 17 24
16 21 16 16 19 13
19 23 7 23 7 14
50 58 53 51 51 58
49 53 52 48 50 54
39 41 37 39 49 49
38 46 32 28 54 27
47 46 41 43 41 43
41 52 52 48 53 39
56 57 56 54 59 59
17 16 20 17 14 18
5 8 2 6 8 5
57 59 60 52 55 58
31 17 30 16 25 31
43 38 44 36 52 42
21 30 28 29 24 22
32 34 36 29 31 31
35 35 38 36 40 40
20 17 27 20 17 23
10 15 9 15 10 11
13 18 17 2 13 4
12 18 15 16 18 15
2 0 0 5 0 3
31 37 34 30 32 36
18 14 18 14 18 21
36 40 32 38 44 48
37 38 41 43 38 39
54 48 52 50 54 50
57 53 54 52 54 54
50 36 52 49 36 60
57 59 52 52 52 57
45 46 46 46 46 47
5 0 3 0 0 9
22 11 22 25 21 14
12 5 8 10 5 6
34 32 29 33 36 30
19 23 21 19 18 18
48 50 53 54 52 56
17 21 20 0 0 7
49 52 57 60 54 49
23 14 16 13 25 17
51 60 60 45 47 48
25 17 22 17 20 17
39 34 40 38 42 30
45 46 44 45 46 45
45 49 41 44 39 47
5 10 16 0 11 10
43 36 47 47 48 47
47 50 49 46 45 43
60 36
46 34 41 34 40 41
18 17 24 21 22 21
42 49 50 43 41 47
15 16 22 23 20 23
55 53 49 57 57 50
46 37 43 43 45 45
10 7 8 11 13 13
26 11 4 1 10 23
51 40 50 49 43 48
25 27 25 24 26 24
21 20 33 23 34 35
0 6 7 7 8 6
10 17 13 6 12 17
15 20 20 19 17 20
43 43 43 40 42 40
23 30 23 34 23 36
21 15 22 20 23 23
1 19 18 2 3 5
32 28 22 21 33 24
59 60 58 57 60 60
8 13 13 17 19 15
37 29 34 33 36 31
28 41 24 23 23 21
52 38 44 56 39 55
57 48 53 50 50 56
38 33 37 37 37 34
20 20 19 22 26 9
22 23 29 31 27 21
48 47 54 49 45 41
33 33 32 30 32 33
0 28 28 2 7 3
13 22 22 21 11 25
26 26 24 27 26 26
7 17 0 0 0 17
38 43 33 46 36 45
25 27 23 22 26 27
41 47 43 41 43 49
6 7 12 0 10 4
60 59 60 57 49 49
38 33 42 46 43 46
4 1 12 6 9 2
42 39 48 42 46 43
60 56 60 60 60 54
25 26 23 31 28 28
32 35 33 35 36 34
25 6 9 4 10 12
5 0 17 10 0 21
1 1 1 3 10 8
54 51 52 58 57 56
8 14 11 11 8 10
20 17 29 22 29 25
0 21 2 4 11 13
47 51 54 52 46 54
30 31 32 29 30 36
21 26 20 19 27 27
16 18 15 16 15 17
40 45 44 49 47 44
17 14 17 14 14 15
12 16 28 25 29 19
38 34 36 37 33 33
60 51
12 14 14 25 17 17
28 32 25 29 20 25
6 5 5 6 5 6
46 60 38 38 58 56
16 11 10 11 11 13
27 27 35 32 20 26
44 33 36 43 32 28
49 48 52 57 52 48
31 20 24 19 26 20
0 8 8 5 0 0
60 52 60 51 52 60
26 27 32 35 25 39
56 48 46 49 50 49
20 14 23 24 23 20
24 20 23 23 24 19
60 60 60 46 58 60
59 58 58 60 60 60
42 42 44 42 43 41
40 40 42 34 39 35
23 25 17 13 23 20
5 7 17 11 12 15
38 45 42 50 39 27
17 26 19 26 22 17
6 14 15 10 7 14
41 39 27 27 27 42
5 6 6 11 16 15
38 42 47 42 44 35
1 0 1 2 1 4
30 18 23 16 20 20
24 26 24 25 24 27
8 9 9 12 10 9
54 53 52 52 50 52
50 45 47 52 54 49
19 19 16 20 17 18
34 38 31 28 31 36
29 24 28 20 25 26
37 38 34 35 37 33
26 26 38 22 22 34
26 21 30 26 32 33
31 41 25 28 32 31
37 38 42 36 44 43
36 34 32 34 35 28
46 42 44 42 45 45
46 45 47 48 47 46
51 46 52 43 51 43
16 19 24 16 17 18
57 59 54 58 57 57
8 7 9 6 7 8
60 54 60 47 53 48
49 52 51 51 52 55
49 45 57 46 44 42
28 15 23 22 20 27
32 21 26 25 33 22
60 46 59 60 58 60
35 27 26 28 31 26
6 7 6 7 6 7
6 16 16 20 22 11
51 55 50 56 54 57
9 19 19 12 11 13
30 25 19 22 20 23
60 60
25 24 27 22 28 27
9 17 15 0 0 5
18 19 9 17 14 13
29 32 39 37 29 42
31 31 35 30 37 31
9 9 8 12 21 11
24 27 27 32 33 30
21 15 19 21 20 13
12 11 9 15 9 15
20 30 31 24 28 31
7 0 4 0 3 6
20 14 16 12 19 20
13 28 31 28 31 23
53 56 60 55 60 49
60 58 56 55 60 58
48 51 55 60 60 60
27 31 33 32 34 28
48 42 44 47 43 47
56 48 48 47 59 53
37 22 23 36 30 38
46 43 39 44 45 37
7 5 0 0 8 2
47 53 51 52 51 47
31 27 23 24 21 23
3 3 0 0 0 3
0 6 1 5 0 1
29 38 29 38 31 40
41 41 40 45 42 45
0 1 9 20 5 5
0 1 0 6 0 0
23 29 35 32 32 33
29 50 45 33 30 45
16 16 16 19 15 17
36 31 28 32 39 32
12 10 24 12 18 16
35 41 34 33 32 43
20 23 22 10 14 7
53 51 50 51 42 44
30 37 36 27 36 34
32 43 22 25 32 41
10 0 3 0 0 11
25 26 18 22 28 18
50 46 51 57 47 53
50 42 38 39 42 40
44 42 51 48 44 46
18 20 17 23 21 19
19 22 22 23 20 24
56 44 56 56 43 41
11 21 14 32 31 13
31 28 19 23 36 37
13 24 8 15 24 22
52 47 60 60 47 60
23 18 18 21 21 22
22 19 15 24 23 22
38 33 35 38 32 37
60 54 54 51 54 60
42 46 46 45 44 43
12 10 16 15 16 5
23 17 20 17 22 20
60 53 59 59 53 55
60 6
7 5 15 35 3 36
16 19 12 8 1 46
32 9 3 0 47 10
11 10 22 0 0 0
26 0 22 54 15 0
0 26 22 0 0 24
60 33 33 40 35 60
43 0 25 29 0 15
60 33 48 59 29 60
24 56 38 60 60 32
33 34 60 39 60 45
0 29 26 10 13 7
60 60 54 29 58 60
58 52 51 25 28 29
58 31 39 42 34 56
32 14 21 0 10 0
32 21 34 3 0 0
17 34 0 0 6 27
45 60 35 32 30 39
28 42 19 37 34 60
60 60 52 33 50 36
23 52 46 56 45 46
43 24 9 35 34 43
26 19 0 0 0 23
42 43 60 37 60 57
0 7 0 1 0 29
40 35 60 60 24 60
46 1 0 25 47 0
60 38 13 53 57 52
15 10 60 12 60 60
59 56 54 44 60 60
29 17 40 13 59 52
0 0 0 23 20 19
36 31 16 51 14 48
27 60 60 57 60 24
37 0 10 0 8 6
60 60 60 48 42 53
52 28 2 17 40 41
48 34 32 60 60 60
60 60 48 35 32 54
0 2 33 0 40 0
51 24 25 60 14 60
5 28 2 21 14 30
39 49 60 33 29 60
26 19 35 38 9 26
12 15 29 25 19 30
0 30 3 3 37 26
33 60 35 60 55 60
40 60 46 24 39 60
48 60 60 60 22 58
55 55 58 60 51 50
14 12 5 24 0 10
60 23 60 60 37 60
0 0 22 6 6 0
17 49 29 30 29 39
29 38 6 19 0 0
21 14 15 0 4 0
0 33 10 41 2 0
13 35 5 10 0 38
42 60 36 38 25 55
60 25
60 60 40 46 18 23
15 18 15 31 27 19
52 57 22 56 48 27
35 22 51 50 44 50
27 14 0 5 18 29
33 0 18 28 36 24
21 26 0 0 7 0
13 24 57 9 14 33
5 4 36 21 25 0
32 0 20 35 34 18
0 43 15 0 43 0
28 21 11 20 31 22
19 25 17 45 60 41
48 52 1 2 5 33
22 14 29 7 26 35
8 35 52 38 11 12
60 22 60 28 60 60
60 27 31 41 57 50
60 35 41 60 54 59
0 35 26 6 24 8
0 33 2 0 0 6
17 0 0 0 24 13
7 13 43 41 32 48
53 40 41 56 36 24
15 4 49 40 12 12
0 50 34 29 43 34
22 25 0 0 26 0
23 52 16 5 11 32
47 43 60 44 60 48
0 20 1 10 39 14
16 49 60 35 9 30
53 28 49 49 32 44
29 19 10 0 7 27
16 18 9 26 18 1
22 5 41 4 27 39
32 20 28 4 19 18
13 36 19 48 32 54
0 0 30 0 30 0
18 30 50 36 20 23
49 43 60 60 60 42
60 60 60 26 31 60
6 0 15 0 50 12
0 30 16 18 0 0
28 14 25 40 12 13
49 60 60 29 40 60
24 60 58 22 42 45
29 29 32 31 4 0
0 7 27 0 11 0
60 60 52 55 42 53
24 41 55 7 22 31
36 30 27 55 60 36
46 60 56 60 54 38
27 60 34 60 38 39
60 40 36 28 15 51
53 0 28 48 51 46
36 27 0 44 34 31
60 10 40 26 37 37
17 42 60 60 60 41
0 24 0 0 38 27
60 38 60 60 42 41
60 45
33 44 49 25 25 60
54 46 52 38 60 60
35 35 50 45 42 60
8 17 0 1 0 12
40 26 26 28 22 39
0 0 0 27 11 31
60 25 60 60 60 33
14 30 9 9 30 56
44 19 51 60 60 60
48 37 30 31 60 60
60 60 43 30 28 60
37 60 34 40 30 45
23 24 10 0 8 24
10 5 7 25 26 0
21 54 28 14 56 53
60 60 47 52 60 40
22 26 57 60 44 32
60 18 52 14 33 22
13 0 29 32 2 0
60 31 19 60 58 54
0 44 24 17 33 4
36 0 10 0 0 34
25 44 60 25 20 50
60 60 43 44 52 33
16 0 0 30 19 15
0 42 21 25 8 0
48 43 60 60 42 60
19 1 24 27 17 2
20 23 13 25 0 13
0 12 27 11 0 0
42 44 60 25 27 35
13 8 0 22 3 0
60 60 53 38 60 60
60 60 55 44 60 43
0 29 20 43 22 22
50 60 32 60 57 51
39 58 41 26 57 39
45 49 60 45 60 42
21 14 0 19 2 6
24 15 0 23 3 0
7 26 25 5 0 27
9 2 4 25 39 39
10 5 3 18 12 35
31 32 36 15 0 21
24 0 13 0 17 0
59 52 25 29 42 60
9 22 3 0 0 0
24 60 56 19 47 60
0 12 0 9 0 13
11 21 0 17 1 18
0 13 33 0 10 7
24 46 59 60 31 58
46 23 18 14 28 7
56 57 6 10 13 7
31 19 0 51 27 15
51 6 20 0 49 53
37 27 8 56 30 55
0 10 35 35 0 9
0 33 33 15 36 23
27 18 50 17 31 48
60 49
3 25 8 25 25 29
58 60 60 33 46 51
9 27 24 31 26 14
60 57 60 25 56 60
17 9 8 27 12 24
39 60 60 34 23 28
59 60 55 38 16 60
27 27 31 60 53 37
43 59 56 46 60 44
26 47 45 41 34 60
16 10 25 40 10 18
50 33 44 56 60 58
38 20 26 54 47 49
10 19 21 20 30 50
4 6 0 0 2 6
51 41 48 60 60 48
40 33 49 17 51 4
40 33 60 10 22 51
2 14 27 0 28 0
0 0 0 4 5 27
27 37 22 0 25 0
14 22 39 32 0 18
22 41 25 4 47 58
0 22 0 23 8 0
16 21 29 14 58 10
38 0 21 6 17 0
13 38 9 17 56 4
45 23 53 24 25 36
7 7 8 16 11 19
57 58 60 35 57 59
50 12 49 54 22 50
26 21 32 0 0 0
45 3 0 0 48 46
20 39 35 31 21 46
36 46 51 43 42 38
0 25 28 26 0 0
44 53 60 60 58 42
21 36 0 0 0 37
52 60 42 47 34 44
60 60 19 54 32 60
60 42 48 55 28 51
50 56 50 49 27 39
60 18 59 17 25 8
38 56 60 36 41 40
7 60 2 34 25 59
31 39 0 40 39 6
25 19 60 18 30 42
45 60 18 54 39 35
52 54 60 50 3 14
60 36 55 56 48 59
32 16 31 48 60 60
20 0 0 16 0 7
26 20 58 18 60 22
26 15 5 40 0 0
18 39 8 33 22 32
17 32 25 20 10 20
9 35 10 47 60 60
0 0 6 8 29 0
13 22 17 35 27 21
45 60 47 59 41 35
60 60
10 46 16 14 9 60
32 23 0 41 24 0
60 47 60 60 37 42
0 9 26 53 35 37
0 12 9 13 9 0
24 50 21 51 24 43
9 12 54 54 20 18
0 1 21 23 0 31
34 32 32 57 57 40
40 50 41 30 0 3
36 31 60 52 60 60
27 60 60 24 60 21
48 52 45 42 60 60
28 30 57 41 42 28
0 9 7 33 0 27
18 33 11 34 53 22
45 26 32 51 11 24
47 43 60 43 40 39
49 57 60 60 45 45
0 37 8 31 30 18
1 5 16 16 17 36
25 0 24 21 0 10
7 0 0 30 22 24
42 37 53 60 34 43
53 33 58 49 52 33
60 45 60 43 60 37
50 10 31 15 24 32
49 53 36 10 9 20
49 35 52 42 33 51
1 19 32 36 9 0
3 3 42 11 27 6
11 0 39 0 7 0
60 20 28 37 27 46
29 60 51 50 60 60
35 30 51 60 24 11
6 9 44 35 35 4
60 60 21 49 33 17
24 18 31 60 41 60
16 12 30 60 34 53
34 34 15 0 0 25
57 39 34 34 60 36
44 60 60 60 32 37
10 0 34 38 36 20
44 60 60 40 60 36
0 16 34 24 8 43
9 0 7 3 10 0
24 40 60 60 40 56
25 60 14 12 20 60
35 25 60 6 45 47
58 23 33 26 60 29
24 4 0 0 24 0
0 35 0 0 30 0
41 17 53 50 52 43
43 0 26 20 34 4
53 43 35 28 40 39
29 1 35 30 0 15
52 60 60 32 42 60
31 0 10 54 15 11
60 58 3 45 27 45
2 8 27 8 13 42
60 6
28 19 4 0 2 27
60 60 52 60 40 40
60 36 60 56 58 21
34 23 26 53 39 40
0 0 32 33 41 4
60 57 60 31 28 40
11 11 17 1 21 17
57 20 56 55 40 7
55 51 41 60 60 54
52 54 42 60 42 45
8 23 0 9 21 4
7 11 22 0 0 15
57 46 52 33 60 47
16 22 24 0 0 1
60 20 28 44 25 18
45 50 50 10 8 18
17 18 29 1 0 0
4 1 7 22 0 0
23 4 21 0 47 26
0 0 40 18 18 0
23 53 60 60 53 55
27 59 20 30 60 36
40 55 60 56 40 60
48 29 60 42 49 28
16 48 50 33 14 47
50 21 29 31 20 0
25 42 26 15 56 56
51 60 53 60 35 46
60 60 49 60 60 40
60 60 19 23 60 37
60 38 49 34 60 60
41 31 58 9 18 19
23 24 19 38 60 46
53 49 36 36 17 51
60 60 59 42 38 60
60 60 60 39 60 55
39 8 15 49 2 35
22 55 49 56 33 21
43 59 46 59 60 60
28 34 0 16 7 0
60 60 29 60 35 57
0 16 13 27 0 0
0 18 16 0 21 0
12 53 44 25 20 8
28 0 0 27 24 23
39 19 1 25 0 43
3 18 0 0 4 0
19 0 31 28 0 12
43 40 28 55 9 6
0 24 0 0 22 1
60 39 60 60 48 52
18 26 26 22 37 40
57 56 20 49 18 38
49 31 33 47 18 58
60 30 34 26 48 44
7 0 30 11 9 1
0 5 0 16 0 0
36 15 40 19 22 23
19 31 4 6 25 24
48 26 25 54 45 45
60 21
0 17 37 23 13 0
17 14 0 47 10 44
41 34 57 33 60 60
25 0 14 26 38 28
0 0 26 0 0 35
17 19 22 1 19 21
60 45 58 41 60 51
48 17 33 38 51 23
0 8 0 0 34 0
1 6 3 48 6 18
34 44 35 31 26 45
45 12 30 19 60 37
22 28 26 60 52 37
0 0 13 37 0 17
23 0 0 5 27 0
60 60 43 60 20 20
60 38 60 60 51 36
0 0 1 40 0 0
47 58 33 30 26 46
9 28 0 22 0 12
0 0 15 14 0 8
57 45 60 57 31 30
3 7 20 0 28 0
14 33 35 27 26 11
11 9 37 34 10 50
0 1 7 49 36 42
0 7 36 0 2 30
13 0 0 0 10 4
6 0 42 0 11 0
6 0 9 0 39 14
35 40 34 60 60 21
60 58 55 60 39 36
0 17 22 7 26 0
29 34 4 40 13 52
60 49 56 23 39 60
27 14 19 14 17 19
60 60 40 46 60 30
60 56 60 16 23 20
0 15 4 23 0 0
35 0 32 19 40 7
13 35 60 38 60 40
53 46 56 28 60 41
52 36 60 60 60 40
31 60 18 47 18 12
2 0 33 0 0 0
33 42 30 28 15 44
27 21 31 22 0 5
31 7 27 5 6 24
33 6 12 41 23 2
0 16 0 0 9 24
26 11 12 21 12 31
51 60 56 60 33 45
20 9 29 20 7 33
60 48 42 21 60 45
34 39 17 20 13 26
60 7 15 60 37 35
53 45 60 60 60 48
52 35 21 26 7 33
34 18 11 30 12 25
60 36 60 13 31 50
60 45
23 0 0 18 6 34
32 60 60 37 42 45
22 16 16 0 0 6
41 23 33 1 40 54
60 50 29 60 18 43
11 32 20 22 11 10
26 33 24 9 36 32
0 23 6 7 0 27
6 16 28 3 31 15
56 50 47 45 52 60
37 6 29 21 7 22
0 15 0 9 0 21
27 29 5 0 22 6
0 0 0 0 10 30
0 4 10 0 10 9
30 50 35 60 16 60
7 0 0 19 24 0
30 46 14 31 10 6
11 21 48 31 11 15
27 23 36 51 28 17
21 34 12 10 25 5
46 60 28 60 44 60
50 60 60 59 60 59
39 6 0 10 30 0
42 19 54 60 24 17
55 54 60 46 30 46
2 28 2 26 46 47
30 45 41 59 60 57
47 27 40 29 18 0
18 58 29 46 37 51
27 60 57 38 60 51
12 9 22 31 0 0
17 20 0 21 28 0
38 24 12 29 48 53
34 19 47 37 44 17
47 41 24 26 20 32
56 60 60 27 60 48
37 51 38 15 57 31
54 54 11 54 47 44
28 33 1 21 37 0
19 5 25 13 27 39
60 46 34 33 60 60
60 50 26 32 37 36
0 7 8 24 0 19
52 41 50 34 60 27
44 41 14 41 1 0
29 16 4 59 47 30
41 14 17 58 36 40
50 60 60 52 43 54
21 32 33 1 32 9
57 18 60 50 46 46
0 0 21 7 24 1
7 30 0 18 0 35
6 0 40 24 0 45
20 9 22 21 54 41
14 23 30 17 0 15
51 48 60 34 55 60
39 16 21 30 0 6
9 0 43 24 24 30
0 39 13 0 0 15
60 47
9 12 0 3 13 17
16 22 10 21 14 36
60 41 60 54 32 51
40 3 4 19 1 0
53 36 40 51 53 60
39 29 23 28 38 36
60 60 40 57 60 58
21 1 7 2 0 16
27 29 1 18 34 12
25 29 60 45 24 20
39 6 44 41 47 0
3 0 9 19 0 38
57 60 60 60 39 60
56 46 54 11 22 51
13 5 25 39 27 39
39 49 17 31 36 53
60 42 59 60 50 46
60 51 40 58 54 36
10 3 15 25 8 26
30 31 55 32 50 41
0 0 14 38 2 19
52 32 17 22 41 60
33 48 12 48 42 43
39 60 50 25 45 45
45 0 22 12 16 2
50 28 20 50 22 41
0 0 28 11 10 0
1 9 19 29 16 0
25 51 40 57 35 60
60 60 29 34 60 60
21 34 16 27 23 13
47 41 60 40 43 60
23 25 46 60 23 60
8 25 7 27 15 9
26 15 25 14 0 10
60 31 60 60 51 33
0 15 27 25 28 18
0 16 0 0 31 12
0 9 18 0 0 27
51 25 37 38 19 22
30 27 0 0 26 28
57 31 60 60 55 51
41 60 23 60 60 20
10 32 0 38 15 6
0 0 2 0 22 0
4 12 0 21 47 4
8 11 7 36 33 22
60 60 52 60 22 60
12 0 15 33 21 28
40 24 40 47 43 3
25 14 17 17 23 17
27 29 51 32 60 26
60 32 57 45 60 40
49 12 58 21 45 44
48 47 46 30 52 28
49 49 46 49 60 46
6 14 13 23 6 17
44 21 51 53 57 21
0 33 0 0 10 11
24 6 34 36 29 5
60 60
58 52 40 22 38 48
53 40 17 49 34 52
8 3 0 24 0 0
51 60 60 35 26 60
58 45 53 44 60 50
26 47 50 12 30 53
36 50 60 53 49 60
18 15 38 29 8 44
23 30 0 28 51 35
60 52 59 50 56 41
38 58 29 42 60 46
46 46 0 0 40 24
19 12 18 48 13 8
0 7 0 7 21 0
24 0 2 5 3 22
7 0 3 0 7 24
38 18 48 11 40 48
25 60 52 60 40 25
2 22 17 16 29 0
42 19 42 60 56 60
32 60 46 41 18 9
52 0 23 18 17 39
55 24 58 60 25 33
32 19 32 2 39 0
38 24 31 31 18 55
60 60 60 42 45 40
45 22 25 38 29 40
31 22 33 0 0 37
47 50 50 43 48 20
47 38 46 55 34 33
60 39 38 60 37 26
54 42 53 49 57 40
54 18 40 13 38 60
21 60 21 30 60 56
60 29 53 53 33 54
43 34 0 36 33 18
13 0 0 19 12 0
0 2 0 10 0 21
60 60 49 48 55 43
18 43 26 14 24 36
23 42 60 60 60 49
1 18 0 29 21 0
0 29 33 10 39 36
60 59 37 33 57 60
54 60 41 60 44 60
17 0 16 0 0 19
10 7 10 24 10 0
26 34 55 31 42 60
32 6 28 25 20 7
33 60 57 21 22 49
32 30 0 0 32 13
60 60 50 60 48 34
0 5 2 0 16 22
27 0 2 29 14 4
5 12 13 2 41 26
0 0 26 12 4 33
22 30 0 37 0 0
20 42 38 60 30 59
39 60 38 58 19 8
34 27 45 44 22 0
60 10
60 45 35 59 60 53
21 25 16 0 3 0
2 0 6 20 0 7
60 37 27 60 29 33
0 31 0 30 13 0
0 30 21 28 30 18
46 47 52 48 54 50
35 47 60 60 60 35
54 60 45 43 33 45
27 25 54 59 44 29
54 26 24 35 48 40
52 22 33 38 41 52
60 33 60 55 46 51
27 33 21 28 54 19
36 60 55 57 60 44
38 27 27 0 34 39
60 40 32 28 60 52
52 50 43 58 53 54
60 60 28 24 26 46
20 14 4 22 8 17
13 42 11 12 15 26
47 60 44 60 60 46
56 40 60 60 60 59
46 34 39 47 43 33
31 38 20 52 12 41
22 20 41 13 29 0
60 17 41 13 36 60
60 49 51 60 50 41
19 34 11 0 36 0
30 6 24 5 35 0
18 45 24 60 36 30
15 7 43 19 28 6
2 13 11 6 10 27
13 18 12 24 26 20
31 34 21 60 40 34
21 26 43 19 25 48
51 30 36 26 26 29
24 15 29 54 9 9
54 44 54 43 60 41
4 9 24 0 24 18
0 24 23 6 7 0
3 23 13 0 20 40
20 9 1 5 42 37
39 52 14 23 54 12
28 18 8 10 7 29
60 19 35 55 16 29
60 60 37 41 60 44
6 0 18 0 7 4
60 51 56 44 60 47
45 56 46 47 54 60
60 44 60 60 35 33
42 60 42 46 60 60
9 3 8 38 20 2
0 0 16 0 20 16
9 27 7 0 17 0
30 9 8 33 23 21
60 60 41 31 33 34
57 58 57 60 60 53
15 23 27 31 31 22
3 11 4 0 0 17
60 27
43 60 43 60 39 60
11 23 26 29 31 34
29 2 20 0 19 0
34 33 12 39 28 32
56 60 19 60 60 60
35 33 28 11 23 12
0 14 0 19 18 0
36 56 60 40 40 40
45 58 41 48 38 46
0 0 0 0 0 31
9 36 14 8 37 46
23 29 39 28 41 29
26 21 0 0 2 27
43 50 48 60 46 60
7 27 11 18 28 27
42 35 49 49 44 44
33 60 53 52 54 44
45 46 57 60 47 60
0 48 3 24 25 11
0 13 11 7 1 0
0 28 0 29 24 0
29 60 32 32 52 51
27 60 60 60 32 36
16 10 14 11 0 7
0 18 0 22 0 20
31 17 28 21 0 30
52 60 60 60 49 55
34 25 6 33 38 17
15 14 0 14 12 32
7 19 28 26 21 0
49 19 12 18 41 36
52 43 28 20 47 36
60 60 38 60 36 36
14 2 13 7 3 35
24 8 36 37 0 0
37 26 57 43 60 23
0 0 3 0 6 6
11 5 13 0 9 0
36 37 19 41 37 27
2 4 4 9 11 15
45 60 45 60 60 40
32 45 47 33 45 39
18 3 0 6 2 17
0 17 3 7 18 12
34 60 29 28 49 49
13 47 41 44 28 47
42 24 36 51 51 17
37 37 12 18 31 9
0 23 19 30 26 0
33 5 19 36 7 11
52 16 18 35 34 34
39 60 23 60 42 60
51 36 37 39 40 46
12 0 1 12 16 0
6 14 0 0 28 2
11 30 40 34 18 46
0 17 9 0 0 34
53 49 60 31 44 53
20 3 14 0 0 18
12 15 12 17 21 5
60 38
12 34 4 38 10 28
60 60 47 56 43 60
60 60 56 44 51 55
34 57 60 60 31 56
42 34 26 29 34 20
12 19 0 7 19 7
13 24 38 57 25 51
60 60 47 46 60 38
11 19 17 9 28 0
0 4 8 12 9 4
34 30 24 4 38 1
13 0 23 14 0 0
28 44 22 10 42 11
43 52 24 38 23 33
46 50 34 57 43 60
13 46 51 21 30 8
55 45 49 56 55 40
27 0 8 23 8 20
46 32 43 42 35 51
57 44 36 60 60 43
33 27 4 4 35 39
24 34 43 31 6 8
43 57 60 60 41 37
50 37 57 60 60 47
7 42 40 2 25 29
10 4 25 9 26 17
60 49 56 46 60 49
21 27 26 43 23 32
11 31 12 35 18 32
21 19 8 0 4 0
35 0 43 36 2 29
7 1 13 0 12 12
44 42 30 22 38 16
60 49 28 60 60 60
7 5 20 5 2 22
15 0 22 6 0 0
0 10 3 21 0 0
47 57 46 59 50 60
49 44 47 60 24 39
29 4 12 0 0 12
40 28 12 44 45 34
38 51 38 36 44 60
30 36 60 27 42 46
43 19 29 28 17 16
60 58 46 32 52 57
16 43 21 35 17 16
44 38 40 59 32 31
21 37 45 51 7 35
9 11 43 29 15 40
33 44 39 6 27 11
50 38 50 50 44 16
0 35 0 2 27 20
19 18 46 23 30 14
43 44 38 53 53 44
0 24 9 27 15 22
8 0 16 0 5 0
60 60 37 55 41 56
52 21 60 51 39 33
45 60 35 40 31 37
24 7 26 14 32 36
60 54
34 33 47 60 59 60
27 25 0 18 13 18
0 0 0 0 11 29
32 49 49 14 48 23
59 57 9 42 11 25
18 26 16 14 20 7
27 27 39 41 31 33
25 35 0 20 23 18
0 0 13 0 4 0
10 26 15 47 45 11
22 3 32 33 35 4
60 57 53 60 60 33
0 18 15 18 25 0
28 0 1 30 28 23
57 21 21 31 16 26
15 28 18 43 17 25
57 49 60 60 30 56
43 40 57 49 60 60
6 17 29 20 24 0
51 59 39 60 35 60
0 31 0 41 35 0
0 23 0 5 0 0
0 0 19 0 0 5
0 0 16 22 0 3
22 7 24 7 7 44
44 54 39 60 45 60
0 15 0 0 7 22
15 17 22 1 1 19
20 36 0 0 11 39
0 17 17 20 17 0
7 17 13 20 25 16
34 55 57 46 48 42
39 36 36 49 37 50
46 15 18 30 15 40
0 0 0 12 5 0
39 10 8 13 26 40
25 33 60 46 34 29
9 21 20 7 3 5
1 15 0 13 21 26
3 33 39 21 2 37
57 47 60 57 51 50
22 17 11 27 6 35
0 4 15 0 25 16
5 22 40 14 19 10
33 40 55 31 35 47
53 60 60 32 50 60
35 54 43 35 33 39
39 17 31 19 27 31
50 25 34 39 43 58
0 0 25 0 9 0
13 16 0 21 34 18
33 47 38 35 45 37
46 41 41 49 53 40
0 4 0 5 20 0
21 0 20 0 14 11
0 0 20 17 29 20
60 48 60 45 60 60
36 49 52 26 32 47
12 44 12 37 33 44
0 29 29 0 27 30
60 60
26 30 18 19 30 21
25 11 0 0 17 8
0 12 0 8 14 2
9 0 0 0 16 17
53 36 39 37 60 45
48 40 49 37 28 28
20 0 0 15 0 33
4 0 3 10 22 0
45 55 52 52 60 60
13 0 16 1 0 14
20 23 16 19 0 0
34 6 5 31 2 26
26 31 33 0 0 38
3 33 32 10 6 38
60 35 60 60 29 60
35 60 29 27 60 60
46 31 37 42 26 52
0 19 19 0 10 0
60 45 40 60 32 32
24 28 37 24 18 50
0 14 31 13 0 0
48 59 46 60 40 56
39 60 32 18 29 23
9 30 15 34 31 15
27 45 57 12 18 22
44 26 31 32 34 44
57 34 38 60 58 33
34 35 41 51 28 41
0 17 0 0 25 20
59 60 42 60 39 43
37 6 11 14 30 14
49 45 45 5 32 38
0 17 12 0 8 26
21 29 12 16 34 24
30 21 21 24 14 45
0 16 0 28 6 0
36 17 38 38 19 51
7 25 5 28 40 20
34 33 38 50 50 27
52 60 25 42 40 40
60 42 26 60 60 35
21 24 37 21 38 47
25 0 4 25 28 19
31 18 34 31 26 28
5 3 22 21 7 3
10 23 0 0 9 4
13 28 35 0 0 20
53 27 35 28 48 49
59 60 58 25 43 31
39 28 56 45 35 40
1 41 40 29 7 35
13 0 14 4 0 7
6 6 9 0 2 7
14 13 3 46 19 47
31 15 13 38 15 27
5 13 12 11 20 0
38 29 60 60 56 49
13 13 17 23 13 1
23 42 34 43 27 33
18 16 39 2 40 34
60 4
12 0 0 20 13 17
32 34 25 29 34 33
45 43 44 34 47 14
0 0 3 8 7 23
16 27 23 29 14 13
35 23 32 32 24 29
57 48 40 40 55 39
40 26 36 29 20 23
13 20 6 9 17 0
3 19 2 25 20 0
39 25 21 36 37 39
34 32 35 35 44 32
21 21 36 24 28 28
60 54 56 49 59 60
57 60 53 37 60 50
51 56 53 53 60 57
14 35 34 31 34 21
29 16 18 0 18 3
24 15 27 10 25 34
52 54 48 49 50 50
18 16 16 15 14 14
11 7 13 14 9 3
27 23 22 22 12 22
28 1 8 25 7 14
12 19 0 0 22 11
1 31 10 31 10 5
26 35 19 40 26 35
10 36 22 44 18 27
55 54 41 51 53 41
52 39 50 44 34 48
1 0 14 3 5 2
0 16 0 3 6 0
51 34 54 51 50 41
28 13 20 9 35 34
30 37 42 44 34 29
45 47 37 23 22 27
33 23 12 33 33 33
32 39 52 51 47 56
52 53 58 52 34 32
39 42 52 54 34 60
29 34 36 22 25 26
8 20 12 21 0 3
14 17 19 33 18 18
21 9 24 21 19 11
47 52 55 43 47 32
34 53 52 35 35 43
32 26 29 21 26 23
60 53 46 60 60 45
43 48 60 60 53 44
31 36 54 34 28 57
0 5 16 0 9 0
41 26 31 39 38 39
0 16 14 0 21 0
20 3 3 14 14 0
0 0 3 0 3 0
42 22 35 15 23 21
5 0 2 7 14 16
45 52 52 28 25 35
41 48 42 60 53 60
42 50 58 57 46 54
60 17
22 35 16 15 10 8
20 18 0 0 12 0
43 49 36 34 25 19
55 49 36 60 60 45
43 33 45 19 44 43
37 19 22 12 31 41
23 25 26 47 48 34
42 41 49 35 42 37
36 32 41 54 43 49
37 49 22 32 46 57
54 57 43 45 49 50
22 47 50 16 18 16
20 5 9 16 6 24
40 30 36 24 32 25
37 26 8 27 24 14
27 34 26 32 28 33
53 30 44 37 24 25
22 52 42 30 28 42
54 43 48 53 44 39
35 41 40 32 31 32
33 53 51 38 51 59
42 40 50 45 47 54
46 38 37 50 37 46
12 17 9 0 15 22
58 39 32 58 60 52
25 26 28 23 30 20
39 15 6 33 24 14
27 31 38 16 16 37
39 45 57 40 40 36
51 60 53 54 45 42
36 41 34 38 26 34
11 0 15 8 3 3
17 28 19 24 18 22
46 37 60 42 49 50
48 53 50 46 39 42
59 60 60 52 52 60
52 50 51 55 52 45
30 31 30 40 35 30
6 19 5 23 20 24
19 37 32 28 15 13
40 43 25 37 51 37
32 30 9 3 13 10
46 60 56 60 52 48
11 20 26 30 23 23
4 0 13 6 0 3
16 20 12 9 9 13
56 53 46 40 46 38
36 35 29 46 39 30
29 47 11 48 47 25
7 0 9 2 7 8
25 27 41 34 21 25
15 24 0 0 15 0
29 16 31 46 39 25
22 17 22 24 24 22
49 51 48 56 59 46
56 46 43 56 53 54
10 13 16 10 0 20
2 8 34 14 15 11
54 45 34 44 43 45
21 35 18 15 43 36
60 36
52 53 31 42 40 34
37 39 40 24 29 20
58 35 55 49 39 60
13 0 3 17 17 19
50 36 27 19 35 23
54 44 59 55 44 54
56 45 55 41 42 35
7 7 3 2 0 5
14 37 23 13 29 26
59 47 60 54 46 44
60 49 60 59 60 59
55 53 49 59 51 57
41 20 9 21 37 22
28 27 25 15 25 15
49 47 51 55 50 49
53 49 56 57 42 33
7 0 0 10 19 0
46 22 39 29 45 21
11 24 4 2 26 9
9 26 0 26 3 1
29 40 53 49 27 48
60 53 46 42 37 51
39 33 50 54 58 53
60 46 58 60 60 55
31 54 47 30 28 28
14 12 7 9 18 19
18 3 20 7 11 3
16 12 34 31 27 14
30 41 41 23 38 38
14 13 41 24 21 21
5 13 15 17 18 0
9 16 3 8 2 22
29 23 24 15 28 28
10 4 7 5 9 24
25 54 40 29 32 40
11 0 18 12 0 15
30 34 29 32 25 35
0 7 4 19 17 5
16 17 19 2 0 5
43 51 41 23 25 46
24 0 6 6 25 8
60 42 58 54 60 60
27 27 33 10 13 27
29 53 47 60 48 26
55 53 60 37 60 32
37 34 60 35 32 29
4 22 7 26 14 14
9 34 2 16 35 34
52 44 60 60 50 51
6 7 39 16 10 17
46 42 48 36 46 47
50 58 49 56 60 60
31 34 42 37 49 45
57 52 48 52 59 60
60 52 59 50 48 57
60 60 46 32 60 32
57 60 51 59 39 60
15 20 18 27 29 9
27 53 60 58 27 60
34 38 29 37 15 17
60 51
24 33 27 42 48 43
16 15 9 10 8 0
38 44 41 45 34 43
43 60 59 55 52 60
0 8 0 5 5 5
14 25 18 27 28 3
1 15 21 26 27 5
46 44 42 60 57 60
59 52 40 39 49 57
14 30 19 46 25 25
15 12 14 10 19 20
28 41 37 26 35 33
60 60 59 51 51 47
19 0 8 0 4 11
55 39 60 41 42 60
31 31 17 35 28 23
50 27 50 39 52 46
11 33 8 33 30 39
52 49 50 38 47 42
40 31 35 37 45 23
40 31 37 29 23 37
60 49 39 49 60 60
29 53 40 44 24 42
31 20 30 34 32 21
27 21 25 20 23 27
24 24 29 18 21 18
20 36 24 11 21 34
42 49 40 34 38 48
46 44 53 59 45 43
27 17 18 1 0 5
42 27 17 14 43 13
43 19 28 29 26 23
7 27 33 29 14 20
58 54 39 47 41 55
20 9 14 9 8 0
60 60 59 46 60 50
36 31 30 53 40 21
25 17 7 21 9 0
54 53 50 53 54 60
13 24 2 8 13 18
40 29 50 34 60 47
30 18 17 26 40 29
24 0 11 26 8 8
49 60 46 44 59 54
45 54 51 56 60 60
51 45 44 42 44 41
9 0 4 26 14 19
17 29 44 6 9 17
49 56 45 38 60 37
41 28 47 23 39 21
44 33 34 58 39 36
9 30 11 29 27 25
35 8 23 34 32 11
3 10 0 13 9 10
60 60 57 52 41 60
16 13 21 12 30 14
44 47 60 56 53 60
30 21 23 19 33 30
56 38 43 42 52 43
0 18 16 13 10 16
60 60
31 45 18 47 27 24
18 21 40 17 24 23
20 49 30 44 44 33
32 60 54 27 56 43
26 45 47 23 23 50
60 52 59 53 58 54
60 57 49 60 50 60
0 4 5 17 13 10
3 23 23 0 10 12
7 0 0 13 0 12
10 1 0 4 15 20
10 16 7 20 33 17
37 34 33 38 45 50
56 60 45 59 31 34
40 47 24 23 49 22
33 41 22 42 47 19
15 16 0 0 0 0
19 7 21 17 9 18
8 21 14 30 12 24
8 28 24 3 6 5
43 36 44 43 34 26
60 55 60 59 53 60
19 22 18 26 12 35
59 40 60 60 60 47
31 28 33 29 26 38
55 58 60 60 49 58
33 17 25 22 21 15
0 0 2 19 20 9
0 9 3 23 4 0
0 0 0 8 12 0
60 60 47 60 55 60
31 32 49 46 33 32
36 29 24 42 19 30
0 19 0 6 0 11
47 48 60 52 60 47
50 49 50 48 40 42
18 37 20 13 38 27
38 53 34 52 30 39
11 0 0 30 0 0
33 32 31 34 27 30
60 37 54 31 46 51
24 22 29 14 6 27
50 45 60 58 50 48
43 60 49 52 39 58
60 46 34 32 41 42
0 4 9 0 0 16
11 21 26 12 7 25
38 58 53 58 51 36
10 2 10 8 2 3
25 20 25 24 16 17
51 50 60 46 58 60
0 11 4 12 0 0
0 0 2 0 13 11
46 49 34 32 57 34
52 48 40 46 49 49
21 27 16 11 17 13
17 16 20 24 15 26
31 44 37 43 39 41
11 22 0 19 4 23
37 48 25 21 17 20
0 0
