7704
7110
9262
10710
21658
4250
2658
6938
2826
4786
13770
9180
20334
6350
25012
11286
5126
4372
2190
11854
176
7150
40274
191586
192310
20
534
12790
59530
51178
30
188
518
10554
6484
16
66
244
2052
1602
2476
24002
103252
139926
287270
306
12822
44464
111782
132190
34
482
7226
44192
48498
26
298
626
2828
8418
5154
53158
145306
242228
323724
3564
60270
122696
196954
197614
856
22530
30814
49302
145474
148
1968
10948
20170
31178
25864
65510
135146
286132
363184
10808
67542
98256
230550
365962
9050
53098
118572
179054
256228
9600
21030
47776
83286
126996
