2 2
45 42 58 52 54 43
36 35 36 35 36 36
3 2
35 34 15 32 22 35
22 0 17 29 13 0
12 24 21 10 7 30
3 3
31 30 31 31 31 31
13 1 10 16 18 9
54 60 52 54 60 60
4 2
13 10 7 9 0 0
0 0 36 13 31 0
60 49 32 60 60 53
15 15 13 57 60 60
4 4
51 39 21 60 23 60
12 0 15 11 18 0
19 31 1 26 21 41
32 0 10 0 0 0
2 2
49 48 48 47 49 49
60 59 59 59 59 59
3 2
47 46 46 47 47 47
20 23 21 23 20 20
59 39 42 38 49 58
3 3
24 26 25 26 26 25
9 11 11 10 11 10
50 49 50 50 49 49
4 2
15 15 14 15 15 15
49 49 43 46 48 52
26 27 27 27 31 31
40 38 40 40 41 38
4 4
12 12 11 12 13 12
54 55 54 55 55 55
12 12 12 12 12 12
42 43 42 42 42 42
2 2
18 2 14 12 0 5
0 15 26 45 0 23
3 2
14 44 20 21 30 35
37 29 0 13 21 13
37 49 19 36 38 37
3 3
31 40 12 0 6 14
60 36 60 33 16 28
19 33 23 31 16 2
4 2
14 0 1 6 19 0
48 45 33 49 36 60
60 60 46 44 44 57
48 14 8 33 51 19
4 4
42 45 52 56 52 60
43 32 1 29 42 20
39 60 52 42 60 54
8 45 0 18 16 3
2 2
60 37 31 45 49 45
41 48 36 22 22 28
3 2
38 40 28 25 40 17
53 37 60 39 36 40
42 27 43 51 47 47
3 3
0 11 0 16 6 11
5 15 0 3 11 0
21 0 17 14 5 17
4 2
50 52 54 45 51 45
18 4 18 4 9 11
59 54 53 60 57 52
49 46 44 60 34 49
4 4
0 24 0 0 5 3
33 35 43 25 26 6
8 21 0 13 11 13
16 0 0 24 19 14
60 13
47 50 33 47 42 49
13 0 5 8 0 29
56 17 19 60 60 57
7 32 0 0 31 1
32 35 47 45 60 36
46 16 35 0 19 21
41 45 31 35 42 9
51 58 44 59 37 47
23 23 23 23 23 22
57 58 43 60 60 55
44 36 34 0 39 0
36 2 0 15 31 29
48 45 35 35 46 27
55 38 52 11 13 19
40 38 39 38 39 39
36 34 16 25 18 32
0 11 0 20 27 0
60 60 48 58 44 60
20 13 15 14 26 17
60 57 60 29 26 41
5 24 29 21 12 1
32 33 37 31 32 38
16 39 60 22 21 32
17 31 0 15 7 17
18 18 18 17 18 17
34 35 34 35 35 35
36 36 35 35 36 36
33 36 38 43 33 36
34 1 0 0 0 12
28 34 32 38 33 33
48 53 60 27 45 37
21 23 22 24 21 26
47 46 47 46 46 46
12 18 36 0 0 2
8 7 53 42 53 56
6 0 14 7 0 0
32 32 31 32 31 32
25 38 27 39 33 38
4 18 0 3 21 27
50 60 48 57 35 50
0 22 23 38 0 14
17 54 53 39 26 51
43 49 52 48 52 56
38 38 36 60 50 60
11 24 20 23 5 26
33 38 39 15 54 20
52 60 28 54 49 60
37 33 34 34 34 36
49 49 49 48 49 49
52 56 60 55 42 39
23 23 23 23 24 23
31 22 26 28 31 23
3 4 4 3 4 4
27 25 27 27 26 26
0 29 31 13 0 0
21 0 0 18 31 0
53 53 53 53 54 54
60 30 60 60 25 39
24 60 60 52 24 44
11 14 10 14 11 8
60 27
33 17 45 56 45 58
46 51 26 5 27 23
12 20 36 28 46 38
48 48 47 47 47 48
36 38 38 35 40 38
31 36 44 38 37 32
6 0 31 9 2 0
58 42 60 45 60 60
10 8 7 5 10 9
22 25 23 19 20 15
15 21 17 24 8 19
44 26 60 44 60 50
18 36 5 13 5 6
11 9 11 10 11 10
46 59 60 52 42 56
35 35 35 34 35 35
40 35 49 40 33 14
31 60 20 27 40 37
12 60 3 10 5 26
0 6 0 0 3 2
37 5 31 49 22 14
35 34 33 33 33 34
31 42 28 59 48 44
19 19 19 20 18 19
2 3 3 0 3 1
25 35 60 5 8 13
48 49 48 49 49 49
0 9 7 0 15 3
0 21 0 6 13 14
37 37 37 37 38 37
5 5 6 6 5 5
16 33 16 58 29 54
42 22 36 23 24 28
60 52 60 60 33 32
34 18 15 23 8 6
14 15 25 27 33 31
28 29 28 29 29 29
43 41 40 42 41 41
13 13 13 13 13 13
7 0 8 14 0 7
54 52 20 20 60 51
12 22 26 13 24 18
47 47 48 55 50 46
29 25 25 29 32 30
0 0 31 0 13 15
14 0 0 0 7 11
36 36 38 35 38 38
60 60 44 51 36 52
0 8 12 18 32 0
40 48 48 33 44 29
57 60 42 54 60 42
26 23 31 38 35 11
4 0 17 6 1 7
25 3 12 18 45 24
40 17 0 31 38 0
55 60 55 60 54 57
31 60 60 60 51 31
32 30 31 30 30 31
49 49 58 60 49 47
53 34 5 38 50 36
60 38
15 17 22 16 14 15
56 60 40 41 18 32
60 60 53 52 53 55
1 18 13 12 0 4
51 50 14 6 28 59
16 16 15 16 15 16
17 29 51 60 60 30
23 23 23 22 23 23
8 50 39 20 51 55
56 57 60 32 33 60
4 11 4 31 36 5
45 38 39 40 40 38
20 43 40 40 51 28
41 29 37 0 17 0
29 0 39 29 38 39
45 49 48 50 51 52
26 26 27 26 28 29
0 8 0 1 0 0
24 24 25 27 23 25
32 32 31 32 32 32
29 19 28 29 23 27
39 15 15 37 33 37
20 20 13 16 13 19
39 46 36 34 55 43
38 51 37 31 43 38
38 41 44 37 60 43
26 38 32 32 47 21
48 41 60 55 24 45
26 13 22 37 0 39
56 43 60 60 60 50
55 56 56 56 55 56
41 41 43 42 41 41
31 42 28 42 31 29
57 60 60 34 55 47
28 14 19 27 22 21
60 59 40 60 38 32
0 0 4 0 0 4
3 3 0 20 21 7
0 4 28 0 28 0
32 33 23 41 60 60
46 60 60 48 44 60
42 29 30 32 23 26
14 0 0 11 10 1
29 36 0 8 20 26
13 15 17 10 20 23
0 29 24 0 0 8
25 39 35 36 12 26
0 21 20 18 0 7
40 39 41 40 41 41
23 20 23 20 22 24
38 39 53 60 51 38
4 21 12 50 7 42
39 38 39 39 40 38
46 46 60 28 60 60
18 22 37 29 46 40
29 28 49 16 2 21
16 17 30 29 41 19
26 0 0 20 2 5
50 57 60 60 51 56
5 19 23 0 16 13
60 60
46 39 46 38 14 38
18 39 30 51 60 54
50 26 27 47 0 0
0 0 6 9 8 2
60 44 60 58 54 47
20 20 19 19 19 19
22 24 9 47 38 25
18 18 17 18 18 18
55 57 54 57 57 58
29 29 29 27 29 26
46 12 31 15 11 43
24 60 30 35 22 52
0 16 29 0 30 26
46 59 60 60 59 47
60 39 58 60 27 26
28 0 33 27 7 21
38 38 38 38 38 38
21 21 21 22 21 21
39 17 31 2 5 41
45 37 30 26 59 58
26 25 25 25 25 25
33 58 46 53 60 60
24 22 24 25 23 25
57 46 50 48 52 57
20 13 0 2 27 27
58 33 60 54 50 36
47 41 52 56 42 55
43 28 30 25 25 43
43 58 60 58 46 47
58 58 58 58 58 58
60 38 29 60 60 25
39 35 60 31 49 60
36 35 37 35 35 35
25 36 12 31 19 9
60 50 41 45 48 35
29 22 39 41 37 23
11 12 13 13 14 14
60 60 59 42 41 40
56 60 45 60 35 60
16 45 31 20 21 38
36 23 0 15 36 0
60 57 30 38 60 47
15 43 25 37 25 33
60 50 56 59 50 46
8 41 25 32 25 45
31 51 49 60 31 60
60 60 40 60 42 43
16 27 32 28 19 23
55 57 54 59 60 57
45 47 21 24 54 27
36 36 36 36 36 36
9 4 0 8 0 0
42 46 60 60 53 21
58 52 52 55 54 55
19 18 60 12 17 12
47 46 46 47 46 47
37 38 37 37 38 37
29 34 24 33 27 26
45 34 60 60 33 60
32 32 33 32 33 33
60 60
60 39 47 60 32 44
0 0 22 0 24 0
7 11 8 16 0 18
57 20 60 51 60 28
28 28 28 28 28 29
30 29 38 29 52 37
55 57 60 43 38 33
35 35 34 35 35 34
11 17 21 9 0 21
60 56 34 45 44 37
29 21 41 22 26 30
3 5 6 4 3 3
4 23 35 36 33 6
9 9 8 8 8 8
54 33 36 27 15 20
23 14 52 44 60 36
58 59 59 59 59 59
28 11 39 9 33 15
39 39 39 39 39 39
51 46 0 49 47 26
53 53 54 54 53 53
22 20 0 11 5 0
53 56 47 28 55 39
49 60 28 24 60 16
54 52 54 53 51 52
57 58 58 58 58 58
25 25 25 25 26 25
43 43 42 43 43 43
58 31 22 51 38 60
34 11 57 49 55 12
0 17 22 0 6 0
8 9 10 11 8 12
41 41 41 41 41 42
3 0 20 0 0 3
46 36 45 40 45 46
1 30 32 6 6 11
56 60 54 60 60 50
35 46 41 47 28 32
44 46 38 26 25 45
0 4 35 0 25 29
41 38 53 22 21 27
16 16 18 18 18 16
33 51 30 60 60 60
9 32 48 18 9 18
19 20 20 20 20 20
49 60 56 60 51 60
8 10 5 9 0 0
11 11 11 10 12 11
13 14 39 32 18 60
21 20 23 22 21 22
16 22 23 22 55 53
51 44 54 33 30 60
57 56 57 56 57 57
36 50 44 46 50 53
38 29 38 27 38 44
3 0 29 0 11 24
22 9 13 23 14 0
11 11 11 12 11 11
40 59 21 58 52 60
0 29 9 12 23 12
60 13
13 15 14 16 16 14
13 13 12 13 12 13
14 13 13 11 29 25
59 59 59 59 60 59
0 1 5 0 6 2
41 41 40 40 41 41
14 17 13 11 12 16
0 11 26 0 19 0
16 15 15 15 15 15
32 17 15 22 6 8
1 2 1 1 1 2
46 60 60 60 51 60
8 8 8 8 8 8
27 27 27 27 27 27
24 24 24 24 24 24
34 1 39 46 26 0
43 43 44 44 44 43
3 9 9 4 5 4
13 14 12 16 18 16
50 49 49 50 49 50
28 29 28 29 28 28
21 14 20 18 16 17
25 26 26 26 26 25
19 17 16 22 17 17
40 33 39 37 29 27
27 29 34 34 32 31
29 30 30 30 30 30
48 47 47 47 48 47
0 21 1 19 4 25
11 0 1 13 22 6
16 16 16 16 16 16
44 44 44 44 44 44
0 5 2 3 0 5
34 53 52 33 51 37
11 15 12 11 14 13
47 43 42 48 39 39
17 15 9 16 18 10
30 50 60 50 52 28
40 40 40 40 40 40
24 39 16 20 0 37
19 19 18 19 18 19
34 8 22 0 1 13
1 1 0 0 10 0
14 15 14 14 15 15
35 35 35 35 35 35
36 33 30 34 37 42
4 5 4 5 4 5
38 38 38 38 38 38
55 55 56 55 55 55
52 52 54 54 53 55
58 59 60 60 58 52
16 16 16 16 16 16
10 11 5 7 9 13
11 12 12 11 11 11
0 0 0 22 14 8
3 3 4 4 4 4
52 51 53 53 53 51
20 23 24 21 25 22
35 34 34 34 34 34
53 20 31 60 57 21
60 25
38 26 31 47 44 41
11 32 24 0 0 0
15 15 4 1 5 0
38 38 39 38 40 38
49 48 49 49 49 49
13 17 23 25 20 18
40 41 41 41 41 41
50 44 51 57 55 58
39 38 39 38 38 38
55 52 52 52 52 50
42 40 39 41 41 39
54 53 54 54 53 54
15 14 16 22 20 11
27 21 25 24 21 24
48 48 48 49 48 48
14 14 16 23 15 20
3 0 10 3 0 6
9 10 10 11 10 11
23 21 25 36 28 37
45 47 45 45 46 45
1 3 7 4 2 3
25 33 20 18 7 9
25 23 18 11 18 19
24 21 24 21 20 22
52 59 47 50 53 49
43 42 43 42 42 42
33 36 36 28 37 29
53 30 52 46 30 60
60 60 57 55 59 60
0 40 0 5 22 0
32 10 20 35 15 1
54 56 51 38 60 60
22 29 18 17 23 21
29 29 28 29 28 28
9 9 10 10 9 10
14 18 4 27 16 31
53 51 51 53 52 52
34 33 32 33 29 30
40 44 40 40 38 45
54 55 55 55 54 55
6 6 6 6 6 6
46 49 47 43 48 46
14 21 0 0 3 0
47 47 47 48 46 47
5 6 5 6 6 6
59 59 60 59 59 60
58 43 49 42 56 43
19 16 19 18 16 15
39 37 39 36 41 44
55 56 56 55 56 56
44 45 45 44 45 45
60 60 48 56 49 60
23 44 17 42 31 39
14 11 13 13 14 13
2 0 23 0 3 9
34 40 29 30 45 43
46 40 51 48 52 57
50 60 52 59 57 51
40 37 44 28 49 21
18 17 17 17 16 17
60 44
14 16 17 18 24 13
22 16 18 18 15 19
30 25 16 16 18 21
56 56 56 56 56 57
43 44 44 44 43 44
3 8 0 8 9 0
59 60 60 34 32 44
22 27 28 25 25 22
24 24 25 26 22 25
4 4 5 5 4 5
31 60 59 56 23 22
22 14 23 25 21 14
44 51 46 41 33 49
58 57 57 58 58 58
10 29 24 18 32 26
13 17 19 9 7 19
35 35 35 35 36 36
36 37 37 37 36 36
50 51 52 53 53 51
50 50 48 49 49 48
42 55 54 43 46 51
0 0 22 23 0 28
17 50 34 34 60 60
13 24 29 34 25 28
19 3 0 17 0 0
37 30 31 33 30 34
17 0 14 0 10 0
23 22 18 31 22 18
33 25 23 31 30 37
24 35 25 34 22 20
33 51 42 33 48 38
29 31 41 37 29 36
14 13 13 13 13 13
0 5 0 12 9 0
13 13 13 13 13 14
34 34 34 34 33 34
24 20 16 31 8 14
3 4 3 3 3 3
32 32 32 32 32 31
12 12 10 11 12 11
60 44 47 46 52 60
29 30 31 27 33 28
47 51 27 30 41 30
15 15 15 15 15 15
37 38 31 48 53 29
35 17 22 25 18 26
42 47 45 45 40 44
13 15 15 13 13 13
56 56 56 56 56 56
21 21 21 21 22 21
33 38 39 39 37 38
21 19 19 20 20 21
37 36 36 37 37 36
0 2 12 6 12 3
24 20 20 23 20 22
9 8 13 0 2 5
46 41 42 41 42 38
0 0 2 0 0 5
45 42 51 60 34 50
46 52 54 45 40 54
60 59
15 15 11 22 28 10
14 13 12 13 13 13
51 51 51 51 52 51
25 32 28 39 37 28
1 1 1 0 1 1
40 40 40 40 40 40
60 52 60 51 38 40
46 46 46 46 46 46
2 2 1 1 1 1
20 8 0 15 0 0
49 49 48 48 49 49
43 60 60 56 60 41
51 52 51 51 51 52
60 52 54 51 60 42
34 34 34 34 35 34
33 45 50 49 30 33
42 17 25 12 32 16
32 10 5 11 5 2
58 56 60 55 60 58
35 46 34 46 50 50
53 53 48 48 48 52
21 1 0 18 16 0
20 7 0 41 2 28
28 24 19 27 22 15
18 18 17 19 20 20
59 60 53 59 56 60
53 53 52 52 53 52
31 32 31 31 31 31
46 46 46 47 47 46
51 51 50 51 50 50
18 17 17 17 16 15
2 3 3 3 3 3
18 17 18 17 18 17
43 43 42 37 38 26
0 7 19 0 20 19
30 57 30 42 60 33
49 51 44 45 53 43
31 35 36 32 31 38
34 17 16 25 30 31
19 20 18 21 20 18
25 24 32 22 38 27
54 53 54 54 53 53
31 28 21 34 21 26
50 50 50 49 49 49
27 21 22 37 37 36
33 33 33 33 33 33
27 11 43 22 49 46
35 34 40 31 33 32
14 13 13 13 13 14
32 29 31 34 32 30
3 2 2 3 2 1
35 27 15 46 45 45
15 15 16 15 17 15
52 53 51 51 53 53
55 56 56 55 51 55
49 47 49 50 48 48
56 55 56 57 56 56
39 37 40 43 43 42
38 34 32 36 35 32
42 31 42 28 33 10
60 60
40 28 21 11 15 35
51 45 40 41 38 40
26 44 40 29 24 16
47 47 47 47 47 46
37 37 37 37 38 37
15 12 12 9 13 14
7 6 6 6 6 7
54 55 53 55 54 54
43 39 42 38 38 38
48 46 47 49 45 47
27 27 26 26 27 25
60 43 42 60 60 59
19 20 20 20 19 21
60 54 54 53 55 54
1 2 1 1 1 1
42 28 34 31 38 31
9 10 9 8 9 10
1 0 4 5 6 3
43 46 42 50 43 49
60 43 58 60 53 51
28 28 29 28 28 28
22 25 33 15 23 25
42 41 41 42 43 43
0 13 9 19 10 0
36 0 38 3 0 0
20 18 19 18 21 21
13 46 19 39 10 15
30 29 29 29 29 29
21 23 20 23 19 19
28 27 27 27 28 28
36 43 38 32 35 32
8 7 7 7 6 7
54 54 55 56 55 56
10 2 5 6 7 7
14 24 21 19 21 22
46 37 54 40 45 46
3 0 9 0 5 1
51 59 53 60 54 51
30 50 33 11 47 13
25 24 26 25 24 25
19 19 19 19 18 19
35 43 47 46 43 33
4 9 10 2 3 7
39 36 31 40 31 32
3 24 22 15 0 21
8 7 7 8 7 6
7 6 7 6 7 6
42 35 36 42 37 42
56 56 57 55 55 54
15 14 14 15 14 15
8 9 12 10 15 10
36 34 37 38 34 38
37 36 37 38 36 36
38 40 41 39 41 36
44 44 44 41 42 44
52 49 49 51 49 49
21 27 21 27 24 28
19 23 20 23 20 18
35 35 36 37 37 35
34 34 34 34 34 34
60 10
54 53 53 54 53 53
21 20 21 20 23 25
10 8 9 9 10 9
55 56 55 56 57 56
60 53 53 56 56 54
19 16 19 14 16 19
5 6 7 8 7 6
39 41 47 37 47 36
19 19 18 19 19 18
50 51 50 50 50 51
43 42 42 42 42 42
2 7 11 12 10 8
45 45 46 45 46 45
4 2 19 11 10 0
34 34 34 34 34 34
13 12 15 10 9 17
58 58 58 56 53 55
1 1 2 2 1 1
31 32 32 32 31 31
41 35 30 22 29 25
27 26 28 28 27 26
4 6 7 5 6 5
16 17 25 4 23 17
30 25 31 39 29 36
32 32 32 32 32 31
49 51 50 50 51 51
29 29 28 28 27 35
15 14 14 15 14 14
34 34 33 34 33 33
42 42 42 42 42 42
25 21 21 11 9 29
53 53 53 53 53 53
21 20 21 20 21 21
33 32 33 33 33 33
7 9 9 11 9 9
49 49 46 48 50 49
28 32 36 27 30 33
17 17 17 17 16 17
26 44 18 28 19 33
59 59 59 59 59 58
32 32 33 32 32 32
41 44 20 33 35 24
20 20 20 20 20 20
5 5 5 4 4 5
58 53 56 55 56 57
3 3 3 4 3 3
26 51 23 42 49 33
27 17 23 17 25 23
6 5 5 6 6 5
7 6 6 7 7 7
44 43 43 44 44 44
15 15 14 14 14 14
14 13 13 14 13 13
32 25 24 24 27 31
20 20 20 19 20 19
58 57 57 57 57 58
17 17 17 17 16 17
16 17 15 16 16 15
28 28 27 27 28 28
31 25 26 29 30 31
60 26
7 10 7 7 10 6
10 11 10 11 10 11
46 52 50 50 48 47
26 30 25 24 30 28
38 42 43 35 39 40
57 57 57 57 57 58
57 58 58 58 57 58
58 59 59 58 58 58
12 14 12 12 13 12
32 0 0 33 0 4
12 12 11 12 11 10
13 15 13 15 14 16
27 26 27 27 26 27
11 6 5 13 11 5
15 15 14 15 15 15
16 15 15 16 15 15
14 13 13 13 13 13
13 7 5 10 10 13
29 27 27 28 29 28
51 52 51 51 51 51
24 23 22 24 23 24
11 9 11 9 11 9
19 19 19 20 20 19
37 43 34 49 30 34
15 16 16 19 17 17
9 9 8 9 9 9
39 39 40 39 40 39
36 34 34 22 36 30
55 50 53 53 51 56
8 8 9 8 9 8
53 53 53 53 53 54
36 37 37 36 35 35
25 25 29 29 32 34
57 53 55 56 55 58
55 56 56 55 56 56
18 13 12 13 14 13
29 29 30 30 30 30
43 44 40 43 42 42
48 50 49 50 48 49
29 19 30 32 35 30
23 22 23 23 23 22
24 25 25 24 25 25
55 55 55 55 55 55
38 38 37 39 38 38
45 25 43 24 40 32
12 16 14 9 17 16
23 22 20 23 20 20
38 58 53 59 38 38
34 31 29 46 33 40
2 1 1 0 1 0
46 41 50 43 39 40
37 39 37 36 37 36
49 49 49 49 49 49
26 18 21 13 25 17
5 4 4 4 4 4
47 46 46 46 47 46
48 49 48 49 48 49
35 44 54 32 44 32
2 4 3 4 4 5
51 51 50 50 50 51
60 33
0 4 6 7 2 6
31 30 30 30 31 32
18 18 16 18 16 18
50 49 50 50 49 49
50 48 46 47 48 46
56 54 54 55 55 53
5 5 6 6 6 5
16 15 16 15 16 15
37 35 36 37 36 36
3 7 10 5 8 9
43 44 43 43 43 43
27 27 27 27 26 26
41 42 42 42 42 42
9 9 9 9 9 9
9 9 9 9 10 9
14 15 15 14 15 15
0 0 4 1 5 0
60 58 57 60 60 53
39 38 39 41 41 37
38 38 43 43 41 40
7 7 7 7 5 5
5 7 10 10 5 10
4 7 8 8 0 5
11 10 10 10 11 11
17 17 17 17 17 17
50 51 50 50 50 51
25 26 22 22 17 18
32 31 31 32 32 31
19 19 21 23 19 20
57 56 56 56 57 56
5 4 7 7 5 4
45 41 40 40 41 45
4 2 4 8 2 2
0 3 0 0 2 9
12 11 11 11 11 11
15 16 15 8 2 21
53 51 53 53 51 53
10 11 8 11 7 12
34 45 46 39 39 49
40 41 41 40 39 41
53 53 54 53 54 54
13 14 14 14 15 14
47 42 42 32 45 47
18 14 15 10 8 16
43 34 40 41 32 31
1 5 7 0 6 3
12 12 12 13 12 12
1 2 4 3 3 4
4 14 5 8 13 13
17 31 14 21 34 38
58 54 56 52 58 55
34 35 35 35 35 34
58 50 50 54 54 57
16 16 15 15 15 15
24 24 24 25 25 25
19 19 20 18 19 20
32 29 31 38 35 38
32 33 34 33 34 35
38 35 43 42 39 44
13 13 13 15 15 15
60 60
6 2 7 8 5 0
13 13 14 13 14 14
31 32 31 31 30 31
4 4 5 5 5 5
2 1 1 0 3 1
33 33 35 32 34 32
27 28 27 27 27 27
18 16 18 18 18 18
26 27 27 26 25 26
2 2 2 3 2 2
38 38 38 38 38 38
38 38 37 42 35 37
60 56 59 54 60 56
19 20 19 20 20 19
25 26 26 25 26 26
49 49 50 50 50 49
43 38 34 37 32 37
50 51 50 51 50 50
20 20 19 19 20 19
17 21 20 23 17 22
21 24 26 23 25 22
3 7 3 7 7 7
37 39 45 36 40 38
15 15 15 15 15 16
21 21 21 21 21 21
6 9 6 6 7 9
52 52 51 51 58 55
22 23 23 22 22 23
59 59 59 60 60 60
19 19 18 19 19 18
25 26 25 26 25 25
50 47 48 50 49 47
55 55 54 55 55 55
47 44 47 47 44 43
40 38 39 40 39 39
48 48 47 48 48 48
25 32 27 31 29 26
49 57 57 47 56 44
60 46 58 40 45 50
7 7 7 7 7 7
53 53 53 53 53 54
34 34 34 35 34 34
40 42 42 42 42 43
12 12 12 12 12 13
30 31 4 22 26 37
49 50 47 49 48 51
31 31 32 31 32 32
9 7 8 9 8 10
60 60 55 52 57 53
5 5 6 5 6 5
40 40 40 40 41 41
7 3 3 4 5 6
18 18 19 18 18 19
37 35 31 34 32 28
54 57 56 51 55 56
56 57 56 56 57 56
50 50 50 50 50 50
58 58 59 58 59 58
6 6 6 5 6 6
14 14 14 14 14 14
60 60
36 35 37 37 35 36
16 16 16 16 16 16
12 12 12 11 11 11
16 17 16 16 17 16
59 60 60 53 60 60
27 24 27 25 25 27
28 29 28 29 29 29
32 32 33 33 32 32
59 59 59 59 59 59
37 36 38 35 37 39
30 30 29 30 30 30
48 46 47 46 47 47
4 7 9 10 8 3
48 41 34 46 37 37
32 32 32 30 30 31
23 23 23 23 23 22
29 31 33 31 31 31
24 24 24 23 23 24
46 46 46 46 46 46
60 60 60 60 60 60
51 52 52 52 52 51
55 55 55 55 56 56
11 11 12 11 11 12
59 60 58 60 53 56
6 6 6 7 7 6
44 44 44 44 45 44
35 37 39 37 42 41
7 2 4 4 2 7
29 17 26 29 19 21
16 16 17 16 16 17
43 44 43 43 43 44
0 1 0 5 9 7
8 8 9 9 8 9
4 0 12 11 4 7
27 28 27 27 27 28
46 46 46 45 44 46
10 9 10 9 10 9
9 9 9 10 9 9
59 59 58 59 59 59
51 51 52 51 51 51
16 20 17 14 14 23
9 7 9 9 9 8
39 38 38 38 39 38
58 57 58 58 58 58
49 50 49 50 49 49
19 17 17 18 18 18
29 26 26 22 27 23
31 31 30 30 30 31
3 0 6 0 5 8
26 27 26 27 26 26
49 48 49 56 59 59
17 17 18 17 18 17
53 54 53 53 53 54
31 29 26 27 28 24
48 49 49 49 48 49
6 4 3 0 0 3
22 21 21 21 22 22
45 46 45 46 44 45
37 36 37 36 36 37
32 32 33 33 32 33
60 8
56 56 55 56 56 56
7 7 6 6 7 6
1 0 2 0 1 1
47 47 46 48 47 47
3 2 2 2 3 2
22 23 23 22 22 23
56 57 57 56 57 57
51 50 50 48 48 50
52 52 52 52 52 53
12 11 11 12 12 12
0 1 0 0 0 0
22 22 23 23 22 22
39 40 40 40 40 40
9 8 9 9 9 8
44 44 43 43 43 43
12 12 12 11 10 12
29 29 27 29 28 29
4 4 4 4 4 3
30 30 30 30 31 31
34 34 34 26 30 33
38 38 38 38 38 38
47 47 47 47 47 47
4 4 3 4 3 3
39 38 39 38 38 38
13 13 13 13 13 13
58 59 58 58 58 59
32 32 33 32 32 32
39 40 39 40 40 39
53 55 51 50 51 53
6 11 11 6 10 6
23 23 24 24 23 24
46 46 46 46 46 47
1 2 0 0 1 0
43 42 42 42 42 43
52 52 52 51 51 53
31 31 31 31 31 32
8 7 7 9 8 9
2 1 2 1 1 1
8 9 9 8 10 8
29 32 29 32 30 31
9 8 8 9 9 9
0 5 4 0 3 2
59 58 58 58 58 59
54 54 54 53 53 53
11 11 11 12 12 11
19 19 19 19 19 19
54 54 54 54 54 53
39 39 38 39 38 39
52 51 51 51 51 51
33 34 35 34 34 32
60 59 58 57 58 58
48 48 47 48 48 47
16 20 17 13 18 23
14 14 15 14 15 15
34 38 39 35 35 37
58 58 58 58 57 58
18 18 19 19 19 19
5 5 5 5 5 5
38 39 38 43 41 39
35 33 32 32 35 33
60 16
60 59 60 59 60 60
59 58 59 59 58 57
4 4 5 4 4 5
17 17 16 16 17 17
8 6 7 7 6 8
12 13 13 13 13 13
59 60 60 60 59 60
54 54 55 54 55 56
30 31 30 31 30 31
34 34 34 34 35 35
31 31 32 32 31 31
9 10 10 10 10 10
40 40 40 40 40 40
47 48 47 47 47 48
45 45 45 45 46 45
34 35 34 35 34 35
54 54 54 54 54 54
31 32 31 32 32 32
6 8 6 7 8 8
45 44 44 44 44 45
35 35 36 36 35 36
39 39 39 39 39 39
21 21 21 22 22 22
4 4 3 3 4 3
31 32 31 30 31 31
5 6 6 6 5 5
22 22 22 22 22 23
9 7 11 8 11 9
15 16 15 16 17 16
18 18 17 17 18 18
9 9 8 6 7 8
30 32 31 32 31 29
7 6 7 7 7 7
50 51 49 51 50 49
44 44 44 44 43 44
49 48 49 48 49 49
56 57 56 57 57 57
57 59 59 59 57 58
29 29 29 31 29 31
26 27 26 26 26 26
46 45 45 46 43 42
35 35 33 35 35 34
25 25 26 26 26 25
19 19 19 19 18 19
49 49 49 49 48 48
8 7 7 7 7 7
56 57 57 57 57 57
39 38 38 48 44 42
17 16 17 16 17 17
44 44 44 44 43 45
52 52 51 53 52 53
41 42 42 41 41 41
32 29 33 29 32 23
53 52 51 53 53 51
25 25 25 24 24 25
27 26 26 26 26 27
33 33 33 32 33 33
39 39 39 39 39 40
8 7 8 8 7 7
13 14 13 13 13 13
60 41
53 51 53 53 56 54
43 44 44 43 44 44
15 15 15 15 15 15
32 32 32 33 32 33
33 34 33 36 35 34
50 51 52 51 51 50
11 13 11 13 13 12
54 54 53 54 54 54
34 34 34 33 33 34
48 55 54 50 55 50
8 6 6 9 10 10
55 56 55 55 56 56
26 24 25 25 25 25
52 52 52 53 52 52
54 53 53 53 53 53
44 44 45 45 44 44
48 49 49 48 51 47
21 22 21 22 22 21
26 26 26 26 26 26
23 23 23 23 22 22
28 28 28 28 28 27
53 53 53 54 53 54
8 7 8 7 7 8
49 48 49 49 49 48
50 51 50 50 50 50
44 45 45 44 45 45
14 17 15 16 15 18
0 1 1 1 1 0
16 16 16 16 15 15
28 29 28 28 28 28
25 26 24 23 22 25
21 21 21 20 21 21
27 28 27 28 27 28
38 38 38 38 39 38
35 35 35 35 35 35
9 9 8 8 9 8
21 21 21 21 21 22
21 19 20 19 22 19
11 10 11 11 10 11
49 49 49 49 49 49
29 28 29 29 29 29
14 14 14 13 15 15
10 12 12 11 12 8
42 43 42 43 42 42
47 49 49 46 44 45
43 44 44 44 44 44
53 53 49 50 52 50
47 47 47 48 49 47
20 20 20 20 21 21
34 35 34 34 35 34
54 54 54 54 54 54
0 1 0 1 0 0
20 20 20 20 20 19
56 57 56 56 57 56
27 25 26 29 28 28
35 35 35 35 35 34
37 36 37 36 36 37
50 50 50 50 50 50
26 26 25 26 26 26
39 38 39 39 38 38
60 59
15 16 14 16 16 15
1 1 0 1 1 1
41 42 42 42 41 42
32 31 32 34 34 33
19 20 20 20 19 20
49 47 51 48 51 51
32 31 32 31 32 31
54 54 55 54 55 54
15 16 19 17 18 16
17 16 16 16 17 16
32 33 33 33 33 33
36 37 38 37 37 38
52 52 52 52 52 51
12 11 12 12 12 11
19 19 20 21 20 21
50 50 50 50 50 50
3 3 3 3 3 3
20 20 20 20 20 20
26 25 25 26 25 25
36 36 36 36 35 35
38 36 36 39 33 37
10 4 10 6 11 10
14 14 14 15 14 14
19 16 19 16 16 18
32 32 32 31 31 30
55 54 53 54 54 55
14 14 14 13 15 14
6 3 5 5 2 5
49 49 48 48 49 48
29 28 28 28 28 30
57 58 58 55 56 56
38 37 37 37 38 38
49 49 48 48 49 49
55 56 53 54 55 54
48 48 54 51 52 46
40 39 39 40 40 40
36 35 35 36 35 35
33 33 32 33 31 32
17 18 20 24 17 17
47 33 45 36 52 52
16 17 17 17 16 16
4 3 4 5 8 3
60 60 60 60 60 60
30 29 30 29 30 30
32 32 32 32 32 32
37 38 38 37 37 38
60 59 58 60 60 58
33 34 32 32 33 33
19 19 19 19 19 20
60 60 60 60 60 60
30 30 31 30 31 31
35 31 35 34 30 30
14 13 13 14 13 13
58 59 58 58 58 59
48 46 46 48 48 46
47 47 47 47 48 47
7 7 7 7 7 7
33 33 33 33 33 33
18 18 20 16 19 19
5 5 5 6 6 6
60 60
46 45 45 45 45 45
22 22 22 22 22 22
29 29 29 29 29 29
37 38 38 37 38 38
60 60 60 59 59 59
52 51 52 52 52 52
24 25 24 24 25 25
38 39 39 38 39 39
16 15 15 15 15 16
5 5 4 5 5 5
56 57 55 57 55 58
58 58 59 59 58 59
25 27 25 25 26 27
19 19 19 19 19 19
17 16 18 18 16 17
18 18 19 18 18 19
12 12 11 11 12 12
28 28 28 28 28 28
52 53 52 50 51 50
4 4 4 5 4 4
5 5 5 5 5 5
34 35 35 35 35 34
27 27 26 27 26 28
7 7 8 8 7 7
32 33 38 33 32 35
15 15 15 15 15 15
43 43 43 42 43 43
13 13 12 13 12 12
41 41 40 40 42 41
60 60 57 58 58 58
25 26 25 25 27 25
17 18 20 17 17 18
42 42 42 42 42 42
32 32 32 32 32 32
25 25 25 26 26 25
56 56 56 57 56 56
34 34 35 34 34 34
12 12 12 12 12 12
13 7 5 6 13 7
18 18 17 17 17 17
36 35 36 36 36 35
6 7 6 7 7 7
50 46 49 46 47 46
1 2 0 0 1 0
0 0 0 0 0 0
31 31 31 32 31 31
26 24 25 26 23 24
13 11 12 13 12 11
12 11 11 12 13 11
47 47 47 47 47 47
31 33 28 26 24 28
23 23 23 23 23 23
42 42 41 41 42 42
32 33 32 32 32 33
11 12 11 12 11 12
19 19 19 19 19 19
15 14 15 17 14 17
34 35 34 35 35 35
58 58 58 58 58 58
9 9 9 9 9 8
60 5
14 10 14 12 11 8
53 60 44 25 60 32
9 7 18 3 20 33
22 45 37 60 60 32
50 47 47 60 50 60
34 27 28 27 42 43
9 18 48 31 31 35
60 5 15 52 26 60
29 55 41 17 49 41
60 41 49 34 60 47
0 17 0 0 0 12
16 5 8 3 18 18
0 0 0 13 11 24
60 40 60 60 56 26
60 29 37 42 43 60
1 4 5 0 0 3
6 8 0 20 4 0
26 23 1 0 0 27
8 39 6 32 31 7
0 33 19 0 0 0
38 7 27 19 34 1
0 15 7 0 23 0
21 60 27 43 27 34
35 18 44 22 23 48
33 32 45 49 60 49
20 12 7 0 4 25
45 54 36 56 44 43
60 46 35 60 52 60
0 2 28 45 39 5
46 49 38 56 60 43
0 8 0 29 33 30
41 29 16 39 22 25
41 25 32 21 31 9
21 12 10 24 24 0
60 48 60 38 32 60
29 31 44 51 39 46
7 34 13 1 18 0
32 58 42 46 20 49
19 0 23 0 9 21
16 38 28 17 52 46
36 60 44 60 30 57
0 20 4 0 0 0
17 40 11 22 18 24
47 60 60 58 29 52
9 0 3 8 12 6
4 29 0 23 0 33
43 42 46 8 28 3
52 60 36 60 50 59
0 19 7 38 7 30
35 46 46 46 40 55
60 19 41 34 24 28
0 52 6 24 41 17
60 29 43 51 52 60
53 56 29 55 10 24
23 1 40 13 20 27
27 26 28 0 28 24
5 6 9 8 7 4
34 47 23 29 38 35
57 31 53 56 14 27
13 19 33 31 7 26
60 16
0 0 10 7 18 4
30 19 35 36 15 0
0 14 13 25 14 56
16 0 22 1 0 6
60 60 60 33 26 40
17 21 25 23 11 10
2 44 59 4 59 27
20 24 10 0 31 11
0 24 4 13 0 0
8 0 23 23 27 1
2 18 25 2 37 13
60 58 37 60 57 60
33 57 60 59 55 31
30 46 60 19 41 16
42 32 41 16 48 38
7 9 6 10 7 10
19 45 22 36 15 19
22 4 0 0 0 34
23 43 21 27 26 30
60 39 42 60 42 41
38 60 48 60 60 41
15 15 15 34 28 5
38 6 36 16 13 6
51 58 45 38 60 60
13 39 47 23 11 15
57 48 21 56 24 31
0 0 15 19 9 0
43 44 60 40 53 53
51 60 47 36 43 48
18 33 18 60 22 34
34 40 24 27 34 35
49 11 20 10 49 30
51 34 60 60 39 58
0 34 34 0 47 23
0 0 29 38 36 0
24 8 24 0 44 47
27 27 9 35 44 20
35 58 59 52 26 60
60 60 42 16 60 41
19 44 15 40 15 39
39 16 44 14 18 45
2 1 0 2 0 0
5 18 1 0 38 41
39 60 58 25 59 10
31 55 3 35 42 7
46 60 28 46 59 25
36 60 50 60 42 60
47 60 48 40 36 45
32 0 27 0 13 14
0 53 30 54 23 16
49 43 23 26 36 60
60 45 53 58 31 60
49 55 44 53 35 60
0 17 26 4 20 16
37 32 27 30 28 37
29 17 4 13 35 34
29 51 50 14 29 52
3 0 0 1 3 1
24 17 18 26 60 35
22 47 22 40 38 52
60 40
10 17 0 0 17 13
8 25 26 25 28 21
22 14 55 25 38 18
21 38 24 11 51 52
46 59 60 10 25 58
20 23 16 23 10 17
50 60 37 45 60 60
10 28 32 32 29 30
45 39 48 39 55 54
31 38 16 13 41 31
17 15 16 16 16 15
56 40 41 0 24 37
21 22 0 0 0 6
0 20 9 5 16 14
60 47 53 60 44 59
27 30 29 25 22 19
0 16 26 0 16 0
60 54 60 36 49 43
46 33 51 33 35 35
60 55 60 29 41 60
35 31 40 39 45 27
22 51 60 60 26 33
60 28 60 34 60 34
16 16 14 13 13 14
30 28 0 18 0 12
53 28 49 35 29 36
60 54 21 56 19 60
6 0 0 0 0 20
13 11 29 8 11 39
15 49 16 23 60 60
19 43 54 60 53 50
22 16 15 17 21 20
34 5 43 50 7 0
60 29 20 33 44 12
29 25 23 30 27 24
35 5 5 16 56 35
20 39 25 49 18 40
43 28 45 35 33 36
44 49 6 14 7 48
33 38 43 24 33 31
60 60 44 46 60 31
60 11 57 48 56 28
0 0 40 0 17 20
48 49 35 18 46 20
0 17 15 22 0 0
3 7 2 6 10 14
37 15 30 0 22 29
0 47 54 14 42 44
37 33 0 0 17 0
55 26 60 55 45 44
52 11 54 9 30 45
52 54 53 54 53 53
36 1 0 38 29 42
11 11 14 14 15 13
44 53 30 53 59 51
46 59 48 51 46 60
0 24 0 29 27 0
32 22 51 16 3 60
48 41 28 54 31 31
27 10 38 5 19 45
60 47
36 49 18 0 24 3
13 0 0 8 15 0
16 0 3 18 3 18
0 23 0 0 4 16
7 19 0 28 39 12
58 38 42 21 8 18
14 10 20 2 19 60
51 28 32 27 44 14
51 40 49 47 40 45
28 56 17 40 44 25
49 31 60 43 25 28
45 19 0 20 42 34
7 28 16 20 5 17
10 7 7 4 18 25
20 31 0 0 0 31
28 40 18 26 0 18
3 34 32 53 52 43
15 0 9 10 1 25
33 38 32 29 34 38
29 37 15 46 26 9
60 48 60 60 39 58
30 3 23 9 25 1
1 24 17 13 46 3
0 0 20 0 0 14
60 47 39 11 58 40
34 28 42 42 6 44
0 23 0 42 34 44
0 4 9 0 0 14
0 14 30 47 20 12
31 29 17 29 23 24
1 2 2 1 2 2
25 13 33 2 19 15
6 3 22 30 14 21
35 35 0 23 15 20
5 0 7 9 15 8
0 10 2 8 0 0
0 16 25 14 0 0
30 33 24 37 40 53
20 24 0 0 3 0
34 28 46 39 36 60
12 50 9 17 25 41
58 53 49 53 54 53
54 47 21 38 32 30
0 4 0 4 1 4
51 1 20 0 28 5
11 13 42 41 11 26
42 34 43 60 50 35
44 57 53 45 60 54
0 22 9 6 7 4
3 14 18 0 0 20
40 41 27 11 43 33
54 60 30 38 41 60
16 19 26 24 25 22
33 38 55 6 34 12
17 7 5 2 19 0
27 21 26 22 23 22
58 60 60 42 52 55
41 25 27 11 56 7
60 60 59 59 56 33
2 18 4 30 0 7
60 60
46 56 60 38 60 60
24 20 38 23 25 27
15 15 0 19 9 0
60 60 59 45 60 46
43 35 29 24 34 42
20 2 28 0 44 5
30 60 56 24 20 60
51 48 59 58 60 53
15 25 27 15 0 4
54 57 7 15 47 59
59 41 29 35 54 19
60 51 60 44 60 50
26 34 56 21 46 52
15 44 57 45 52 36
41 60 60 60 43 50
47 16 35 18 10 11
53 7 26 27 42 26
58 44 59 46 60 40
42 41 49 28 47 45
55 42 23 24 50 17
0 25 33 37 28 30
12 0 0 18 12 41
20 43 4 1 46 17
8 9 4 3 4 7
0 7 0 4 9 10
19 17 25 29 16 15
18 55 4 9 36 41
38 30 13 24 24 37
4 4 23 24 7 3
0 7 22 0 16 0
21 24 12 30 6 9
47 19 37 46 59 46
42 0 25 15 17 15
0 22 17 10 0 19
55 60 59 54 60 59
52 58 37 58 37 5
0 26 0 22 47 50
25 60 50 38 25 32
45 53 52 60 41 60
40 60 23 60 60 36
40 11 58 55 42 17
0 23 7 9 0 0
51 29 59 47 60 60
18 27 13 11 35 21
50 53 49 54 47 60
39 21 25 3 0 0
1 34 34 29 0 31
6 7 34 16 26 20
47 54 60 41 58 52
48 16 41 55 38 16
26 58 60 59 60 60
57 57 39 57 50 57
4 5 21 4 10 8
25 32 26 40 31 60
16 26 24 18 15 20
30 60 49 15 25 38
28 32 39 30 40 34
29 17 32 60 60 58
53 55 42 41 55 45
35 38 48 42 33 34
60 3
25 10 19 29 21 30
38 38 37 38 38 36
30 37 43 45 34 44
60 54 56 57 55 57
59 55 57 52 58 52
4 1 5 3 14 3
38 30 31 37 16 40
20 30 21 22 34 22
46 48 36 52 37 34
58 58 60 43 43 45
0 11 17 0 0 0
45 53 60 42 60 45
11 26 20 13 29 11
35 38 45 34 41 44
47 34 35 34 60 60
38 24 37 36 36 23
0 16 20 5 5 2
31 30 34 39 43 28
39 37 39 35 36 46
59 53 48 53 60 59
2 0 13 6 3 25
33 29 33 31 30 30
12 8 3 4 8 6
14 10 11 10 14 18
53 49 57 29 60 47
55 46 31 56 13 50
13 6 14 12 4 11
8 23 30 41 14 27
35 39 36 42 33 42
13 14 0 7 0 4
13 15 13 15 14 14
30 19 58 60 26 46
54 57 60 59 53 60
2 4 0 11 2 8
47 60 54 58 46 60
31 27 33 38 34 31
9 7 9 7 11 6
22 7 30 5 19 0
45 44 40 45 41 44
60 45 60 60 51 44
16 18 22 20 15 19
54 60 56 54 54 43
8 4 10 18 14 18
38 26 30 29 20 32
58 51 52 57 52 52
29 22 60 57 60 42
32 39 53 60 60 58
48 30 49 48 60 44
0 13 0 9 0 0
0 17 0 6 8 0
10 17 32 0 30 0
18 25 6 19 8 8
34 44 44 34 39 18
37 56 60 60 35 49
46 60 50 42 52 38
43 45 33 30 17 59
50 56 58 54 54 46
45 36 26 51 35 41
10 23 19 27 33 34
6 16 17 0 11 15
60 26
46 36 41 47 44 46
30 10 21 29 10 27
14 37 50 40 50 18
25 21 28 13 8 6
12 0 0 16 13 0
14 6 15 7 5 12
47 22 24 22 35 28
50 43 46 48 42 49
14 3 12 1 4 4
0 15 15 9 13 16
33 10 25 31 21 0
44 44 47 46 45 51
60 50 57 45 60 52
29 39 55 26 35 60
32 26 32 17 20 34
18 28 24 18 35 32
21 28 15 41 20 16
45 44 41 60 40 60
47 36 31 17 51 18
29 16 13 8 18 0
54 14 28 7 18 49
1 0 5 2 7 16
24 24 30 34 36 36
49 60 43 27 33 57
15 21 32 27 32 31
45 26 41 29 24 24
20 17 25 25 16 22
0 14 0 12 19 15
12 25 18 26 11 12
56 55 42 39 18 39
40 60 35 51 43 41
48 55 54 48 43 47
58 60 42 47 60 44
36 28 19 41 24 9
49 59 29 57 21 40
49 51 51 53 60 54
47 60 60 44 46 43
23 17 20 18 24 16
21 6 20 0 8 34
43 46 46 46 47 44
31 23 29 31 25 28
60 60 39 42 46 60
39 26 35 14 27 29
29 31 41 39 42 36
32 32 29 31 29 28
56 59 57 56 54 57
30 58 28 40 51 57
25 20 25 16 25 24
60 31 41 40 60 60
52 52 60 56 52 60
15 17 15 23 23 22
47 24 23 11 31 55
15 19 11 20 12 14
20 23 9 7 10 15
0 7 0 14 0 13
9 11 9 11 11 7
13 8 14 22 19 13
60 42 46 60 48 60
43 50 42 43 47 47
30 33 30 30 30 32
60 44
38 41 37 52 54 49
20 0 6 0 28 0
47 50 49 39 48 44
42 53 59 53 59 47
47 55 40 19 38 57
22 3 1 18 18 0
25 25 27 26 27 28
11 12 13 26 12 5
3 11 12 10 10 11
43 48 36 48 43 16
36 10 38 0 20 36
9 13 6 17 6 5
35 36 34 40 48 37
24 25 20 16 23 24
52 50 54 48 48 53
60 60 51 57 52 59
8 12 8 12 7 8
57 52 55 51 54 55
28 35 43 48 35 26
0 2 7 0 0 6
4 4 4 4 5 4
37 3 27 27 18 46
47 39 60 60 54 25
13 45 17 14 33 36
36 44 36 48 45 44
57 53 55 60 60 60
45 47 45 54 43 51
10 10 0 17 6 20
22 30 22 26 4 18
52 60 60 53 45 47
14 17 19 14 15 14
22 53 27 45 52 57
48 45 49 39 40 42
0 9 16 0 7 0
41 34 33 46 40 31
27 39 26 35 29 39
9 2 0 3 0 2
14 10 48 35 13 10
43 44 46 46 47 48
54 22 27 51 32 44
20 6 25 18 43 38
50 50 50 50 51 50
12 17 21 11 20 20
39 13 45 26 17 35
60 60 43 44 60 56
19 28 14 33 16 4
17 0 9 10 20 0
42 60 49 33 60 46
10 8 24 6 15 7
59 60 60 60 60 60
36 13 37 35 23 20
14 16 17 11 16 17
0 6 10 0 11 5
42 48 45 21 19 47
14 11 11 17 12 18
44 22 24 53 44 53
52 48 46 60 45 56
33 60 60 38 60 49
0 20 10 0 5 0
30 0 0 26 0 1
60 60
44 45 42 43 43 46
39 39 40 40 40 40
44 48 53 46 44 54
0 0 23 22 6 21
13 16 15 21 22 19
33 60 38 38 60 57
50 56 56 55 60 51
60 59 53 60 49 49
10 10 11 15 12 12
20 20 21 20 21 20
46 48 35 44 42 31
3 3 3 2 3 3
21 30 25 31 23 21
28 34 39 30 37 40
30 29 42 58 41 51
60 60 45 56 42 60
0 0 0 22 14 22
12 16 29 17 26 0
57 36 60 44 53 60
4 8 10 0 1 13
0 14 0 0 13 12
11 9 11 11 12 10
28 31 32 30 29 30
16 11 11 9 16 9
43 34 50 55 60 41
6 6 16 8 12 18
22 21 22 23 24 22
41 40 40 41 42 41
18 19 19 19 19 19
50 48 60 55 60 56
35 50 31 39 60 60
35 39 26 22 51 40
55 43 37 50 39 56
56 37 55 60 58 49
45 43 33 38 41 17
27 19 18 20 0 0
42 59 44 60 58 25
3 8 0 6 0 16
41 8 20 43 12 41
55 53 53 54 60 51
27 24 32 22 28 50
29 36 38 33 32 35
58 54 57 54 56 52
17 32 16 17 17 34
14 12 12 13 14 12
2 0 6 5 14 0
15 13 10 5 7 15
9 0 38 45 45 38
20 19 21 19 22 24
60 60 54 55 59 58
18 53 18 21 38 22
56 53 52 54 53 54
47 39 19 17 8 52
48 48 48 48 49 49
55 32 44 32 58 51
32 19 25 23 32 22
50 40 46 49 50 42
14 12 4 5 10 14
10 9 10 14 12 12
0 1 1 0 5 13
60 60
32 12 16 15 30 36
47 22 37 38 34 38
23 36 22 34 16 19
17 23 13 18 13 13
60 60 60 60 53 49
12 10 33 14 12 28
2 36 0 0 0 0
28 55 60 60 46 31
54 41 49 55 41 42
44 52 60 54 54 48
7 0 9 0 10 7
9 51 49 38 60 31
20 4 31 31 27 18
53 28 45 46 54 53
15 15 14 14 15 15
25 2 4 0 21 14
28 32 21 4 27 10
24 19 18 20 23 22
40 41 32 58 40 36
40 27 31 25 37 52
22 6 31 1 23 24
0 5 21 2 17 3
60 40 53 51 34 45
19 14 8 13 15 7
23 7 3 21 30 22
4 12 2 0 25 26
28 43 44 46 47 28
60 60 52 56 56 32
19 16 11 6 3 9
60 52 60 35 51 56
36 45 39 33 39 36
1 1 20 19 27 26
41 48 35 34 42 49
55 44 51 60 24 45
11 0 0 14 0 0
33 32 32 33 32 33
37 23 6 12 37 11
17 32 3 6 31 29
15 15 12 16 11 17
26 11 0 0 9 4
57 47 60 60 60 60
35 34 40 36 42 40
26 29 28 26 30 30
22 22 7 19 23 13
52 52 60 58 43 45
21 21 16 19 22 16
13 11 15 11 21 12
39 34 41 35 41 36
39 40 34 37 40 41
27 27 27 27 27 26
42 38 44 56 60 60
60 59 60 60 55 44
60 33 60 51 43 31
21 4 16 12 15 8
0 2 0 0 8 5
4 13 0 17 16 0
53 60 55 47 60 50
44 29 21 28 16 43
38 28 30 29 37 31
52 32 30 45 33 27
60 3
60 60 60 52 44 48
29 28 29 30 28 30
28 24 26 22 29 31
60 54 60 52 52 52
39 60 52 45 52 52
59 59 60 60 60 60
3 14 22 14 6 0
7 3 4 7 3 8
28 27 31 30 29 31
0 1 12 8 4 0
3 13 19 4 21 10
49 49 48 49 49 49
56 55 55 56 56 56
59 60 60 54 59 57
17 16 15 16 17 16
56 55 52 55 50 49
8 6 4 16 13 17
22 21 22 21 21 21
30 30 31 31 31 31
55 30 55 60 45 60
17 16 17 21 16 11
35 40 46 51 26 38
35 40 41 40 41 37
7 16 4 11 0 0
40 48 43 45 60 60
34 34 32 32 30 29
21 19 13 5 17 4
46 59 37 59 50 37
25 38 11 17 32 20
48 41 51 41 42 43
57 60 51 55 54 54
26 21 25 25 27 17
15 10 11 10 12 12
45 46 30 32 42 31
24 27 31 27 18 30
16 20 17 16 3 9
53 53 52 53 52 52
12 9 14 16 16 15
13 0 0 0 7 23
20 23 26 24 16 16
32 37 27 54 39 57
7 0 6 0 0 8
55 48 55 36 50 37
49 51 59 47 60 51
12 12 11 12 12 9
49 48 48 46 49 49
30 23 31 30 29 28
4 6 6 6 7 6
33 35 33 34 34 34
51 53 52 60 52 60
59 60 53 40 37 53
49 56 60 54 48 60
41 44 44 42 43 42
34 32 33 32 34 33
6 9 10 0 0 5
29 30 33 33 29 43
46 51 50 46 41 44
34 33 34 33 34 34
33 34 35 36 33 36
45 39 37 43 46 31
60 18
32 23 23 19 29 25
38 40 36 32 39 38
6 6 5 5 5 6
17 17 17 22 22 19
39 26 38 16 25 19
16 20 16 15 18 20
31 29 33 26 33 36
47 43 39 41 41 46
53 53 52 56 57 50
59 54 60 60 60 43
49 60 60 31 60 60
21 18 13 14 28 7
35 37 38 36 29 34
16 15 16 16 15 16
46 47 46 51 46 48
45 51 50 45 44 43
32 33 33 32 33 33
12 12 15 13 14 13
53 53 53 53 53 53
10 17 7 27 15 18
36 25 44 34 43 21
53 58 33 27 34 41
17 19 9 30 17 30
28 31 28 35 38 36
22 21 20 20 22 20
41 41 41 42 41 41
60 59 53 56 59 49
49 46 43 45 45 44
46 46 43 46 47 43
16 27 16 16 14 22
51 49 50 59 60 60
49 49 51 50 45 46
54 54 53 54 53 53
53 49 49 53 53 52
8 2 0 2 6 1
11 12 12 12 11 11
29 30 27 30 25 27
39 39 36 50 43 40
35 38 35 31 14 17
49 50 48 50 48 48
22 18 20 17 15 22
1 1 2 2 2 2
19 19 19 19 16 24
22 21 22 22 22 23
60 60 43 49 56 59
43 44 43 38 42 40
57 58 60 55 58 55
32 39 29 32 35 32
32 32 31 32 32 31
27 34 6 28 24 32
8 8 8 9 8 9
60 60 59 58 60 58
7 9 8 9 2 0
40 35 35 30 41 40
60 49 37 35 47 45
36 33 32 32 32 36
15 8 16 16 19 6
14 13 13 11 10 13
35 24 46 20 21 21
14 32 30 26 17 28
60 39
50 16 29 42 48 38
26 26 26 28 26 27
27 38 31 41 37 37
1 19 23 16 1 7
10 15 21 14 21 25
29 30 31 27 29 30
49 55 60 60 40 60
0 0 0 1 7 2
25 33 30 27 26 21
4 2 4 7 7 6
0 9 9 0 10 9
0 0 20 11 16 22
30 29 29 29 30 30
20 21 14 16 8 21
34 31 44 33 44 45
32 31 32 31 32 32
5 5 5 4 5 6
11 9 11 12 10 10
48 49 48 49 40 47
52 45 42 45 47 47
29 34 30 30 34 34
20 15 19 22 18 17
30 29 29 30 30 28
56 55 56 55 55 55
25 17 28 32 18 33
38 55 44 45 37 53
8 7 17 24 1 23
50 39 50 43 45 47
58 60 47 53 49 49
31 30 29 29 28 30
48 54 50 56 50 51
16 18 18 16 16 18
42 42 46 46 44 47
56 50 58 54 50 52
50 60 58 48 59 60
19 27 23 24 21 32
36 22 35 42 47 22
52 52 53 53 52 52
21 20 12 21 30 23
60 58 57 60 57 59
13 12 13 14 13 13
15 14 16 15 14 15
41 35 42 52 49 43
60 60 49 52 57 56
44 45 39 41 39 41
51 47 50 50 53 51
15 36 13 32 30 14
55 55 56 57 56 56
18 15 13 12 18 12
20 23 23 18 18 21
38 38 38 38 38 38
29 30 30 31 30 29
0 0 15 2 7 11
60 60 59 49 49 47
37 30 35 32 25 29
38 46 47 37 33 36
39 39 36 39 40 37
12 20 14 20 12 13
6 23 22 21 5 30
58 56 58 58 58 57
60 58
0 0 1 11 6 11
40 40 41 40 40 39
43 35 60 60 35 45
60 60 36 55 47 36
0 4 1 7 4 8
57 59 58 56 57 56
54 50 60 58 53 60
3 14 11 8 0 19
40 44 35 34 40 40
19 18 20 16 18 21
38 30 31 33 43 32
10 13 13 10 10 14
9 7 5 5 9 10
19 24 19 22 25 20
48 60 58 59 59 60
16 19 9 14 22 19
30 27 31 31 31 29
53 60 58 57 53 53
56 55 55 57 57 56
47 46 47 46 47 46
24 28 23 25 24 28
22 17 35 33 28 22
24 23 27 32 16 27
39 19 27 32 36 27
41 40 40 42 43 42
21 9 14 24 18 8
36 30 4 7 30 24
52 52 52 51 52 52
46 43 41 41 45 46
41 43 44 44 49 42
26 11 15 8 8 0
29 59 42 51 32 41
21 22 22 24 25 24
48 41 42 41 41 42
32 42 40 45 57 45
18 17 17 18 12 16
43 33 31 30 35 32
39 31 45 31 46 45
27 32 27 26 32 29
7 0 24 16 26 7
26 27 30 35 28 38
12 15 12 17 12 16
34 33 34 35 33 33
37 37 34 55 28 28
54 54 53 56 56 55
45 51 48 38 39 47
33 32 33 34 34 34
12 17 14 20 20 20
11 11 13 10 17 18
32 35 28 29 26 37
12 9 0 11 8 0
13 31 23 14 26 15
9 7 3 0 6 8
40 36 36 39 37 40
55 56 55 53 52 55
22 24 22 23 20 28
5 5 2 5 4 2
16 16 15 15 19 16
20 4 6 0 27 6
45 60 50 40 46 49
60 60
58 56 56 58 57 56
36 32 33 35 34 35
55 58 57 60 59 57
17 10 21 14 11 18
58 58 59 59 59 59
10 37 6 15 9 12
49 52 40 60 43 50
18 11 22 9 23 15
60 51 52 59 60 53
23 28 19 28 22 31
46 16 41 32 17 44
18 21 22 22 22 18
60 60 60 60 59 57
26 26 25 25 25 24
40 42 42 42 42 41
14 12 14 12 12 13
52 60 60 41 60 56
31 29 31 33 29 33
2 0 1 2 0 0
39 43 39 40 38 42
59 55 54 59 54 60
33 38 25 12 25 16
46 46 45 44 44 47
12 0 0 0 10 0
16 15 16 18 17 7
22 19 20 20 19 22
28 60 43 60 33 46
42 45 46 47 44 45
44 48 53 33 30 49
23 25 24 23 24 24
57 57 53 57 59 53
47 45 52 52 39 53
34 34 35 20 32 29
8 6 6 10 8 5
10 10 10 9 9 7
22 21 18 18 17 19
7 8 8 6 6 4
37 26 24 40 60 25
0 7 7 0 10 2
12 13 11 12 11 13
46 52 60 60 45 53
8 1 7 0 6 5
14 19 17 15 12 17
37 36 38 37 39 37
7 7 3 11 4 6
11 15 19 13 18 10
35 35 35 36 36 32
53 56 56 59 57 54
32 42 38 35 25 34
45 48 51 47 50 52
2 4 3 4 4 4
43 60 41 54 60 60
22 14 19 16 23 12
0 20 20 11 0 2
27 31 26 32 31 31
15 15 21 8 10 10
60 54 50 56 49 60
41 42 46 42 43 43
5 5 0 0 5 2
2 3 4 4 4 6
60 6
26 28 29 26 26 29
58 58 58 57 58 58
46 49 50 50 48 44
26 26 26 28 26 26
42 43 42 42 42 42
17 16 17 17 17 17
46 42 47 44 43 41
30 30 30 30 30 31
8 7 8 10 2 4
4 5 3 6 3 5
6 8 8 6 7 8
41 44 45 47 41 45
1 0 1 1 0 1
46 47 46 47 46 47
57 56 56 58 58 55
13 11 13 11 11 12
55 56 55 58 58 57
43 42 42 43 43 42
39 35 31 33 31 30
3 12 1 2 1 11
20 21 22 19 19 20
57 55 55 55 51 46
31 31 31 30 30 30
36 38 36 38 37 37
14 15 12 15 11 14
13 13 12 12 12 13
49 49 49 50 49 48
46 46 41 41 45 48
42 41 42 42 42 42
45 46 43 47 44 45
41 41 40 41 41 41
33 51 32 35 34 50
24 26 17 19 26 22
51 46 47 50 50 46
28 30 30 28 27 28
49 47 54 47 50 58
42 41 40 41 41 43
28 26 27 29 27 28
15 16 14 17 17 15
3 3 3 3 5 4
38 42 40 42 39 44
0 3 1 0 10 12
23 25 23 24 22 21
11 10 10 11 10 10
17 16 15 10 13 12
58 58 58 58 58 58
38 39 38 39 39 39
9 7 2 11 6 8
12 12 11 10 10 12
50 57 52 55 55 54
12 13 12 12 12 12
11 11 11 11 11 10
30 29 29 29 30 31
57 55 55 52 53 50
35 36 36 35 36 36
20 20 21 21 22 20
17 13 18 11 12 16
23 24 22 23 20 23
55 50 50 50 55 51
9 11 13 13 12 6
60 25
57 56 57 55 56 56
57 57 58 57 56 57
17 18 17 16 21 16
48 48 48 48 48 49
39 37 40 39 37 37
59 59 54 60 58 60
44 45 45 45 44 44
14 14 11 12 12 12
49 48 49 48 48 49
55 55 59 53 56 60
49 51 51 51 48 48
1 7 13 15 8 16
40 41 41 40 43 41
11 11 11 11 12 11
33 36 30 34 30 34
29 33 29 30 34 32
53 52 49 55 53 42
53 53 53 53 53 53
33 34 33 33 33 33
13 14 13 13 13 13
43 40 42 42 41 43
1 2 1 2 0 0
40 44 44 40 42 40
56 56 56 60 57 60
42 45 41 42 42 41
3 0 4 0 3 0
23 23 23 23 24 23
17 16 19 18 19 18
33 42 47 34 38 50
13 15 10 14 16 17
32 33 32 35 34 34
46 41 50 44 48 43
25 23 26 31 24 26
57 48 54 56 53 55
21 22 21 21 20 22
15 8 20 13 15 13
33 34 33 33 33 33
9 9 10 9 10 10
60 58 60 60 60 59
37 37 37 39 38 39
55 55 55 55 55 55
49 47 48 46 49 47
8 7 9 9 9 9
11 11 11 11 11 11
8 12 10 10 10 11
52 52 52 52 54 53
27 29 29 26 26 29
29 28 29 28 28 29
46 46 45 46 45 44
0 8 0 5 12 0
25 22 14 16 24 20
0 0 1 0 2 0
58 60 59 60 57 60
60 55 60 59 56 57
59 59 60 60 56 60
34 33 34 33 34 34
34 32 32 33 32 33
13 9 12 16 4 9
15 20 18 12 18 14
2 0 3 7 0 0
60 31
47 46 46 37 39 34
7 7 7 7 6 7
60 57 58 58 58 60
28 30 26 25 27 27
30 28 28 30 29 30
52 54 50 51 50 49
28 29 36 31 31 38
7 7 7 7 7 7
28 24 26 25 24 28
39 38 38 39 39 39
37 38 38 38 36 36
56 60 51 59 60 60
25 27 26 24 25 24
12 7 11 10 6 6
18 21 16 17 22 17
2 4 1 3 4 3
5 5 6 5 5 5
36 36 34 34 35 36
44 45 44 45 44 45
51 47 50 47 50 48
35 43 34 40 41 37
38 36 37 41 39 41
30 30 29 30 30 30
20 21 22 19 21 22
54 55 54 54 55 54
57 59 58 59 58 58
18 18 18 16 16 18
26 27 25 28 30 29
7 8 4 9 4 10
29 29 31 30 29 32
45 44 41 42 41 44
52 52 51 52 51 53
48 47 48 47 48 48
50 50 47 44 47 46
49 51 46 49 51 53
47 51 51 45 55 52
28 28 28 29 27 29
15 17 14 16 15 14
26 28 26 28 29 25
50 33 42 34 47 30
31 32 31 31 33 32
0 12 2 9 4 0
43 43 36 42 38 36
12 12 13 13 13 12
21 22 26 26 28 23
33 24 22 34 30 34
60 55 60 60 57 60
15 14 16 17 16 15
20 19 21 20 21 20
23 26 26 26 21 18
23 23 23 23 23 23
3 3 3 1 0 1
60 58 60 57 58 60
29 28 29 28 30 29
42 40 42 41 41 42
9 4 7 5 8 8
50 50 51 51 50 50
39 38 39 39 38 40
24 26 26 26 28 24
26 26 25 25 25 26
60 49
0 1 3 3 1 1
33 25 26 26 26 28
29 30 30 30 30 30
14 16 15 12 21 14
31 30 31 30 32 32
20 19 20 20 13 21
48 49 49 48 48 49
50 49 50 50 50 51
0 7 3 1 2 4
40 40 42 41 39 37
54 53 52 53 53 53
7 5 6 6 8 8
10 5 13 10 12 13
59 59 59 59 59 58
8 8 8 9 8 8
35 33 36 30 33 31
28 28 26 24 25 29
47 45 43 42 45 44
17 10 10 11 9 13
9 9 10 9 9 11
40 41 41 40 41 40
49 46 48 47 48 43
7 7 6 6 6 6
44 50 42 38 48 51
17 18 18 18 19 18
46 45 41 45 40 45
30 30 30 30 30 30
1 1 2 1 2 2
1 5 6 4 4 6
51 45 45 51 49 50
45 46 46 45 46 45
9 8 9 9 9 9
51 51 49 52 52 51
32 28 32 31 30 31
26 26 26 26 25 25
26 26 26 25 26 27
44 44 45 43 45 45
46 45 46 38 41 38
47 48 49 47 48 48
19 14 20 19 22 18
60 55 58 59 58 60
23 16 18 16 21 22
15 15 15 14 14 14
38 38 38 37 38 37
5 7 4 9 7 1
25 26 24 26 26 24
8 5 6 10 11 9
15 16 12 11 13 17
0 1 0 1 2 1
42 41 44 44 45 43
10 12 12 10 14 9
37 33 36 37 36 36
48 51 48 48 55 48
14 13 14 13 16 12
57 55 56 53 56 57
19 18 19 20 21 18
8 8 8 8 8 8
18 17 17 17 16 18
5 10 13 10 10 3
40 40 40 41 41 40
60 60
23 24 23 23 24 25
25 23 25 25 26 26
24 21 25 24 22 25
44 44 44 44 45 45
47 44 46 44 45 47
19 19 19 19 20 19
33 34 35 35 33 31
32 38 31 30 36 30
40 42 42 42 42 38
46 44 45 47 44 42
49 49 50 49 50 49
57 60 60 58 59 57
4 9 3 3 9 3
52 52 54 52 55 53
57 57 58 57 57 57
39 39 34 37 31 37
30 27 26 25 29 27
21 23 25 18 17 24
45 44 45 45 46 44
21 26 29 29 26 29
35 35 34 36 34 33
42 42 43 41 42 41
45 43 44 44 45 42
50 60 60 53 59 44
23 23 25 24 23 23
12 11 11 11 12 12
43 43 40 44 42 41
12 12 13 13 12 12
53 55 55 54 54 55
23 25 25 22 23 24
17 18 17 17 18 18
43 42 43 43 43 43
34 32 32 33 33 32
41 41 41 41 41 41
14 11 13 11 8 6
7 5 4 5 5 0
20 22 31 22 24 24
18 19 18 19 17 18
41 41 41 41 40 40
56 56 56 56 56 55
43 40 37 41 42 41
47 48 51 40 45 45
25 28 33 34 24 39
16 16 15 16 16 15
40 38 39 39 39 39
22 21 21 21 21 21
15 15 15 15 15 15
46 47 47 48 48 45
46 46 42 42 38 39
19 18 18 18 17 17
38 33 37 42 40 39
28 28 28 28 28 28
5 12 11 0 1 0
20 22 21 21 20 21
49 49 50 50 49 49
36 32 31 37 38 33
51 51 53 53 51 51
53 51 52 52 52 51
4 6 4 6 5 5
24 22 22 21 22 16
60 6
26 45 47 34 20 11
60 57 45 48 44 60
60 60 60 34 60 38
50 60 60 38 36 39
12 14 36 0 27 13
22 26 28 60 39 17
19 18 0 12 9 8
42 34 60 60 60 60
60 60 57 60 39 37
46 26 60 34 50 24
36 21 41 21 0 25
60 38 45 51 53 60
4 26 38 30 39 50
45 44 20 58 60 60
16 14 14 16 11 15
20 43 47 25 46 18
43 10 20 0 9 25
27 47 25 60 35 27
27 33 18 39 35 55
40 0 36 43 0 35
46 37 46 53 29 26
51 55 60 60 60 50
24 36 37 24 26 34
0 32 41 12 12 38
54 40 0 42 31 55
29 29 12 49 33 9
12 37 23 47 22 50
25 17 41 19 16 22
60 53 18 12 23 28
43 23 60 31 60 60
54 51 11 53 60 33
60 60 36 53 38 60
0 4 8 28 7 0
24 34 38 0 0 25
0 13 0 10 9 21
7 31 48 38 21 60
19 0 2 0 38 0
26 39 41 32 19 58
23 0 0 7 0 0
60 34 27 18 60 50
0 19 41 4 25 46
0 12 0 0 14 12
60 60 20 59 22 19
20 5 6 0 0 17
8 31 39 26 9 34
31 58 38 52 46 60
51 43 56 45 54 44
38 36 34 24 36 38
23 32 0 7 10 11
26 45 38 30 15 45
37 13 49 13 34 13
41 32 43 56 51 26
19 19 7 2 0 14
48 48 34 30 60 44
14 35 38 48 30 42
48 39 29 14 27 18
0 10 17 3 0 17
48 41 60 35 34 60
15 22 33 26 42 40
60 54 50 31 60 60
60 20
57 53 11 8 60 19
37 45 38 60 28 28
21 20 60 56 24 60
12 28 25 18 59 42
60 60 34 33 32 60
38 36 60 60 22 60
26 60 55 57 60 60
60 60 60 22 20 52
34 37 59 57 60 21
21 4 33 20 21 0
0 30 31 0 24 9
0 16 14 16 7 0
9 18 27 5 36 0
27 28 27 29 15 18
35 47 2 16 9 4
0 5 0 0 18 36
49 36 6 17 39 7
17 14 1 0 0 30
39 39 57 20 55 25
33 7 14 25 20 25
19 17 18 6 0 0
26 60 23 38 54 19
0 31 42 0 0 0
29 16 40 11 2 27
1 11 26 12 24 0
25 12 42 52 31 20
60 43 55 33 50 34
13 18 10 33 29 44
0 0 29 15 5 39
47 12 26 18 36 43
16 1 0 27 9 26
57 25 60 24 47 60
55 40 60 17 38 29
30 17 34 17 19 32
52 19 28 22 13 15
27 52 16 18 23 60
16 0 0 0 10 6
29 60 28 58 28 49
8 0 18 8 0 35
34 57 60 60 60 40
60 39 58 45 55 41
25 0 9 1 10 25
41 40 59 60 57 60
35 37 27 0 35 12
57 29 29 23 35 47
11 4 18 0 17 0
53 41 32 60 43 60
37 49 60 60 60 47
6 33 20 7 32 41
6 4 44 47 38 33
59 52 56 1 52 45
41 60 52 49 60 60
0 5 21 0 0 8
58 56 47 60 60 60
60 41 52 17 18 56
16 19 11 32 0 0
33 50 50 34 27 60
30 24 24 0 32 12
60 60 43 60 36 29
6 26 48 7 17 7
60 34
48 35 0 0 29 45
30 12 60 57 37 29
18 60 51 60 59 59
21 27 49 44 56 39
56 35 60 39 60 27
0 28 17 17 0 16
35 55 47 22 59 33
60 59 29 60 8 59
37 43 60 36 60 60
52 59 52 48 27 20
34 33 46 26 45 24
22 11 13 2 2 12
0 22 8 20 18 0
21 39 2 37 37 13
29 47 24 60 51 60
3 20 1 6 14 15
15 34 40 26 38 37
60 31 57 35 15 35
32 29 60 60 49 55
47 51 3 37 50 59
28 8 44 19 34 56
46 32 60 46 60 52
54 35 37 41 40 60
7 39 0 21 0 0
23 10 29 13 51 19
31 43 51 47 36 10
4 0 0 14 17 23
32 45 53 45 42 41
8 37 3 43 38 7
43 3 29 12 41 14
60 60 30 56 60 28
0 0 18 11 6 17
26 42 25 30 9 34
5 57 5 51 16 57
60 30 34 40 60 25
38 47 60 30 60 28
17 17 0 0 2 0
27 35 24 15 10 47
40 23 43 29 0 48
40 9 30 60 44 29
42 35 39 54 55 28
48 11 13 24 14 56
57 15 33 60 57 58
36 0 39 17 0 0
60 60 25 34 10 18
60 25 33 54 21 57
18 13 0 2 3 4
28 23 33 0 16 10
59 47 27 30 60 50
20 33 27 46 10 46
36 33 24 60 60 46
31 12 53 42 48 47
31 58 60 60 29 54
0 0 20 0 6 24
25 0 21 0 0 0
6 1 5 0 48 23
42 48 60 60 60 35
35 0 14 13 31 0
37 21 56 21 56 14
7 13 60 11 57 49
60 50
58 29 30 33 5 43
60 60 60 60 34 30
0 0 28 15 29 0
56 27 51 53 47 48
51 49 60 49 47 60
23 34 26 26 36 40
18 0 0 48 26 6
19 37 0 0 0 0
60 45 32 27 49 60
10 12 8 23 17 0
9 52 24 12 19 58
13 16 10 46 7 10
0 29 15 0 7 7
0 15 0 0 27 0
47 26 0 0 3 14
0 0 0 30 2 0
44 26 29 32 9 32
10 36 44 20 11 46
21 19 28 0 28 41
15 17 19 9 22 4
0 1 34 42 8 15
46 41 50 37 47 41
43 47 40 49 50 60
21 55 37 8 60 7
23 29 14 8 10 55
40 37 24 41 27 52
44 0 18 18 0 18
26 33 15 0 4 49
60 28 60 30 60 49
60 60 29 43 60 45
0 16 20 24 44 25
45 36 35 28 37 29
60 37 60 22 46 54
36 58 60 56 60 44
0 0 39 36 17 32
13 0 0 15 35 0
55 60 46 60 60 60
18 20 0 0 40 16
24 49 60 16 56 10
30 51 47 26 60 60
40 23 0 40 27 16
26 12 36 28 14 9
31 60 60 29 60 37
60 57 22 46 53 42
26 0 22 0 8 22
49 2 30 44 36 19
60 31 22 10 25 50
40 35 23 42 34 0
14 11 31 48 43 54
41 43 38 56 52 36
60 49 37 48 60 42
33 32 60 43 35 56
38 29 46 51 60 25
31 12 47 24 20 47
0 13 34 0 27 4
14 44 11 4 12 18
49 60 43 48 60 60
37 60 60 60 53 44
45 42 60 60 41 24
60 59 52 33 38 27
60 60
26 47 24 25 50 27
1 13 3 1 8 9
22 39 46 39 46 49
57 57 35 52 44 19
5 23 19 13 0 28
6 7 6 25 6 19
55 46 34 37 24 60
21 12 17 31 21 8
60 52 60 60 45 57
54 56 50 50 59 60
30 60 53 60 60 39
60 33 8 38 47 28
51 59 49 60 49 60
28 60 52 24 14 59
2 38 11 19 37 0
60 18 58 18 47 41
30 60 60 35 60 41
9 0 25 10 0 0
32 39 13 57 60 26
60 41 60 52 45 60
60 27 60 36 45 56
38 23 14 31 27 60
60 45 40 55 60 49
2 0 10 0 22 4
36 55 36 60 32 54
14 27 19 9 33 3
27 14 19 13 42 39
23 30 29 60 18 60
32 14 0 2 14 0
60 45 19 53 60 25
32 50 20 53 13 60
17 14 55 35 25 25
28 0 0 0 28 27
3 9 10 31 43 6
51 49 32 32 60 22
17 50 17 43 47 45
48 40 60 60 45 60
1 40 24 0 27 46
31 36 58 46 39 32
12 35 0 36 24 0
18 0 24 28 32 0
47 34 60 41 38 27
25 32 55 45 58 60
31 0 9 19 7 9
60 56 59 60 60 46
60 46 58 60 47 60
44 42 27 42 60 43
18 19 3 34 30 0
0 1 20 12 14 5
2 43 27 35 2 7
57 0 0 45 20 44
56 25 0 52 52 18
8 6 39 28 31 9
45 60 57 45 60 60
0 0 0 0 23 20
24 58 51 47 35 27
47 60 53 60 39 31
30 7 14 6 0 26
46 43 39 42 45 44
11 0 9 7 9 0
60 6
0 26 0 11 10 20
38 52 29 27 38 57
25 17 34 26 28 33
13 13 21 20 32 19
13 33 16 39 23 23
2 9 0 24 0 0
35 27 25 49 57 41
7 5 3 10 5 10
6 7 24 14 9 16
0 25 6 11 21 12
35 29 22 30 39 45
34 36 21 50 49 25
25 29 27 36 39 25
15 58 31 43 40 17
9 0 0 12 8 15
10 38 9 13 28 32
23 39 39 36 41 23
12 38 9 31 45 18
20 21 23 31 27 23
39 25 16 24 28 25
22 0 14 0 5 9
60 60 60 60 48 41
24 1 9 10 40 50
0 0 8 0 30 25
29 8 0 25 0 27
0 8 9 30 10 21
48 49 60 60 50 22
40 7 41 40 42 36
60 50 29 30 33 51
34 11 35 41 34 15
56 55 56 53 49 60
22 10 7 0 10 8
60 47 60 51 47 54
60 52 43 60 50 22
41 51 54 3 22 11
0 4 2 12 10 1
60 60 58 60 28 60
40 41 34 40 47 40
47 29 20 51 42 33
35 60 58 34 18 16
31 0 0 0 34 0
28 0 31 0 14 0
5 6 26 18 22 0
24 6 11 9 10 12
57 60 27 60 32 60
32 6 0 22 4 0
44 24 59 60 24 25
43 44 50 55 58 31
36 27 13 45 20 20
41 56 19 16 33 55
60 60 60 59 38 31
24 40 0 0 0 2
38 60 60 40 44 38
30 43 46 47 50 20
50 41 45 59 60 57
39 13 45 41 43 45
50 12 56 46 18 23
28 0 8 0 0 15
0 0 27 3 2 7
0 2 14 15 0 7
60 29
60 45 54 36 60 60
47 32 60 22 19 13
0 28 15 16 26 13
25 13 6 32 31 0
32 60 47 60 60 42
51 37 28 59 58 20
38 16 41 18 19 18
15 1 15 24 9 0
22 41 17 27 39 24
8 20 12 33 2 2
40 46 60 51 38 60
60 60 59 58 37 60
27 0 24 31 37 25
31 18 35 32 22 26
20 0 16 48 29 26
37 4 21 37 1 20
4 17 0 0 0 34
16 33 36 6 5 34
49 53 50 38 44 51
19 28 15 24 19 28
48 60 60 50 44 51
0 23 3 19 0 7
7 11 23 33 3 22
60 59 57 59 32 53
0 16 0 17 34 39
23 11 28 6 26 5
22 0 22 8 39 0
11 6 17 0 0 1
3 0 18 25 25 6
14 43 38 16 2 4
10 0 9 11 0 8
0 39 18 6 24 20
36 36 30 40 6 7
27 0 17 0 8 16
24 47 60 55 46 17
60 44 43 60 49 39
46 48 55 60 60 55
44 60 54 60 60 41
55 60 60 60 46 60
51 60 57 60 50 50
1 10 6 0 8 32
6 24 22 24 0 3
46 47 41 45 32 45
44 47 23 37 35 41
24 36 52 30 42 21
37 48 24 56 30 58
13 39 27 28 33 8
48 33 44 40 44 50
9 23 0 8 24 0
60 39 60 36 13 25
30 51 52 45 35 60
17 23 36 41 29 26
40 33 42 21 19 0
37 28 23 25 30 0
60 42 60 60 48 53
27 19 32 41 16 13
42 28 39 31 37 23
13 41 8 25 25 1
41 55 36 60 42 30
3 39 24 33 12 35
60 41
46 42 56 60 30 50
23 21 8 9 4 5
44 46 44 60 46 60
35 35 42 60 40 60
0 23 4 25 48 33
17 39 21 17 15 45
42 56 60 39 50 54
0 4 0 2 30 4
31 37 46 11 46 8
32 46 39 38 41 24
9 29 10 6 7 34
43 33 11 9 14 16
27 36 23 32 59 18
29 22 31 16 34 17
4 10 0 5 8 0
51 11 41 19 46 12
1 39 19 43 12 19
25 25 28 17 19 31
21 50 20 37 35 27
6 31 36 9 24 36
0 30 13 12 6 34
22 23 19 16 10 0
55 59 38 33 27 35
20 0 20 12 0 0
24 19 21 0 20 15
9 18 0 19 0 0
0 13 22 0 34 24
24 24 48 60 51 49
5 2 41 35 6 9
20 50 25 29 37 33
33 0 0 0 26 0
30 39 60 32 19 40
14 24 32 9 11 28
39 40 60 49 40 43
0 8 0 15 17 3
43 60 59 31 51 58
22 24 53 54 47 24
33 19 0 27 0 32
53 41 51 41 60 45
29 32 20 60 35 9
26 41 11 26 46 34
38 60 45 60 60 60
28 51 47 39 26 43
14 34 40 7 19 4
11 35 11 30 18 0
5 21 9 7 22 20
47 47 60 60 49 60
56 41 45 40 44 57
29 4 11 8 33 23
0 0 41 4 15 32
20 43 32 20 27 22
23 60 22 50 26 23
26 60 49 43 30 39
48 41 60 60 60 60
60 53 31 49 40 54
53 60 34 37 60 53
20 39 49 22 22 41
47 40 60 60 53 60
10 25 28 31 14 5
59 20 60 60 42 53
60 56
11 0 17 12 0 15
20 8 8 17 37 2
34 60 57 47 60 54
49 52 46 42 40 52
60 60 60 50 59 27
26 0 3 0 9 0
19 45 41 24 29 25
4 0 0 13 27 6
52 37 48 39 35 60
33 13 9 6 3 43
60 60 53 48 42 54
11 12 11 14 11 45
45 60 55 59 60 37
10 35 23 11 40 33
23 29 0 31 46 0
3 8 27 0 0 7
49 26 60 57 38 45
10 13 9 27 18 19
47 52 60 49 60 52
33 60 60 50 60 45
51 30 30 48 39 32
60 60 49 29 58 60
24 14 51 32 41 47
22 17 0 24 9 16
44 60 42 60 33 60
46 48 45 60 41 60
37 51 60 60 30 45
32 19 31 45 46 38
60 45 60 45 54 51
42 10 48 19 17 33
43 0 40 4 8 8
60 53 46 40 60 37
21 22 1 38 30 3
26 30 41 24 53 59
14 18 37 39 39 24
45 36 39 31 52 39
44 9 9 41 58 35
0 0 1 8 12 8
17 0 3 39 33 29
0 20 0 10 26 0
49 46 60 46 38 60
28 34 0 31 0 15
6 7 4 25 2 0
49 8 33 46 26 10
16 34 32 3 0 18
1 2 0 26 4 21
0 31 3 19 0 2
27 36 60 27 23 24
51 42 48 36 35 43
13 19 29 15 11 27
52 51 39 42 55 48
51 20 27 40 39 28
38 60 46 60 60 41
51 57 29 59 43 60
26 21 24 28 0 1
43 60 60 50 57 44
0 5 7 0 9 13
28 18 21 35 48 32
22 39 32 30 27 37
14 0 9 3 16 16
60 60
28 9 37 12 7 16
1 0 0 12 3 7
20 23 14 26 2 0
53 58 56 49 60 53
18 28 18 47 50 38
22 15 0 3 33 39
21 16 38 19 28 31
34 32 60 52 44 60
24 21 19 33 22 20
18 36 12 27 23 21
37 42 36 31 18 20
41 60 46 60 46 50
57 50 60 40 59 60
51 54 38 39 49 60
16 20 22 21 19 12
35 26 43 29 41 41
33 30 60 57 27 41
60 49 46 46 54 34
49 48 39 59 60 60
27 16 33 31 22 36
41 19 49 60 51 59
0 26 16 30 12 26
41 36 31 44 54 54
60 25 24 60 57 60
0 45 31 25 38 44
10 8 23 0 0 17
3 9 18 1 16 0
9 11 5 9 24 19
0 15 0 12 28 14
60 38 60 48 53 55
14 0 0 20 3 9
11 23 28 48 12 22
25 17 15 10 35 11
22 10 20 0 20 11
0 17 5 6 25 13
8 10 26 7 0 26
47 56 49 60 60 51
45 37 45 54 59 45
41 51 60 57 40 58
60 37 60 60 39 55
31 23 28 40 25 34
12 30 22 16 21 0
59 50 44 51 32 58
30 14 22 41 27 33
0 0 2 9 14 0
36 29 60 38 30 21
0 43 17 5 42 12
0 34 36 11 8 41
60 41 37 59 60 59
0 0 6 26 16 13
60 34 60 49 32 40
52 60 60 33 60 46
40 50 24 37 46 46
23 9 27 9 36 45
45 60 41 60 60 51
60 48 57 60 50 53
0 21 14 0 0 7
18 15 14 20 24 30
0 20 18 8 6 0
29 11 0 21 29 0
60 4
17 22 6 28 29 6
32 34 34 28 45 30
43 46 52 34 40 42
8 58 49 48 47 35
50 30 39 60 29 47
38 39 52 49 38 47
43 53 48 56 39 38
50 48 60 59 57 50
56 55 54 57 59 48
26 31 12 27 20 24
15 37 35 53 48 32
22 26 27 16 21 16
35 24 31 38 42 28
49 39 56 53 50 49
51 53 59 49 48 37
13 10 15 25 0 5
9 13 0 11 8 1
35 27 38 38 34 23
27 24 24 33 32 26
17 23 18 18 19 10
6 8 8 10 6 10
40 28 35 26 24 25
1 21 1 14 0 0
43 60 60 47 60 52
14 26 18 11 10 22
36 22 26 25 38 39
19 18 20 8 13 14
53 47 57 37 39 57
40 54 60 54 52 54
20 33 41 33 28 22
51 54 48 46 58 31
54 54 49 49 56 51
46 40 48 37 36 39
6 2 12 0 7 13
47 19 18 46 60 60
32 24 45 42 27 43
42 38 38 52 60 32
17 15 15 16 15 15
41 35 40 43 39 42
40 43 57 28 26 51
36 32 38 26 41 28
19 8 8 13 0 0
49 34 57 39 45 39
22 12 39 48 24 36
11 0 0 0 2 7
8 8 0 0 0 7
18 4 16 35 26 3
36 28 56 54 41 27
32 55 55 40 51 51
20 9 0 8 10 25
32 58 56 21 55 53
40 50 41 50 44 58
21 20 18 12 16 11
60 55 27 53 56 60
60 54 56 57 52 60
12 9 10 16 15 11
21 28 12 24 11 13
13 27 27 22 38 26
2 0 5 13 13 0
17 26 16 26 26 22
60 26
0 3 2 5 0 0
33 38 32 38 27 41
16 33 32 27 8 19
20 11 13 14 13 12
47 42 35 48 34 44
12 5 19 22 12 9
20 21 0 0 11 10
37 35 54 54 52 19
32 60 47 31 46 34
45 48 60 60 39 55
48 57 47 47 47 35
45 51 54 29 60 50
60 52 60 33 60 50
35 35 35 36 36 35
34 25 43 42 49 49
24 29 45 45 33 28
52 52 43 46 49 60
22 20 19 11 14 16
17 13 20 11 0 0
44 48 34 36 46 45
53 51 60 56 55 54
2 23 15 2 26 7
11 21 7 33 25 19
29 37 10 30 32 36
0 0 5 9 7 0
0 0 0 8 9 11
23 25 36 17 28 12
37 45 46 44 53 54
17 29 26 27 18 17
30 22 30 52 53 51
0 11 10 15 3 0
0 10 10 35 36 0
60 46 55 60 40 47
10 30 9 10 0 4
4 0 15 0 11 4
29 20 0 8 0 33
27 33 21 33 35 34
13 14 0 9 0 0
51 44 60 60 31 60
60 49 60 60 43 43
60 51 48 45 60 45
41 22 41 25 29 36
8 19 24 13 29 10
53 45 43 34 48 42
8 1 5 26 14 5
17 31 27 27 2 11
38 32 28 23 39 36
15 3 15 9 8 4
12 6 8 0 17 13
42 17 52 34 18 22
42 43 42 55 58 51
27 25 9 32 8 0
10 7 0 8 0 0
4 22 0 12 27 28
25 0 18 6 18 20
39 42 38 34 44 34
37 33 47 29 17 17
28 30 36 46 29 35
18 17 17 9 0 10
29 48 50 41 31 24
60 32
53 34 36 57 36 55
5 7 4 5 0 3
31 31 29 17 50 27
15 14 15 15 15 15
13 0 0 11 8 6
0 0 17 27 20 25
30 32 31 23 34 24
46 45 39 34 45 47
54 54 37 60 52 48
4 28 19 14 8 19
38 37 42 41 42 36
43 26 60 58 60 55
8 24 0 20 12 0
21 18 6 23 5 19
11 8 0 0 18 0
58 44 43 38 38 58
41 55 59 44 60 52
16 0 15 1 18 14
41 24 19 17 47 37
49 41 47 43 41 41
2 0 7 1 12 1
1 2 18 25 3 31
52 47 44 55 54 54
0 10 6 0 12 0
59 50 60 57 54 60
31 22 25 32 36 38
20 48 26 31 14 14
43 60 36 22 58 60
45 41 60 37 41 50
15 30 40 44 16 23
34 26 45 43 45 43
36 26 45 60 37 43
20 47 23 6 41 17
23 45 60 56 52 39
30 34 31 29 34 34
60 31 29 32 28 44
0 22 1 14 23 1
28 38 30 48 24 25
11 15 21 27 18 7
52 45 57 42 57 54
43 60 39 55 51 60
60 60 60 60 46 37
27 28 9 17 10 24
15 12 9 9 45 23
18 5 15 22 1 14
41 39 59 60 60 50
24 5 24 4 0 0
43 39 39 49 37 33
19 25 17 24 25 25
41 32 29 35 38 36
43 13 27 15 45 31
28 45 31 25 35 44
53 22 35 35 22 30
9 8 7 8 15 12
4 0 0 9 8 11
25 28 37 35 31 31
23 32 41 21 20 28
7 0 8 9 2 0
59 51 60 54 53 60
35 48 60 35 40 41
60 48
37 32 26 33 27 33
60 43 60 60 60 55
0 2 7 0 3 2
26 30 36 45 47 31
53 57 60 48 40 58
9 26 15 21 2 5
43 43 46 45 49 48
6 12 4 6 0 6
27 16 5 27 20 41
42 21 38 33 26 33
45 46 26 38 47 46
41 48 33 40 42 38
36 37 42 39 46 41
60 57 60 51 38 53
16 29 30 21 23 0
58 60 40 57 58 45
49 35 32 60 32 54
51 36 42 42 34 43
31 28 50 37 31 33
28 29 29 27 25 26
0 1 3 18 14 0
4 4 3 5 4 4
15 19 21 0 0 23
55 60 60 47 36 60
37 33 17 39 39 32
55 60 60 56 60 42
16 25 14 15 19 14
55 60 53 49 52 55
0 0 5 0 1 9
60 43 55 60 48 41
5 16 26 3 0 25
5 0 15 13 12 4
25 25 20 17 25 16
0 0 8 0 8 4
60 57 54 55 58 59
44 42 43 30 35 32
28 45 47 43 46 36
46 40 48 38 28 24
26 30 32 34 57 46
43 39 45 49 43 44
39 47 43 49 48 40
49 56 48 60 54 39
57 47 60 38 41 59
60 60 40 60 54 35
36 50 38 46 30 39
16 10 16 15 12 7
48 43 48 53 40 38
54 56 60 57 60 58
37 26 28 25 34 32
46 58 52 59 54 56
52 57 49 50 52 57
14 1 10 23 18 7
51 37 39 27 28 39
51 60 52 60 60 60
10 11 31 6 11 3
20 22 24 16 29 16
27 18 12 28 30 17
19 10 9 0 0 0
58 59 58 53 60 60
53 55 59 58 53 51
60 60
46 48 46 45 48 49
57 59 59 55 54 54
14 15 14 6 0 0
0 11 22 15 0 40
35 40 28 41 26 43
42 38 44 43 32 43
30 29 31 30 33 30
60 60 48 60 45 35
56 57 58 53 40 20
54 60 45 47 56 43
48 56 60 56 60 53
32 38 36 39 37 38
12 6 0 23 0 27
37 37 47 43 51 41
16 0 15 0 2 0
60 57 60 38 44 37
0 21 0 8 16 14
7 6 7 4 16 3
37 45 30 32 45 43
30 53 49 46 21 48
13 0 0 34 8 22
17 30 8 19 25 19
60 58 53 55 60 60
43 45 48 44 45 27
59 40 44 37 54 42
19 22 0 11 0 34
34 30 38 20 32 27
25 16 17 19 12 25
15 0 6 11 20 5
17 54 31 55 53 55
60 58 60 51 48 60
36 39 34 17 7 23
23 0 24 0 9 18
0 0 18 21 0 4
37 31 42 15 39 18
40 60 44 60 60 57
26 33 21 30 21 32
55 46 42 50 56 60
13 7 0 1 9 0
24 8 0 17 3 0
49 54 45 52 60 60
52 31 21 26 25 54
43 42 60 60 54 52
49 36 28 32 43 38
50 33 53 35 40 52
24 0 4 20 10 0
29 23 11 23 11 25
0 0 0 16 6 16
47 41 55 45 45 51
6 0 9 4 0 24
39 38 43 45 49 53
30 17 31 12 36 21
57 57 58 60 59 55
56 45 38 57 58 48
55 41 31 51 32 19
16 13 0 7 0 8
6 14 49 14 45 8
6 0 0 12 5 14
18 29 16 39 29 29
46 52 52 60 60 60
60 3
52 46 56 60 44 60
52 60 60 48 48 60
50 45 49 49 44 44
60 60 59 58 60 60
0 17 22 17 10 0
18 10 37 21 16 15
32 31 29 30 37 31
22 28 26 26 28 27
7 11 2 6 3 7
23 13 29 23 26 19
40 38 41 39 41 46
28 28 28 29 30 28
36 36 39 39 40 41
49 52 50 54 47 50
35 38 38 35 33 40
30 30 37 33 31 33
55 59 57 51 53 58
43 42 41 39 43 41
27 37 39 27 30 31
3 5 3 0 8 1
45 43 41 36 43 36
11 20 16 19 15 8
36 37 41 42 42 39
8 11 16 7 13 15
38 26 23 33 23 30
30 39 45 40 55 43
7 20 15 10 20 18
7 9 12 6 9 14
45 56 45 48 49 53
14 17 16 14 16 14
29 30 36 26 37 29
55 53 56 48 53 56
16 14 14 12 12 11
42 44 49 41 44 45
50 50 50 52 52 53
29 45 36 29 38 44
35 40 36 36 36 40
32 24 31 27 32 27
15 3 22 21 7 16
45 54 45 56 54 48
57 50 54 60 60 50
19 22 39 41 45 48
17 29 22 24 27 18
57 57 54 50 56 60
41 41 51 45 49 47
39 32 36 41 39 36
21 26 31 28 25 25
14 13 15 16 13 16
32 26 23 34 34 28
34 27 25 35 37 41
55 55 60 60 60 60
39 35 33 32 37 32
8 6 9 7 10 7
14 20 16 23 14 13
31 35 33 42 31 40
1 17 18 15 15 12
40 44 42 44 43 44
17 35 19 30 24 27
54 60 59 48 60 54
31 35 40 25 29 19
60 20
46 45 30 32 44 35
40 42 40 41 33 42
23 19 16 19 15 17
17 18 17 16 17 19
0 4 0 8 8 0
15 7 14 20 10 11
9 10 6 6 9 16
5 4 9 6 3 2
53 45 47 50 50 45
51 50 60 57 52 57
50 50 56 51 50 48
48 48 44 43 45 44
36 30 34 41 41 42
54 60 59 60 60 56
5 6 5 5 7 8
28 23 31 25 38 26
53 60 59 57 60 54
24 21 16 11 23 12
53 41 39 38 49 53
36 31 36 32 33 35
18 18 16 19 19 19
43 29 41 36 41 28
0 18 14 8 1 17
54 50 60 60 55 57
41 38 36 38 39 39
53 57 50 52 54 56
40 37 41 36 36 35
15 1 1 1 15 1
44 35 37 45 42 38
57 58 55 59 55 58
24 25 27 27 25 24
27 36 29 28 26 31
20 1 13 13 21 2
55 56 52 54 56 54
52 54 60 56 56 50
17 18 19 24 22 19
34 35 36 34 41 35
14 14 16 17 15 15
26 24 28 21 24 20
7 7 6 6 6 5
10 10 20 20 15 16
38 42 43 40 40 43
55 60 39 48 40 50
37 42 37 38 45 29
18 15 16 16 9 14
5 8 8 10 4 6
24 21 30 20 31 20
37 30 31 37 26 28
38 46 36 50 53 48
7 6 4 4 5 7
33 33 40 29 34 37
15 34 12 10 38 36
57 54 56 51 59 60
29 31 29 29 31 27
60 57 57 60 59 56
25 23 22 26 19 23
21 24 17 21 14 18
51 59 52 60 52 54
30 56 54 45 56 38
0 4 9 0 11 1
60 41
43 42 43 40 41 41
44 48 46 41 50 41
25 32 34 24 29 26
57 48 47 54 47 54
18 17 11 9 17 10
9 11 14 12 10 4
33 16 26 22 16 20
47 60 60 60 44 48
19 20 18 21 13 13
29 39 36 39 28 31
47 44 47 42 43 42
18 21 18 23 22 18
45 34 47 34 43 34
22 24 28 23 24 28
15 4 14 4 17 2
54 53 57 53 59 54
53 53 54 54 51 52
60 49 47 59 60 53
39 58 47 40 38 51
14 19 8 13 19 18
49 45 46 52 46 48
0 13 3 19 1 18
5 5 2 5 12 4
35 31 40 26 28 40
51 52 53 49 45 51
27 26 32 26 31 30
14 16 18 17 18 18
27 30 29 29 29 33
54 54 50 46 53 47
1 4 0 3 5 3
37 39 37 31 34 39
14 13 8 17 14 11
12 18 19 19 12 20
51 53 60 51 53 42
32 18 13 31 10 28
50 50 53 50 51 52
11 12 11 11 13 10
36 32 33 33 28 37
30 27 38 40 34 28
0 6 2 4 9 6
18 15 17 15 17 17
45 36 37 45 46 45
16 13 28 25 29 19
40 56 52 53 48 36
57 60 60 55 60 57
7 8 8 7 6 8
42 32 32 27 30 42
41 33 40 42 32 38
44 46 41 36 39 42
46 40 46 41 45 43
50 54 48 49 51 53
54 60 58 52 60 53
24 38 27 37 33 42
17 1 9 7 9 8
12 21 25 20 15 18
21 13 23 22 10 20
59 58 60 56 58 57
60 48 60 54 60 53
42 44 43 47 42 42
32 40 32 34 34 33
60 51
50 45 46 47 48 55
50 53 55 55 55 51
21 18 24 19 23 15
56 57 55 57 57 57
24 28 27 22 17 27
22 19 17 29 29 26
15 8 12 22 19 22
49 42 46 49 48 48
35 31 34 33 32 37
0 6 1 0 0 6
44 51 50 53 48 47
17 20 19 17 16 18
28 18 20 14 24 30
44 51 47 57 56 55
16 16 15 15 15 17
14 15 16 20 11 16
7 9 6 1 2 0
10 12 9 12 9 10
40 53 50 48 40 51
46 47 45 46 45 46
24 27 24 26 24 27
30 24 30 27 25 30
39 52 40 46 52 54
32 14 34 27 24 16
54 54 54 54 54 56
21 22 16 17 18 26
24 29 9 17 20 7
3 22 18 30 4 31
60 47 59 60 59 57
36 36 35 38 33 33
35 37 37 29 37 31
55 48 43 53 40 56
56 56 60 56 60 57
43 43 54 49 54 44
60 60 58 60 58 57
53 38 52 44 36 41
59 58 60 50 52 60
50 50 50 50 49 50
8 0 2 0 7 0
32 38 33 41 40 39
40 38 38 35 42 42
53 60 60 51 60 59
39 39 40 42 37 43
56 53 54 51 50 50
50 44 50 48 56 46
15 12 12 16 22 19
1 5 3 1 2 5
43 42 43 39 41 39
31 35 23 24 23 37
18 25 15 13 23 14
14 15 15 15 14 12
49 59 49 55 42 46
33 26 26 25 30 37
28 31 28 26 35 27
26 5 17 27 27 21
21 20 22 21 20 17
21 32 32 31 24 28
22 24 20 18 37 25
44 47 36 41 46 34
41 56 50 41 49 56
60 60
46 50 43 47 53 44
60 47 60 60 57 49
33 40 20 31 28 34
13 22 22 22 17 15
10 6 13 4 8 6
49 49 52 53 45 53
51 50 52 53 47 48
8 8 4 10 9 5
54 49 53 53 53 55
24 32 27 25 24 35
42 48 43 45 57 46
14 12 9 6 6 8
5 18 16 18 10 16
28 29 28 26 30 23
1 0 1 0 4 0
31 30 23 27 28 24
52 56 46 45 54 53
44 43 45 43 43 44
60 60 58 60 53 54
24 30 32 21 29 32
10 5 0 0 0 2
12 10 10 13 15 10
11 10 12 18 6 14
23 35 24 28 34 33
42 42 41 38 45 51
1 8 0 4 0 5
26 10 14 26 27 17
43 45 41 48 50 49
4 2 6 7 0 0
27 24 24 29 19 29
49 48 47 49 48 49
48 33 25 38 36 49
47 48 47 46 48 48
32 24 37 24 28 30
27 25 23 25 28 22
37 35 41 41 45 43
11 13 17 16 21 19
47 49 46 48 43 43
0 6 7 0 9 1
50 49 59 49 50 53
22 30 42 20 24 25
46 47 48 51 47 46
24 26 20 26 28 26
31 47 43 40 37 33
11 19 21 19 14 19
50 34 26 48 35 46
28 26 26 30 29 27
1 8 3 5 5 8
21 16 19 20 21 26
51 53 58 59 57 53
15 14 16 8 4 18
8 11 10 9 12 7
18 15 20 18 20 22
45 35 46 42 39 45
43 42 39 49 39 38
53 46 41 42 51 43
8 12 8 14 8 11
21 17 11 18 18 19
59 54 55 56 55 55
55 57 58 58 55 56
60 13
57 9 23 47 28 13
14 0 7 30 8 29
6 16 9 12 12 0
55 60 47 60 55 58
37 4 11 0 18 40
55 58 35 16 11 42
60 42 60 33 52 60
54 60 45 45 40 25
37 40 41 9 32 19
38 30 30 20 45 0
15 26 28 21 3 15
18 0 41 0 48 0
15 39 21 16 29 40
59 60 44 52 55 26
40 47 44 22 56 55
60 60 26 23 60 31
19 42 19 14 60 28
60 34 48 57 50 43
34 18 5 34 25 22
47 22 35 7 32 26
60 48 25 60 25 60
44 49 55 60 36 31
60 44 44 34 49 60
36 38 51 46 60 56
10 0 0 16 35 25
32 11 0 10 0 0
0 28 0 32 0 18
3 17 24 0 3 0
52 30 60 56 34 48
4 0 30 0 23 0
46 20 0 39 0 15
51 55 57 31 37 45
23 60 29 40 60 60
43 23 11 0 25 2
58 23 13 7 22 16
18 21 13 44 26 6
34 0 0 10 35 0
60 51 41 60 45 51
18 12 0 0 11 6
37 20 21 19 0 40
24 0 20 0 8 12
28 1 39 32 30 24
0 2 14 22 34 12
56 48 39 37 60 57
42 60 46 60 44 50
12 6 0 0 0 5
51 57 28 59 26 58
25 39 12 28 32 41
56 30 25 60 50 56
0 39 11 20 29 9
51 24 60 23 16 25
60 21 60 22 60 31
12 0 15 0 26 0
51 52 20 46 35 34
54 60 48 35 37 51
3 28 38 2 1 18
45 42 36 21 10 43
11 0 21 0 13 27
27 46 45 49 6 31
46 49 60 48 43 60
60 22
3 7 0 36 19 15
29 0 8 8 9 43
44 57 20 35 20 60
41 24 60 17 40 60
28 4 43 33 11 48
24 55 12 31 32 7
27 49 28 39 4 50
13 0 14 9 17 11
60 60 46 60 40 22
60 60 41 28 60 60
13 2 31 33 0 33
0 33 8 24 0 31
46 19 9 17 0 0
40 11 18 53 32 30
35 9 0 21 20 0
54 13 37 60 25 32
17 1 0 2 42 20
23 0 26 3 24 0
27 28 39 18 53 16
55 60 38 60 43 35
54 30 45 60 50 60
37 60 40 58 46 41
0 27 24 8 0 16
9 28 27 47 20 51
51 41 46 31 44 60
19 16 13 0 0 25
12 0 33 22 21 21
48 15 47 33 29 14
4 49 37 41 50 34
60 60 51 49 35 48
10 19 2 4 0 5
0 0 28 31 34 0
25 3 53 34 23 7
7 19 15 36 24 15
0 42 40 34 0 3
16 11 17 0 19 0
32 20 60 42 38 54
18 0 2 9 3 6
0 20 0 6 12 0
60 51 28 24 27 15
60 49 33 58 43 53
20 22 0 6 7 0
30 19 55 50 49 12
29 0 0 33 2 10
19 46 57 22 42 37
44 33 26 37 30 45
15 33 32 47 59 44
60 37 60 60 60 52
39 9 0 0 38 0
22 30 56 33 57 56
38 26 46 60 60 41
23 33 30 0 0 30
60 30 60 60 43 60
8 18 26 27 34 0
44 21 4 39 28 0
38 40 60 27 54 46
40 37 2 18 21 0
10 17 48 41 18 54
45 49 54 52 5 55
49 41 60 33 31 40
60 35
26 56 60 51 39 24
60 48 56 46 60 48
42 59 43 36 37 60
39 38 1 14 20 29
33 19 30 5 45 19
0 0 0 4 15 13
21 15 57 15 25 20
46 35 38 20 43 12
15 18 60 41 42 8
11 0 30 25 13 25
41 0 20 48 0 16
20 0 16 0 24 0
54 26 36 38 60 51
36 27 31 60 27 49
44 37 0 21 31 20
60 60 35 32 57 49
18 5 12 45 8 9
35 58 60 40 60 60
60 19 35 32 60 36
0 5 15 15 0 26
34 30 56 60 57 33
51 60 11 60 18 59
40 41 60 40 60 42
21 54 35 36 55 18
50 60 47 36 60 48
60 53 33 49 56 52
60 52 33 31 60 60
52 46 41 31 7 49
11 16 15 0 0 3
44 42 36 51 60 60
43 60 53 34 60 38
32 23 52 48 27 50
60 47 47 53 40 55
29 42 18 45 52 28
60 60 33 33 49 46
60 60 31 33 38 56
60 35 38 22 52 34
10 16 46 57 14 45
55 60 57 48 45 53
0 0 22 18 27 0
22 34 33 0 16 8
25 14 19 60 51 34
32 40 32 39 5 38
11 0 7 8 7 0
25 7 36 37 0 14
0 8 0 20 18 0
20 2 37 33 0 0
9 50 12 36 38 48
44 26 21 26 57 45
0 31 0 9 10 8
32 43 21 24 45 4
37 21 1 21 7 37
0 8 25 36 40 35
14 10 0 0 29 0
47 42 4 19 4 47
18 34 36 26 58 24
44 21 36 29 0 18
37 5 8 0 1 0
21 32 48 54 23 54
35 58 54 30 60 60
60 52
35 60 24 47 23 52
42 54 0 49 56 56
34 26 31 7 43 50
55 45 56 60 42 35
60 60 38 39 60 60
0 0 0 22 27 0
0 0 0 21 24 30
45 6 9 20 46 0
0 52 51 30 31 34
45 12 45 55 49 22
38 0 0 36 36 50
10 6 27 34 20 44
14 11 0 20 34 5
0 0 35 0 22 12
60 17 47 52 29 18
30 33 27 46 0 60
54 25 60 46 60 60
30 25 2 16 6 0
32 52 44 35 59 52
26 29 0 13 48 47
37 0 0 30 0 0
0 27 22 3 0 2
60 44 37 35 29 52
48 60 48 54 48 48
21 27 27 18 57 60
33 60 52 36 60 60
11 16 25 9 0 0
56 50 43 56 43 37
0 13 19 24 53 55
35 21 0 17 4 40
45 29 60 44 60 60
60 11 60 35 38 15
41 30 35 44 39 26
46 55 36 60 60 30
0 6 4 25 20 22
47 60 38 53 29 60
47 0 19 27 45 37
16 0 15 0 9 0
53 25 50 39 17 39
11 26 10 16 34 38
37 60 35 60 60 45
51 53 55 60 39 60
11 13 40 15 0 20
45 11 0 5 40 3
26 16 0 26 0 19
20 9 41 11 43 0
0 23 0 4 0 30
60 34 43 54 60 36
60 55 30 48 60 60
36 60 60 49 60 40
7 28 17 29 0 0
59 40 0 39 15 57
0 16 17 36 0 29
60 53 29 26 49 39
60 60 36 35 51 23
23 4 22 23 45 18
27 60 60 33 60 60
23 13 3 0 13 0
0 0 37 13 27 0
52 17 40 58 60 29
60 60
56 15 16 10 27 51
55 17 35 17 60 21
24 27 15 8 0 42
60 42 42 37 48 36
29 50 19 14 0 28
7 0 22 5 0 10
46 46 60 55 41 60
60 39 60 60 49 40
0 22 3 2 0 29
20 22 23 14 49 48
26 10 30 30 52 42
30 25 20 27 36 40
12 0 38 0 20 9
15 41 15 35 38 31
9 38 39 28 6 36
60 53 60 50 52 43
19 2 33 17 31 30
45 60 60 58 38 38
14 43 39 16 42 29
48 21 42 39 36 49
60 42 34 41 18 58
30 31 51 60 44 60
13 14 40 30 40 14
38 60 47 40 60 56
60 54 25 42 60 20
29 33 26 23 0 0
12 51 38 38 56 13
15 36 42 53 31 57
36 34 47 29 22 60
23 18 55 50 17 31
55 34 8 47 54 57
34 44 52 60 21 37
60 33 20 27 52 42
7 15 15 34 0 0
9 20 28 13 54 28
29 56 51 55 31 33
11 16 55 28 57 32
51 15 31 19 60 60
34 60 6 36 29 50
0 27 0 29 27 44
44 8 19 29 18 37
41 35 15 14 58 40
60 60 42 57 60 50
4 22 44 26 44 28
1 0 21 9 0 6
11 7 0 35 0 5
11 7 26 41 39 2
40 27 60 60 30 60
48 60 60 30 60 52
2 5 0 13 23 11
58 60 44 60 56 49
29 44 60 13 33 10
52 49 41 47 53 60
16 5 36 12 8 14
17 59 60 22 27 46
60 43 60 38 60 50
11 40 6 0 7 34
27 37 8 31 47 11
23 0 29 34 14 10
29 15 60 24 13 26
60 6
25 60 34 6 41 60
0 8 15 25 15 6
40 54 40 58 25 55
44 53 0 18 7 30
19 47 60 38 39 23
60 60 35 52 60 26
12 21 0 0 8 21
27 31 47 17 34 28
0 0 22 46 15 12
46 60 28 51 14 37
30 33 35 11 0 11
21 35 37 17 12 35
45 60 60 43 25 60
0 21 12 26 0 0
60 49 21 60 36 29
60 57 42 56 37 16
51 58 57 56 33 57
23 0 7 0 6 0
0 5 25 12 9 8
24 33 28 22 6 9
60 41 39 60 34 60
11 27 21 43 30 31
59 49 60 51 34 20
0 4 4 7 28 5
23 54 26 25 32 0
3 39 46 23 42 46
16 30 60 17 56 60
54 60 60 44 40 36
31 30 37 50 31 40
15 40 21 6 23 12
44 0 3 26 22 27
53 19 48 44 56 37
10 25 29 18 57 33
16 37 22 8 6 31
28 0 25 6 22 17
9 32 17 0 38 0
60 60 48 52 29 52
60 38 45 57 50 60
45 2 11 30 41 19
54 60 60 41 49 41
43 29 48 1 9 22
10 0 0 0 14 6
33 13 11 26 17 39
22 0 0 20 0 29
0 12 32 8 8 10
13 27 35 28 0 0
7 22 0 22 13 5
60 60 57 37 49 42
52 60 52 31 60 60
60 44 19 39 13 60
60 44 60 56 42 43
0 2 0 4 30 5
47 60 30 44 54 38
16 33 0 12 24 24
5 46 27 3 7 50
47 60 50 44 60 54
5 38 20 8 0 2
60 46 48 40 60 38
20 4 3 14 0 0
26 27 40 60 60 40
60 27
35 31 34 22 38 33
13 21 38 0 36 36
15 0 28 41 32 16
60 44 52 39 60 55
8 0 33 30 13 11
17 29 54 15 29 49
4 19 0 0 0 21
0 18 28 25 46 9
14 16 57 22 42 46
60 28 60 60 60 33
20 0 32 39 30 10
49 0 16 20 48 0
0 14 45 25 13 0
0 25 18 0 0 0
1 25 48 0 27 6
33 24 59 33 43 60
60 39 43 37 48 44
44 32 60 60 27 55
6 28 39 27 0 0
0 16 0 1 0 17
49 38 49 60 60 44
2 42 34 0 28 19
22 40 32 20 60 60
55 58 30 60 48 25
37 36 7 28 25 28
33 27 57 53 32 15
30 13 11 0 9 9
25 0 34 9 4 14
54 45 40 60 41 60
15 11 16 0 31 2
56 49 44 50 60 60
16 26 33 30 13 21
37 60 44 43 60 45
45 30 41 60 35 40
0 5 0 4 24 0
42 44 60 50 60 60
55 49 39 52 32 30
30 1 0 18 30 34
12 4 8 39 18 0
0 10 0 0 25 15
8 37 16 33 7 0
0 6 32 10 33 40
0 10 8 12 20 0
45 58 43 27 60 27
5 29 0 17 5 8
59 39 25 32 59 28
60 60 50 47 47 40
7 41 40 26 14 43
39 4 50 30 12 19
36 60 29 28 60 20
0 6 12 39 0 33
32 18 34 33 35 18
0 0 31 23 19 12
47 34 44 34 56 28
51 0 53 4 22 2
44 22 36 40 47 52
2 19 26 22 19 11
60 44 41 54 33 32
2 10 5 4 7 10
25 17 57 57 48 13
60 31
38 60 48 41 56 48
22 15 20 3 4 15
24 44 41 44 47 22
28 0 0 0 0 22
39 34 53 59 28 29
58 52 28 22 41 17
38 40 33 53 30 36
0 5 2 0 31 11
36 4 18 20 33 27
14 35 60 44 40 60
60 60 60 37 31 35
45 40 10 13 39 40
3 25 41 9 49 22
60 60 60 29 46 36
45 7 21 16 29 0
26 0 4 0 0 37
7 60 55 60 43 40
34 60 60 46 51 45
13 26 28 0 31 0
21 33 0 13 0 19
60 22 40 60 19 58
10 32 5 42 4 15
3 19 20 32 39 0
59 60 48 60 55 36
60 51 29 52 60 60
0 33 43 0 0 40
35 15 0 31 0 36
0 0 15 0 15 18
60 51 47 60 45 60
17 30 15 39 39 0
34 28 12 15 18 23
43 46 35 18 21 46
0 16 5 0 15 0
60 33 58 60 60 60
35 20 41 11 15 22
60 51 36 60 60 60
0 31 25 22 28 0
19 28 46 13 53 27
37 42 43 39 15 7
24 23 19 48 2 9
0 18 28 9 34 0
32 36 42 11 1 25
24 60 21 14 34 38
60 55 46 51 54 60
54 41 37 35 32 22
56 53 28 60 45 60
60 60 23 37 60 55
42 21 51 60 14 60
48 60 60 35 44 47
31 0 0 6 31 20
38 51 35 37 53 47
6 0 17 0 0 29
25 0 11 0 3 18
43 59 34 60 60 45
51 25 60 60 50 60
35 28 31 46 35 60
35 42 37 40 32 32
60 53 60 40 51 36
46 29 60 38 35 20
0 0 0 10 16 34
60 50
15 0 25 0 25 0
19 24 23 7 28 22
11 16 15 52 38 41
60 27 50 60 57 22
13 55 60 60 42 60
25 27 25 0 29 0
48 53 55 51 41 50
14 27 35 0 1 5
33 41 52 60 39 60
18 0 9 0 24 0
21 0 21 47 6 21
6 0 34 0 0 39
18 11 12 37 47 11
39 21 42 10 40 26
4 0 0 28 24 0
9 24 0 28 24 29
10 60 60 53 27 15
24 54 60 45 39 60
43 10 36 12 27 20
60 46 60 34 34 56
0 10 10 30 0 0
3 25 22 37 23 4
40 13 38 2 41 13
39 60 33 40 60 47
28 6 2 14 0 0
60 47 23 60 56 39
60 60 47 35 60 39
24 30 55 24 49 60
34 7 15 26 15 0
22 0 0 24 22 21
45 60 60 60 46 45
22 47 36 50 60 29
51 60 60 60 40 50
44 2 2 9 34 9
0 14 33 8 0 0
35 45 60 60 49 60
42 50 54 55 60 60
42 60 60 55 60 47
8 18 10 22 4 21
26 46 34 60 60 28
8 17 7 53 43 30
33 23 26 54 33 60
57 60 28 32 60 60
45 27 22 21 33 22
60 44 60 34 60 33
10 55 20 11 49 29
19 0 0 0 13 0
22 41 40 12 38 39
60 33 30 39 60 35
38 38 54 60 60 45
7 7 1 28 24 17
33 0 6 39 19 44
7 6 11 12 0 9
15 43 16 32 25 50
29 60 20 21 60 23
31 12 25 14 14 12
33 19 12 0 10 20
11 36 25 28 0 1
6 0 0 20 53 0
21 23 60 54 25 44
60 60
13 17 58 23 11 12
0 12 37 33 11 37
24 31 39 11 11 18
48 37 13 34 26 42
8 55 27 22 19 1
47 46 56 60 51 50
59 39 26 60 50 60
60 49 42 52 49 57
60 49 60 26 60 60
51 23 40 46 45 43
59 35 33 60 55 57
22 57 27 60 58 60
42 60 60 48 59 48
35 40 30 28 15 45
16 17 0 0 9 27
28 27 7 18 28 7
0 25 46 48 35 7
56 23 60 60 60 28
29 55 33 60 40 60
11 21 23 11 16 37
39 6 13 39 56 44
26 38 60 50 55 60
38 34 10 60 44 33
43 60 51 60 60 52
55 12 11 60 38 31
23 21 8 32 23 49
38 34 0 14 0 8
16 0 17 10 43 34
15 26 60 60 43 60
35 36 12 60 58 31
0 8 20 39 0 10
11 10 28 27 10 17
47 44 12 4 5 42
19 35 41 43 28 16
21 40 48 37 39 15
51 60 47 26 30 32
51 22 35 24 46 24
27 26 20 0 4 0
35 60 19 32 60 32
60 58 30 43 60 21
53 60 51 38 60 43
43 51 60 59 52 45
0 4 12 29 4 47
46 46 56 60 59 60
53 25 20 53 60 53
60 17 32 50 17 26
51 60 44 60 34 49
60 40 59 34 24 48
29 0 23 32 8 7
10 17 35 42 46 0
24 0 13 28 0 0
0 35 12 0 0 0
12 5 10 38 30 19
0 10 15 0 40 4
26 60 37 59 56 46
33 34 56 53 60 54
0 0 25 3 14 19
48 16 48 16 13 13
9 34 0 0 13 36
22 10 24 10 0 24
60 10
13 16 47 0 41 20
7 0 19 11 8 0
26 23 45 50 27 41
35 60 38 29 41 60
16 28 0 0 16 9
34 30 0 0 31 9
59 56 50 60 55 60
48 37 46 33 48 2
36 37 32 60 49 50
29 9 3 18 32 33
56 39 60 60 46 50
60 29 36 43 30 52
32 20 19 0 4 0
0 6 0 16 0 11
13 11 10 12 4 17
24 6 43 16 44 19
5 23 2 0 20 18
27 31 52 29 7 14
34 46 60 34 58 54
19 39 25 42 37 42
48 52 60 55 32 31
18 27 25 0 28 0
0 10 31 15 10 13
60 57 57 47 45 54
52 54 53 40 36 24
8 0 13 0 18 17
1 0 0 13 8 0
2 12 8 6 14 1
60 46 40 60 60 35
33 25 32 35 29 15
44 35 48 51 49 57
33 38 29 21 47 50
0 22 17 1 24 0
12 30 7 16 0 0
50 45 46 54 40 47
59 60 58 50 47 55
26 27 12 18 15 29
21 31 28 26 51 11
32 29 32 45 51 60
19 31 43 26 15 16
36 60 48 60 37 32
43 0 0 15 5 7
6 3 18 0 15 31
32 1 6 6 37 11
24 38 49 36 18 48
0 0 0 29 35 0
0 8 0 17 4 19
39 29 24 14 32 17
60 53 44 54 60 50
17 30 34 19 29 15
46 35 47 15 32 32
39 20 14 27 50 21
60 54 46 47 58 60
17 41 58 39 36 30
20 8 37 39 13 24
21 29 49 29 34 29
30 2 12 0 19 27
5 4 0 0 23 13
26 52 49 39 51 49
0 3 25 26 18 0
60 27
22 27 21 0 27 0
36 45 20 11 58 45
53 30 60 60 26 37
42 45 40 39 56 60
42 41 43 51 60 55
16 6 24 23 21 24
33 37 60 51 50 60
18 15 11 28 25 17
8 3 0 13 30 0
23 0 0 0 19 12
27 47 21 5 42 51
57 60 48 60 49 60
60 60 60 42 37 60
52 60 58 60 44 30
60 60 33 60 49 60
4 0 9 20 20 0
56 45 46 54 51 57
30 0 7 0 27 33
17 15 39 28 24 40
7 2 3 27 35 0
60 46 46 49 60 47
20 32 12 33 24 25
14 0 1 0 0 8
33 51 50 47 40 48
60 32 59 41 56 30
57 34 19 52 45 33
52 51 29 35 42 50
6 5 11 16 0 1
5 28 22 10 0 47
51 40 54 49 51 60
7 7 17 35 8 37
23 41 41 44 43 35
27 36 21 42 5 30
42 53 41 41 34 28
16 60 15 34 34 21
55 29 60 31 39 60
48 60 30 44 60 60
6 0 8 0 14 0
18 21 25 0 7 7
0 0 16 0 44 0
20 49 36 38 23 56
33 36 25 36 5 39
60 21 58 16 49 55
15 0 14 0 12 12
60 51 42 60 39 47
23 56 34 50 23 41
27 40 48 4 2 1
4 1 16 20 1 0
37 60 37 40 60 46
36 60 37 41 37 59
50 32 42 33 60 56
38 54 44 6 12 50
23 21 20 60 48 31
37 40 48 54 51 39
34 24 39 28 7 19
21 22 34 32 18 8
60 60 39 46 47 36
35 7 27 3 14 29
35 28 56 43 60 39
51 60 41 40 32 38
60 42
0 7 0 19 12 27
6 8 34 20 34 34
27 3 25 2 20 4
23 0 0 0 21 22
38 31 43 31 42 30
0 16 2 13 4 21
60 60 52 53 39 60
57 60 52 42 60 60
41 51 60 56 49 35
28 34 38 34 20 53
31 36 2 0 3 16
38 37 60 60 60 45
15 12 0 0 0 1
51 12 60 53 59 24
25 29 0 20 17 18
35 24 40 22 15 41
41 16 16 16 17 1
60 60 51 60 59 41
28 17 7 17 37 8
60 42 53 43 58 60
27 16 34 52 29 43
60 52 60 35 37 37
59 60 39 45 60 57
36 27 30 48 25 48
40 60 43 49 51 32
36 37 39 34 60 60
55 37 37 45 21 48
27 31 14 38 7 8
12 18 49 60 52 58
11 20 7 4 0 0
31 37 0 0 5 36
12 22 0 0 2 0
54 45 54 55 25 50
55 14 17 23 60 13
0 1 31 17 0 0
56 37 57 20 53 26
22 24 2 6 0 0
0 0 5 1 21 4
43 30 33 56 36 42
39 49 60 36 57 60
22 45 19 55 24 25
12 21 24 13 32 0
44 58 60 60 41 42
54 55 60 51 45 60
53 42 53 50 46 52
43 46 47 47 17 49
55 60 37 60 54 60
56 29 60 36 50 60
40 19 60 35 55 17
51 13 30 37 9 37
2 18 17 12 5 8
37 55 57 36 14 60
15 49 51 22 16 43
60 39 21 60 50 56
42 53 54 44 28 51
38 41 48 60 38 52
45 56 52 60 43 58
54 46 54 41 60 43
45 59 44 46 29 58
22 33 8 27 0 0
60 50
10 14 0 0 12 2
1 6 0 11 13 34
60 58 45 49 40 60
17 7 43 23 16 19
18 10 0 0 3 27
7 16 21 0 16 0
18 30 57 56 19 60
47 60 54 60 29 52
0 14 9 28 0 13
60 41 58 60 51 41
47 40 39 44 25 43
37 56 53 50 49 53
44 48 2 5 25 12
12 16 13 4 19 30
35 23 8 13 31 17
60 51 60 38 30 56
21 11 24 19 25 28
32 27 60 10 6 36
3 7 29 14 0 34
22 59 37 44 58 45
0 0 15 26 10 0
17 39 5 31 34 22
16 10 52 47 17 27
12 39 38 42 36 0
60 44 58 60 47 48
0 0 5 1 10 12
33 25 8 0 15 40
31 15 26 11 28 46
38 51 30 60 36 46
26 15 36 47 51 20
45 60 55 39 42 52
41 54 42 54 19 40
10 0 1 0 4 6
0 32 6 2 0 24
60 41 34 24 53 31
16 12 10 15 16 17
37 49 52 60 60 60
26 42 8 8 39 16
13 0 0 30 30 0
48 31 36 48 26 46
16 37 29 36 11 8
27 28 26 27 51 56
30 30 60 51 39 38
23 18 17 24 30 29
57 51 40 53 26 40
0 0 30 36 30 18
5 8 4 1 0 19
0 5 11 15 2 8
14 25 0 36 0 0
27 42 20 17 37 60
50 54 17 13 40 27
22 42 4 25 8 43
56 18 43 59 59 38
18 0 4 21 27 17
0 3 27 21 19 0
28 49 41 44 46 60
37 46 15 49 33 8
28 39 26 39 38 16
16 1 0 5 13 0
38 43 31 37 20 16
60 60
21 0 0 0 15 0
29 4 30 26 27 23
37 60 60 40 37 49
45 44 32 31 12 40
20 0 29 0 23 24
38 28 32 38 39 30
29 0 29 0 0 0
54 56 60 29 47 27
28 20 0 0 15 28
29 50 53 25 16 50
15 25 20 33 49 47
14 19 8 18 0 7
25 7 41 15 16 6
60 38 42 47 41 60
46 60 43 60 40 36
16 2 41 5 48 13
19 23 25 2 43 22
33 13 44 3 40 54
5 4 7 8 0 0
55 60 47 49 38 60
17 26 23 13 0 20
26 47 52 36 36 53
16 0 17 14 0 9
48 44 59 35 17 27
21 0 0 26 7 0
44 60 45 53 60 45
24 47 16 39 48 23
7 0 0 11 31 6
60 32 60 43 31 29
44 11 32 37 43 27
42 39 56 44 39 42
46 11 54 54 50 16
34 60 33 60 48 51
54 29 23 14 45 59
52 41 26 29 31 25
40 19 29 30 7 31
10 10 29 8 23 12
35 1 6 32 13 7
19 19 28 15 9 13
60 48 48 60 40 60
24 38 12 37 9 23
60 36 48 45 42 60
33 10 15 55 39 25
37 0 0 30 18 16
0 0 4 12 2 14
60 43 46 47 40 60
28 20 31 12 11 0
41 60 41 60 46 60
40 10 33 37 50 32
25 51 60 28 41 45
56 29 32 26 49 21
18 13 0 21 18 13
24 23 37 15 33 23
44 44 28 40 35 29
7 22 20 0 0 0
54 49 44 44 57 60
20 31 9 42 26 35
50 60 60 60 44 40
42 15 49 31 14 45
60 60 60 45 31 44
60 15
49 37 43 26 42 49
53 27 57 31 38 60
22 22 10 24 12 20
43 40 52 58 29 57
29 37 37 48 29 50
20 18 31 25 33 13
28 16 7 13 7 22
30 36 46 54 39 40
23 21 18 41 30 25
0 14 16 0 0 0
58 47 48 47 53 49
48 19 47 16 20 45
18 21 9 0 0 15
1 9 13 0 0 6
40 60 54 60 40 40
37 28 55 30 52 39
43 26 27 27 32 40
55 51 48 52 60 49
60 46 55 60 43 55
3 0 20 7 10 6
53 36 35 38 34 53
6 8 10 4 14 13
46 55 60 60 38 45
28 29 14 17 31 11
46 42 41 60 48 60
52 41 60 46 50 60
38 36 37 35 37 37
53 58 48 57 42 44
7 7 7 11 7 27
44 28 48 30 46 28
4 11 14 23 19 6
23 22 34 20 40 33
9 10 21 27 16 8
8 19 5 8 7 11
24 19 30 36 29 25
53 56 60 49 60 54
53 55 60 52 60 57
26 12 13 14 26 15
53 47 60 48 46 58
49 28 51 52 30 24
47 45 47 41 39 58
12 16 16 0 0 6
43 37 37 34 47 38
52 60 55 57 36 60
55 58 47 60 48 53
49 40 34 48 35 38
28 18 32 34 29 33
6 17 6 21 17 6
13 0 16 0 0 17
44 47 48 41 40 49
55 21 57 26 45 34
55 60 46 40 42 34
21 49 45 14 14 38
45 48 45 37 45 43
47 47 60 47 52 59
9 27 37 30 5 10
39 27 24 42 16 25
22 14 6 27 0 0
29 26 8 12 17 32
6 18 0 0 0 0
60 26
13 10 11 13 12 16
36 60 41 45 45 60
14 12 10 25 4 12
4 6 0 0 0 6
21 14 27 24 13 18
35 33 24 47 40 12
1 0 8 4 0 7
44 39 38 34 39 32
9 17 1 4 27 0
13 0 19 20 10 14
15 27 23 22 17 16
10 10 0 0 0 5
27 48 51 40 46 47
19 16 8 7 6 0
51 29 51 41 51 53
4 9 24 30 29 16
31 33 29 49 49 39
20 25 10 19 23 18
49 49 56 57 44 43
4 0 9 9 9 0
0 3 8 18 5 21
58 30 45 59 42 50
0 8 11 9 9 0
0 7 8 5 5 7
34 58 53 48 60 46
8 0 12 23 0 20
23 25 20 26 8 22
26 25 27 25 24 10
16 14 14 4 2 7
41 36 48 28 49 50
30 47 29 36 45 29
42 58 51 40 32 31
19 0 27 21 14 25
28 60 24 41 28 48
39 36 33 39 30 15
60 60 52 60 60 46
55 60 40 39 39 45
15 4 20 31 25 29
9 4 0 1 0 12
33 34 43 28 43 24
10 6 24 8 4 21
23 13 0 22 12 10
46 34 42 48 43 28
52 44 60 54 53 47
22 42 26 32 39 39
39 20 47 39 33 38
35 30 31 47 41 40
43 41 37 52 34 44
34 40 30 36 38 31
54 54 48 39 58 60
60 55 48 60 45 53
52 34 32 32 49 57
32 7 15 30 26 14
11 35 30 18 26 18
10 6 0 11 0 2
18 12 11 21 24 26
4 9 3 0 6 7
60 44 60 60 33 60
0 12 15 12 0 0
26 20 5 26 6 10
60 41
48 47 33 34 39 33
19 0 5 12 0 0
43 37 48 33 43 41
0 0 5 6 7 0
14 21 15 0 14 5
12 25 10 8 10 16
44 56 46 60 46 56
0 19 24 25 0 8
15 33 38 20 32 32
30 11 23 11 34 11
32 44 51 39 50 50
13 8 0 12 10 9
4 19 12 17 17 4
37 41 31 35 24 28
11 18 2 23 0 10
30 25 16 16 9 9
32 32 4 25 4 5
8 13 3 12 9 0
16 18 21 8 26 19
44 40 53 16 60 35
50 33 36 53 33 56
32 27 34 31 34 35
24 14 10 28 6 13
8 0 10 12 0 4
55 60 59 60 45 60
23 28 27 28 26 27
15 31 25 13 35 16
2 15 0 11 0 3
9 19 0 15 7 20
27 18 5 23 7 17
40 31 33 40 27 35
54 56 45 60 50 44
57 40 40 60 59 60
43 30 31 31 38 35
50 48 30 51 37 38
30 23 28 37 35 38
37 32 44 42 42 44
19 40 43 17 41 42
38 19 27 27 28 27
8 15 0 17 10 12
19 14 32 37 32 35
45 60 56 53 46 54
45 60 44 55 60 60
58 45 58 57 46 53
47 52 60 60 45 40
51 34 36 30 35 38
60 39 50 35 54 37
52 52 59 50 47 46
60 35 49 59 52 28
36 48 44 42 37 39
16 8 8 0 0 0
21 19 21 1 0 4
16 13 24 1 20 19
50 43 48 50 55 60
0 11 3 5 0 3
36 23 37 16 25 21
40 40 55 45 31 26
41 40 19 36 19 22
12 0 2 14 2 7
52 40 47 39 59 49
60 48
35 47 59 38 55 42
39 34 31 26 29 43
60 51 35 25 36 25
52 26 50 39 30 60
22 18 14 19 19 14
8 8 12 30 21 27
43 37 45 41 18 43
15 0 12 14 0 0
35 33 31 26 24 40
54 53 48 60 59 55
32 31 6 5 34 23
9 18 17 29 12 15
0 26 15 0 3 22
18 27 29 10 24 20
2 0 2 11 0 10
54 50 58 56 56 51
24 22 23 30 31 34
2 11 8 13 29 4
30 34 46 21 26 32
48 51 52 57 56 52
11 13 2 0 0 1
16 18 37 38 44 45
41 38 53 42 34 26
26 3 24 10 25 23
1 6 7 5 0 4
0 0 18 14 10 15
39 51 46 60 60 55
21 33 23 26 39 35
3 24 21 6 21 35
22 52 41 42 55 49
45 51 36 59 37 49
17 17 6 25 22 33
52 43 51 40 54 32
20 43 27 44 25 40
24 24 46 45 42 38
16 2 0 4 5 3
28 41 35 55 25 37
33 44 33 27 43 30
18 8 17 20 30 15
52 60 60 56 60 25
7 19 0 3 23 10
0 22 6 11 10 17
21 0 31 1 0 32
3 24 34 11 7 14
11 21 14 16 13 17
58 50 45 53 44 54
41 60 52 54 38 48
11 19 21 28 13 32
31 30 42 43 26 34
51 54 55 60 59 59
3 24 10 20 15 9
60 51 33 52 54 58
6 12 15 22 29 3
52 54 41 41 49 35
23 30 33 4 7 0
53 33 45 39 50 38
37 11 8 28 15 10
0 2 0 8 1 8
35 24 28 22 33 8
27 24 36 35 41 45
60 60
15 38 10 10 13 33
26 56 53 58 39 49
18 0 12 11 0 6
17 11 1 0 1 0
32 19 59 52 21 20
26 19 22 20 31 13
43 20 34 37 24 26
0 9 24 11 4 25
37 41 44 40 49 49
47 41 60 60 60 42
60 47 47 46 60 55
20 21 21 22 16 18
47 60 60 60 57 53
46 58 60 60 60 60
30 35 32 45 33 24
22 25 0 11 5 0
9 16 17 18 19 1
53 50 60 48 60 60
55 57 60 53 53 54
16 16 31 16 14 25
25 42 15 12 26 40
27 22 3 24 1 21
17 0 0 28 0 14
57 59 44 57 57 45
60 43 50 47 43 52
30 41 27 33 33 22
32 32 26 24 39 24
55 38 19 37 59 44
0 9 9 0 9 15
2 0 0 8 9 1
0 0 10 26 33 21
45 48 30 47 42 52
22 34 41 44 33 39
8 4 1 4 6 0
38 46 22 21 36 37
14 32 35 10 39 34
5 21 27 28 23 8
40 36 29 35 29 35
31 51 36 58 53 47
59 48 55 60 57 59
60 57 54 53 52 50
39 29 41 41 22 29
0 0 10 3 0 4
20 13 22 17 16 34
35 25 27 26 28 37
12 25 14 15 14 23
31 27 43 45 37 42
50 60 59 50 60 58
30 29 11 35 17 42
52 54 54 56 50 46
59 57 52 60 52 47
52 36 57 35 34 53
60 49 51 41 60 60
13 15 24 14 0 13
10 28 6 5 18 11
0 31 31 26 31 15
8 0 15 3 0 7
42 29 26 36 30 21
28 35 13 35 36 30
11 26 17 9 6 19
0 0
