70442
240
30870
3468
34144
36486
294
44918
3082
5518
7846
28210
22998
7482
19674
29886
5370
15364
6346
7790
70
6290
40876
74078
167914
20
336
6034
24698
65992
10
120
184
2400
25240
6
114
296
1074
4114
6920
46112
83768
209798
299970
402
4308
26392
120732
110036
468
3220
5084
23170
43846
16
654
1048
2442
10348
2926
100282
107856
209450
343558
4332
20872
95128
189606
238506
1060
14396
41300
68084
142754
190
5178
12398
16476
39166
17558
101648
160002
391088
302652
4106
94150
156796
225356
333242
22022
69468
128108
173024
260120
5188
26998
63456
112410
142990
