2 2
49 53 40 41 53 45
13 5 1 0 0 0
3 2
57 57 57 57 57 57
59 60 60 60 57 60
2 1 1 1 2 2
3 3
22 23 25 24 24 26
1 1 1 2 2 2
59 60 37 57 48 60
4 2
15 19 15 15 22 24
10 16 18 19 0 9
45 45 44 44 44 44
20 30 24 24 34 28
4 4
2 14 24 32 19 0
52 60 56 52 53 60
45 60 60 44 48 60
32 36 60 31 60 34
2 2
12 12 12 13 12 12
44 44 44 44 44 44
3 2
42 43 43 43 43 43
10 11 10 10 10 11
43 42 39 39 39 41
3 3
60 60 60 60 59 59
43 41 43 45 44 42
50 48 56 55 53 49
4 2
28 29 28 29 29 30
19 14 24 25 20 20
1 4 1 2 3 1
52 60 49 54 56 56
4 4
38 38 38 38 38 38
39 38 39 39 39 38
18 18 17 20 20 20
35 34 27 32 29 32
2 2
26 30 22 57 48 50
34 42 39 36 25 42
3 2
23 3 0 18 18 0
60 60 33 46 48 60
44 18 53 35 0 43
3 3
11 20 7 43 33 16
0 0 10 13 14 9
59 54 46 34 55 45
4 2
20 45 40 18 25 3
6 45 8 7 41 3
5 19 30 29 14 8
23 14 21 23 0 0
4 4
0 14 2 15 31 6
60 58 60 45 54 60
8 39 13 41 12 48
33 22 24 37 31 27
2 2
36 15 29 6 29 32
52 19 56 29 60 60
3 2
13 19 12 0 22 9
26 8 26 37 47 19
21 0 5 2 19 0
3 3
13 0 0 2 22 19
19 1 31 14 27 2
44 24 24 36 44 46
4 2
16 0 21 0 19 5
5 0 0 24 0 2
39 60 57 60 39 45
16 20 18 25 26 23
4 4
31 44 49 52 43 56
30 9 26 5 9 22
60 60 58 60 60 58
25 33 40 39 33 18
60 12
4 3 4 4 4 4
50 49 50 50 50 50
50 60 41 32 33 56
0 20 0 0 8 3
14 25 31 18 20 23
1 0 0 0 1 1
6 9 8 6 6 9
0 22 0 20 4 0
29 29 15 20 9 10
10 10 10 10 10 10
1 20 15 0 31 50
47 48 48 50 44 45
10 22 0 16 0 13
51 39 60 54 60 42
48 29 13 40 47 8
21 23 22 23 23 22
5 5 4 4 5 4
18 31 33 25 43 46
2 12 18 2 0 8
0 28 6 21 0 15
22 7 27 9 24 27
40 31 0 7 16 33
20 20 20 20 20 20
39 29 39 59 38 16
30 0 0 5 2 0
0 27 1 15 16 0
51 53 51 53 52 52
28 60 43 59 24 60
26 0 40 37 11 0
37 60 44 58 51 60
40 36 40 41 37 40
50 40 51 59 57 47
31 31 32 31 31 31
45 36 44 24 18 31
43 43 43 43 43 43
38 1 21 29 43 0
30 0 22 17 37 0
23 20 16 27 19 16
1 17 16 0 0 3
44 34 0 47 35 50
16 41 19 29 10 0
47 43 58 35 53 52
8 33 1 24 41 19
49 50 36 30 27 33
39 24 36 28 29 28
26 15 36 53 18 16
40 52 21 26 15 21
60 55 31 60 32 35
52 47 38 58 39 39
35 35 35 35 35 35
23 23 37 60 40 60
32 35 28 20 39 31
21 32 23 22 25 29
10 11 10 10 10 11
51 50 51 51 51 50
0 24 0 0 16 7
21 31 32 29 29 27
0 50 10 16 41 7
17 22 18 9 22 17
15 14 11 14 12 14
60 29
49 59 44 38 19 14
31 35 26 38 35 41
17 23 40 37 24 17
41 30 53 44 60 60
60 56 36 44 19 60
50 51 51 50 50 51
17 17 17 17 17 17
3 4 4 3 4 4
60 60 47 46 36 20
20 8 0 14 9 27
21 21 21 22 21 21
47 48 48 47 48 48
13 25 20 15 21 21
60 29 53 48 45 34
34 45 37 31 38 34
23 23 22 22 23 22
0 0 18 2 21 52
31 32 32 31 32 32
24 24 24 24 24 24
1 21 56 12 15 2
27 28 26 22 24 24
60 46 52 26 47 43
36 29 27 38 35 53
10 9 10 10 9 9
18 42 52 13 20 21
26 0 6 4 6 26
51 60 57 54 53 60
2 11 34 53 0 2
40 31 54 16 36 31
0 12 3 8 34 0
19 16 0 9 10 13
37 42 44 36 38 39
11 29 39 25 0 0
56 57 51 55 60 60
50 51 51 51 51 51
38 56 52 60 47 60
15 16 18 17 14 14
0 20 17 0 5 7
43 14 52 7 25 23
59 60 60 50 53 56
49 57 45 43 49 33
38 37 38 38 37 38
15 15 14 14 14 15
7 7 7 7 7 7
23 19 22 24 23 13
37 37 36 37 37 36
21 37 32 33 34 45
6 2 3 6 3 4
58 47 54 60 60 60
58 59 53 60 60 49
34 28 52 30 39 24
15 7 0 30 0 0
0 0 18 11 15 17
9 11 11 5 6 10
0 31 27 14 0 0
29 32 29 32 29 31
6 9 36 19 4 47
31 42 60 48 51 60
60 47 58 40 60 41
42 42 52 54 42 54
60 45
28 28 28 27 29 28
0 2 2 2 3 0
13 14 15 13 4 13
50 27 48 51 45 42
33 48 0 0 48 29
31 60 45 60 27 52
16 15 15 15 14 13
28 45 31 49 41 46
13 3 25 0 0 6
57 37 15 34 20 52
49 50 50 50 50 50
37 48 33 60 54 60
45 60 60 55 34 41
0 12 15 24 0 31
49 50 49 50 51 50
12 15 8 28 0 27
53 23 60 43 27 60
0 4 25 13 0 7
60 60 60 60 60 60
8 35 41 41 28 20
43 51 55 38 52 60
42 42 39 42 42 39
7 11 9 11 10 10
38 54 60 60 52 49
60 60 50 60 51 42
11 18 16 12 16 18
44 49 60 60 45 60
42 42 42 41 41 41
12 11 10 11 10 11
8 25 13 0 0 0
5 9 9 7 8 7
38 47 45 48 45 39
42 42 32 35 41 39
45 43 45 44 45 44
9 27 13 10 2 6
0 22 11 13 7 0
28 41 20 29 56 26
48 47 47 49 48 48
50 18 5 21 20 36
50 48 49 48 50 49
53 41 60 60 41 60
60 58 51 53 53 58
12 13 0 0 5 0
57 56 57 56 57 56
55 55 54 55 54 55
2 3 3 3 3 3
11 0 8 1 0 4
39 16 60 38 31 45
4 3 11 0 0 3
49 15 60 29 16 35
51 50 50 50 50 50
51 54 49 60 54 54
46 58 51 50 53 57
34 41 27 36 21 34
15 8 41 0 44 43
38 38 38 37 38 38
55 58 26 22 48 60
51 18 9 32 20 60
2 15 7 1 22 0
15 15 15 15 15 15
60 48
46 52 28 25 51 60
60 60 60 57 47 44
12 0 0 16 14 8
20 0 10 4 29 0
39 6 32 26 11 10
25 24 23 26 25 24
9 14 4 10 16 1
21 39 50 1 5 18
33 16 26 28 0 1
33 29 26 60 50 60
33 29 30 29 30 36
18 0 0 0 0 17
0 0 0 1 1 0
18 18 20 17 18 21
38 38 37 37 38 38
30 42 24 44 0 34
55 36 35 60 44 52
19 18 18 19 18 19
10 10 10 11 10 10
29 20 26 27 16 20
29 28 28 27 26 29
0 1 0 13 10 29
13 0 31 19 25 22
14 3 25 22 1 4
54 53 53 54 54 53
10 21 0 3 17 23
47 46 33 42 33 33
41 42 42 42 42 42
26 24 23 28 26 23
59 59 58 59 58 58
44 49 59 49 44 58
0 0 26 10 0 22
60 52 49 42 51 33
45 36 57 21 59 60
10 3 38 20 40 0
51 52 52 51 51 51
10 8 7 8 6 9
27 15 17 18 31 14
57 57 58 56 57 55
49 58 58 51 50 55
19 41 31 12 44 28
18 42 47 59 60 16
43 42 42 43 42 43
48 44 46 46 47 48
9 36 21 4 17 2
18 56 0 12 50 4
31 30 31 35 34 31
6 2 0 25 33 27
47 43 60 41 48 49
31 32 31 31 31 32
46 46 46 47 47 46
59 59 54 60 47 47
32 33 32 32 33 32
56 57 52 52 57 60
55 36 24 49 55 26
3 10 51 43 5 10
7 25 7 30 11 0
38 30 60 47 10 59
0 0 21 18 12 10
21 0 28 14 0 18
60 60
25 19 25 25 30 7
37 0 6 31 42 41
56 8 53 21 2 39
0 5 15 0 3 3
60 41 53 56 49 60
19 20 19 19 19 19
32 15 17 44 9 10
9 10 9 10 11 10
57 49 60 57 53 58
30 30 30 29 30 30
0 2 5 0 7 1
23 18 25 18 25 21
0 32 29 0 8 0
40 38 40 42 58 60
47 48 47 48 48 48
34 60 28 15 41 17
11 35 40 12 25 46
49 60 60 57 57 60
24 5 0 25 32 16
33 60 51 56 54 60
0 21 0 0 21 8
9 29 10 47 36 18
11 6 8 0 3 0
39 31 38 0 28 34
18 17 17 18 18 18
22 13 0 32 19 10
48 13 55 25 42 30
33 36 33 37 37 37
32 34 37 35 35 34
7 7 6 8 5 7
55 55 55 56 55 55
44 22 31 39 53 34
27 26 26 26 26 26
15 14 15 15 15 15
35 13 49 31 24 54
51 51 51 51 51 51
24 27 37 28 40 24
17 17 17 17 16 16
10 30 11 7 11 8
48 46 40 41 45 42
34 43 0 47 9 31
46 38 40 39 41 39
44 31 41 60 37 46
56 58 58 58 59 59
17 18 17 17 16 16
12 36 2 0 25 0
15 60 48 51 23 37
23 19 33 20 32 20
49 40 59 42 42 60
20 30 13 20 16 20
60 60 60 58 45 41
50 54 53 54 53 54
9 8 0 17 18 0
6 0 5 3 3 6
46 45 60 56 49 45
0 43 0 23 25 0
24 23 23 23 23 24
60 46 60 57 46 48
60 53 47 39 60 60
5 21 10 11 3 22
60 6
49 50 50 50 50 49
36 42 41 49 39 39
0 26 26 0 0 0
37 18 36 29 20 17
25 22 58 34 59 60
21 25 24 23 22 24
29 16 15 37 15 27
26 26 27 27 26 26
23 22 22 23 22 22
47 47 47 47 46 47
7 3 4 3 5 6
0 5 29 30 15 22
40 41 41 41 41 41
28 27 28 28 28 28
29 29 29 30 29 29
22 21 22 22 22 22
42 43 42 44 42 44
31 33 37 33 36 34
59 60 60 60 59 60
56 55 57 56 56 57
16 22 26 17 17 20
43 41 43 42 43 41
29 24 23 32 21 29
30 35 34 37 32 34
0 0 8 0 8 0
55 60 57 56 56 60
43 43 42 42 42 42
16 15 15 16 15 15
1 1 2 0 1 2
24 28 27 7 25 13
58 57 58 58 59 59
14 15 15 15 15 15
58 56 53 60 60 60
44 47 45 51 47 46
41 46 46 58 52 56
49 53 52 50 50 50
55 36 43 43 40 36
35 35 35 35 35 35
20 21 19 22 21 21
32 40 49 46 37 41
37 31 17 32 28 33
10 8 13 9 12 14
55 55 60 52 60 50
42 43 42 42 42 43
12 0 12 7 12 3
27 26 26 26 27 26
48 47 30 60 40 60
6 5 6 7 5 6
29 42 32 37 28 35
27 18 22 25 19 23
43 44 43 44 43 44
15 14 16 15 16 15
44 43 43 43 44 43
10 1 0 3 10 10
2 2 1 2 2 2
37 48 38 39 35 39
53 53 54 54 53 54
34 35 35 35 34 35
23 23 23 23 23 23
3 44 30 0 19 4
60 30
28 29 29 29 28 28
38 39 57 51 29 60
16 22 27 30 26 39
1 0 1 0 0 1
11 11 11 11 11 11
31 55 18 21 21 20
6 6 6 5 6 4
13 15 14 11 13 10
7 7 7 7 6 7
50 45 52 57 56 60
40 42 39 38 33 40
40 40 40 40 40 40
30 30 29 29 30 30
29 29 28 29 28 29
0 0 21 0 0 12
55 55 55 55 55 55
41 41 48 48 41 41
24 20 29 28 25 22
38 29 44 35 28 42
42 27 11 17 7 23
43 44 44 42 44 43
13 13 32 24 34 15
10 10 10 10 10 10
23 8 8 14 37 1
60 60 59 60 60 59
16 38 27 21 16 41
0 1 1 1 0 0
45 44 45 44 44 44
25 29 26 29 33 29
31 23 0 0 28 3
32 31 33 33 32 32
60 60 60 60 60 60
17 17 16 17 16 17
45 40 16 40 19 16
19 22 27 34 41 25
54 54 53 54 54 53
49 58 52 60 56 42
53 52 52 52 52 52
50 51 50 50 51 50
2 0 12 0 16 8
18 17 16 17 17 16
3 4 3 4 4 3
17 16 17 17 16 16
16 0 19 11 12 7
9 9 9 10 9 9
42 32 44 34 30 25
28 39 22 36 31 42
39 42 37 31 45 54
52 41 33 34 31 42
23 22 21 20 23 22
7 8 12 8 12 10
28 27 32 27 32 27
37 37 37 38 37 37
55 60 51 54 60 60
14 15 13 14 15 14
4 4 4 4 5 5
9 13 6 7 12 6
56 59 60 60 59 59
58 58 58 59 59 58
23 23 19 19 17 22
60 41
20 20 19 19 19 20
16 7 14 20 13 14
34 29 37 28 32 36
2 11 9 0 1 32
37 45 44 49 47 35
52 52 51 52 52 52
35 45 39 58 34 57
58 58 58 58 58 59
27 28 29 28 30 31
0 6 0 8 5 2
5 5 5 5 5 5
1 0 0 1 2 1
46 21 47 6 36 36
36 45 42 31 38 33
30 35 30 31 34 15
25 24 24 25 24 24
41 5 4 5 8 17
60 33 53 60 60 49
44 37 36 33 32 45
5 3 5 5 4 4
44 48 46 46 45 47
10 8 0 12 7 9
60 60 59 59 57 58
33 33 33 33 33 33
16 16 11 10 17 13
53 54 53 54 53 53
33 31 39 24 23 33
47 46 47 46 47 47
12 13 13 13 13 13
38 48 29 39 36 46
4 18 0 27 5 11
51 53 21 32 45 34
8 8 8 7 8 8
56 55 55 56 56 56
28 23 25 22 21 29
29 33 30 34 18 37
54 55 54 54 56 56
18 19 18 19 18 18
9 12 11 14 12 14
35 36 35 35 35 35
39 40 41 41 40 40
43 43 45 46 40 49
22 22 22 22 22 21
16 13 24 11 22 19
40 42 35 41 35 38
34 34 34 35 34 34
21 0 23 23 11 11
0 0 26 26 0 16
41 39 36 38 38 40
4 12 10 0 3 15
0 24 29 4 10 0
39 38 39 39 39 39
15 16 15 15 15 16
38 43 39 39 42 35
0 39 27 6 0 0
46 46 46 46 46 45
21 18 28 20 22 28
60 54 58 49 58 48
60 60 56 60 54 55
49 49 49 49 49 49
60 51
34 34 34 34 34 34
2 0 0 1 7 8
12 1 12 1 13 6
29 30 31 31 23 34
31 38 42 50 45 53
24 29 52 23 29 31
5 4 6 8 1 10
41 40 41 41 41 41
26 0 0 26 8 26
8 8 8 8 8 7
25 25 25 25 23 24
54 55 54 54 54 54
37 60 44 60 38 52
19 19 19 19 19 19
18 34 22 39 17 10
30 26 30 29 31 28
40 40 40 40 40 41
21 30 25 14 32 16
36 38 41 25 33 26
12 0 9 15 16 16
49 51 51 51 50 51
58 55 60 57 56 59
60 50 40 60 54 44
49 60 49 35 60 51
51 60 60 42 58 37
51 59 59 60 60 57
43 40 45 31 50 44
0 12 19 0 20 0
25 25 25 26 25 25
29 43 25 57 60 60
60 60 49 60 56 34
59 59 59 59 59 59
29 29 30 28 30 30
55 54 54 54 54 54
22 23 23 24 23 22
18 18 17 18 17 18
46 47 46 46 47 48
38 38 38 38 38 38
29 29 29 29 29 29
60 40 60 45 55 56
9 6 7 7 8 11
36 36 35 36 35 35
23 25 26 22 17 19
60 46 52 52 45 60
24 15 8 20 10 0
32 32 32 31 32 31
17 17 17 16 15 15
9 35 40 7 36 29
60 60 60 60 60 60
47 47 49 50 47 46
46 10 36 44 16 21
31 31 30 32 24 34
34 33 32 33 33 32
39 40 40 40 40 40
15 15 15 14 15 15
10 9 4 0 0 0
2 3 6 0 4 0
36 36 36 36 35 35
31 31 31 30 31 31
54 54 53 53 53 53
60 60
47 47 46 48 46 48
53 52 56 39 42 54
11 13 2 17 6 11
31 22 17 20 20 13
14 23 16 16 17 14
49 50 49 50 50 50
1 11 10 9 7 7
24 20 24 15 24 14
38 25 38 35 48 52
24 24 23 24 24 23
49 44 60 45 57 51
19 10 30 14 23 8
4 4 4 4 4 4
34 24 0 4 30 26
16 18 17 17 17 17
15 16 0 0 17 14
17 17 17 18 18 17
14 8 13 20 16 18
45 45 45 44 44 45
24 6 5 13 27 10
10 10 9 10 9 8
3 5 6 3 3 3
47 39 43 41 41 44
57 59 50 55 51 51
29 28 28 29 28 28
39 39 39 39 39 39
28 28 28 28 28 28
15 17 17 16 16 17
54 28 17 3 21 16
16 2 10 20 14 12
22 22 21 21 22 21
31 28 28 28 30 30
54 44 60 55 51 60
51 60 41 37 21 28
26 26 26 27 26 27
4 3 31 13 5 1
5 15 2 15 20 11
58 57 58 57 58 57
22 32 29 32 31 34
41 47 39 41 40 44
12 25 18 17 46 30
38 24 41 60 60 50
44 45 44 44 44 44
4 4 4 4 3 3
14 15 14 14 14 14
28 28 28 28 28 27
28 30 26 32 42 40
60 60 49 59 50 53
17 15 14 17 15 18
5 5 4 5 4 5
13 12 12 13 13 12
6 6 7 7 6 6
51 51 51 48 52 50
60 45 48 57 60 37
50 51 50 51 51 50
14 11 17 19 17 15
43 46 40 46 46 47
11 11 11 11 11 11
14 16 41 29 32 12
49 50 50 50 51 49
60 4
16 16 16 16 16 16
8 8 8 8 7 8
57 58 57 56 57 56
60 60 57 59 47 43
17 31 21 14 17 11
37 37 38 37 37 37
9 7 3 9 4 0
42 42 43 43 43 43
30 29 29 29 30 29
15 14 17 18 12 10
35 35 35 34 34 35
4 4 3 3 4 4
40 37 39 41 37 37
49 47 49 48 49 49
9 11 14 12 10 9
4 5 6 5 7 4
37 37 37 36 36 37
26 27 28 29 28 28
5 4 4 5 5 5
57 57 57 57 57 58
57 58 57 57 57 57
47 47 46 47 47 46
13 19 18 13 16 13
35 36 37 36 36 36
47 60 39 60 39 60
59 59 60 60 60 55
6 6 5 5 5 6
20 20 20 19 20 19
40 39 39 38 39 38
41 40 41 41 41 41
9 10 9 10 9 9
60 59 59 59 60 60
60 60 60 49 54 49
5 5 5 5 5 5
42 43 47 42 42 47
25 24 28 25 28 31
23 23 22 23 23 23
7 0 1 5 3 4
1 0 1 0 1 1
24 23 23 18 22 19
36 46 40 37 45 45
39 38 38 39 38 38
4 0 2 2 1 3
32 32 31 32 32 32
57 52 59 51 48 50
9 9 9 10 9 10
48 48 47 48 48 48
1 1 3 1 2 3
5 8 5 5 10 3
3 3 5 3 7 6
45 40 52 46 45 55
14 12 12 14 14 12
41 42 57 60 57 53
28 28 28 29 28 29
46 47 46 47 46 46
13 13 13 14 13 13
39 46 43 38 39 39
2 3 0 3 0 3
24 24 24 25 25 24
27 26 26 26 26 26
60 18
1 1 1 1 2 1
58 59 59 58 59 59
35 35 32 37 39 40
26 27 28 29 27 30
44 29 31 28 48 60
36 39 36 39 42 40
3 2 4 2 3 4
45 45 45 45 43 44
50 51 52 49 49 50
51 46 48 51 50 51
0 9 9 11 11 4
57 56 57 56 57 56
23 23 22 24 22 24
21 19 19 19 21 22
20 20 20 20 19 20
21 22 23 21 22 21
22 22 20 19 22 23
40 39 40 40 40 40
10 7 18 7 16 11
13 13 13 13 11 14
16 16 17 17 17 16
57 60 60 52 52 56
46 45 45 60 60 60
21 22 19 21 22 21
16 17 14 13 16 13
52 36 53 55 53 35
37 37 37 37 37 37
9 7 17 7 11 6
37 37 36 36 36 36
15 15 16 15 15 16
26 25 25 26 26 26
54 53 38 45 51 46
43 46 47 41 40 40
10 12 0 7 1 12
26 26 25 25 26 25
13 12 13 12 13 12
36 38 36 36 33 33
15 17 16 16 15 16
44 45 45 45 45 44
43 43 43 43 43 43
18 18 17 17 17 17
52 52 53 53 52 53
33 38 33 36 38 33
5 9 4 6 5 5
10 14 16 16 21 16
29 37 36 35 31 34
10 9 8 10 10 9
3 5 4 3 5 2
47 47 47 50 43 43
45 43 41 44 43 42
30 28 29 28 28 28
11 10 12 5 9 13
11 13 11 11 12 13
36 31 33 38 31 38
0 0 0 0 0 1
40 40 39 39 40 39
44 59 51 47 56 60
51 51 50 51 51 50
45 45 48 48 42 44
29 29 30 30 29 29
60 32
10 9 10 10 8 9
28 27 27 27 27 27
51 51 52 52 51 51
2 3 5 4 1 1
47 47 48 47 47 48
38 34 35 37 43 39
29 29 29 29 29 29
55 54 54 54 54 55
12 12 12 12 12 12
13 7 1 14 14 3
58 57 58 58 58 57
56 45 58 56 52 49
51 50 51 50 51 51
13 12 13 13 13 13
9 10 11 9 10 10
28 29 27 28 28 29
5 6 6 6 6 6
1 0 1 2 1 0
21 22 22 21 20 20
46 46 46 46 46 45
46 45 40 45 44 43
42 43 42 42 43 42
28 26 29 25 26 28
25 25 24 26 26 23
33 32 32 32 33 32
20 20 20 19 20 19
30 30 30 30 30 30
52 51 52 51 51 51
6 6 9 6 6 7
7 8 7 8 7 7
60 59 60 59 60 60
29 31 30 29 30 29
18 19 18 18 18 18
25 19 17 12 24 19
40 41 40 41 40 40
43 45 44 45 45 43
19 17 19 17 17 18
37 36 36 38 35 36
0 0 1 3 2 5
3 2 2 3 3 3
3 3 2 2 2 3
50 50 50 50 50 50
49 50 49 49 50 49
34 31 32 30 31 34
22 21 21 21 21 21
59 59 59 58 58 59
2 2 2 2 2 1
9 10 9 10 10 10
40 39 39 38 39 38
18 22 20 15 12 17
48 48 48 48 49 49
23 23 23 23 23 24
17 17 16 15 18 16
0 0 0 0 0 0
3 4 6 4 6 6
39 39 40 38 39 38
17 17 17 17 17 18
34 35 34 35 34 35
42 42 42 42 43 42
20 20 19 20 20 20
60 56
58 59 58 58 58 59
15 17 16 15 15 17
31 31 31 32 32 31
3 3 2 1 0 1
18 18 18 19 18 18
39 39 39 39 39 38
18 18 18 17 18 18
3 3 3 3 3 3
15 13 15 17 15 16
10 10 10 10 11 10
35 36 36 36 36 36
12 12 11 11 12 12
2 8 6 3 0 1
48 49 51 51 49 49
28 27 27 27 27 27
0 0 0 0 1 0
32 32 32 32 32 32
38 36 42 43 41 38
24 23 24 24 23 24
31 32 32 32 32 30
24 23 23 23 23 24
20 20 20 20 19 19
42 42 43 43 43 42
12 13 15 13 14 14
34 33 30 31 31 29
30 31 30 30 30 30
38 38 37 38 38 38
59 60 58 59 58 59
18 17 17 17 17 17
29 28 28 28 28 28
7 8 7 7 7 6
58 57 58 57 58 58
34 32 33 36 31 33
44 47 44 38 48 39
54 54 53 54 53 52
44 45 45 44 45 45
6 4 5 6 7 6
9 10 9 10 10 10
27 26 27 26 26 26
40 39 39 40 39 40
29 30 29 29 30 30
49 49 49 49 49 49
25 27 28 28 25 28
41 40 39 38 38 42
44 39 34 31 47 49
33 32 33 32 33 32
46 53 51 52 56 51
28 27 27 27 27 27
43 42 42 41 44 43
6 5 5 6 5 5
31 31 30 30 31 31
0 4 0 2 3 3
31 33 29 29 27 24
53 51 53 48 52 48
23 24 23 23 24 24
3 18 8 2 14 11
44 37 40 40 39 45
18 19 19 19 19 19
41 35 36 41 39 39
12 12 12 12 12 12
60 60
25 24 23 25 24 25
45 45 45 45 46 46
0 2 2 0 0 1
56 57 56 57 56 56
18 21 16 22 17 17
45 43 44 43 43 46
47 48 50 48 48 49
23 24 26 26 24 28
57 57 57 58 58 57
19 17 12 14 21 17
57 56 57 56 58 59
54 55 54 55 54 54
45 49 49 44 43 47
5 4 4 4 4 5
31 40 24 29 47 24
8 9 10 10 11 9
58 57 59 57 58 59
42 43 41 42 42 43
26 28 25 30 28 24
41 41 41 41 42 41
29 30 30 29 30 30
40 39 39 40 39 39
6 4 8 5 8 3
6 7 8 8 11 8
38 38 36 37 38 37
53 53 53 53 52 53
54 41 39 41 46 39
36 35 49 40 33 42
44 45 45 45 45 44
12 12 13 13 13 13
12 12 12 11 11 12
34 8 15 10 41 32
35 34 33 39 33 41
20 23 19 22 22 20
53 52 53 52 52 52
44 44 44 44 44 44
17 16 16 18 13 14
60 56 60 58 57 55
28 27 27 26 31 40
46 59 58 56 59 50
12 34 38 6 23 14
41 42 43 41 41 41
35 34 33 35 35 33
22 21 22 21 22 23
21 22 22 21 21 23
49 48 48 48 48 48
24 34 41 10 16 21
59 58 59 58 59 59
33 33 33 32 33 32
8 8 8 8 9 8
16 16 15 17 16 16
17 18 16 21 13 8
36 38 36 30 23 25
13 11 11 14 12 12
31 31 32 31 30 31
14 15 15 15 15 15
9 7 8 8 7 8
41 41 41 40 41 41
45 44 44 44 44 44
33 33 33 33 33 32
60 7
9 10 10 9 9 9
8 8 7 8 8 7
50 49 49 49 50 49
12 12 12 12 13 13
14 13 13 14 11 13
0 0 0 0 0 0
21 20 20 20 21 20
29 29 30 30 30 29
25 27 26 25 26 26
55 55 55 55 55 55
42 44 44 43 43 44
40 34 40 37 38 34
35 35 35 35 35 36
13 12 10 10 12 13
29 32 30 31 30 29
30 31 31 30 31 31
35 35 35 35 34 35
37 38 37 37 37 38
17 13 12 14 13 16
51 51 48 51 51 49
0 0 0 0 0 0
49 50 49 50 50 49
21 22 22 22 22 22
59 59 60 59 59 60
26 26 26 26 27 26
37 38 38 37 39 38
13 12 12 12 12 13
42 42 41 42 42 42
26 25 25 25 25 25
44 44 42 43 44 43
2 1 1 2 2 1
15 15 15 15 16 15
4 3 4 4 4 4
19 19 19 19 19 19
0 0 0 0 0 1
12 7 11 7 8 6
38 38 38 38 38 38
29 30 29 29 29 29
14 14 14 14 14 14
41 42 41 42 42 42
46 47 46 46 46 46
22 22 23 23 22 22
52 52 52 52 52 52
45 45 45 45 46 45
36 35 35 35 35 36
59 60 59 59 59 59
11 11 10 10 11 10
3 10 15 6 9 5
27 28 27 27 28 27
50 49 49 50 49 50
6 11 12 4 13 6
28 28 26 27 27 28
35 36 36 36 36 36
4 1 2 3 2 1
16 16 16 16 17 16
15 16 15 16 15 15
2 1 2 1 1 0
24 23 23 23 24 23
5 5 6 6 5 6
12 12 12 14 13 13
60 24
31 32 31 31 31 32
5 6 6 5 6 6
13 12 12 13 11 14
4 5 4 4 5 4
27 26 26 26 26 26
29 29 30 28 28 29
46 45 46 45 45 45
55 58 54 50 57 60
36 37 36 36 36 36
11 11 12 11 12 11
1 1 1 2 2 2
25 23 28 23 28 29
11 11 11 11 12 11
40 40 39 40 40 40
33 34 34 33 34 34
30 30 30 30 30 30
16 19 20 16 16 18
19 20 19 19 19 20
45 44 44 44 45 44
26 26 26 25 25 26
20 19 19 19 20 19
21 20 20 21 21 21
25 24 24 24 24 25
57 58 58 57 53 56
40 39 40 40 39 39
38 37 37 38 38 38
2 2 3 1 1 2
49 49 49 49 49 49
4 4 4 4 4 4
47 47 42 47 47 43
60 58 55 57 59 56
29 26 26 24 27 31
2 2 2 1 2 2
8 8 7 8 8 7
57 56 56 56 56 56
39 39 39 39 39 39
39 39 38 39 38 39
9 8 8 8 9 9
56 56 57 56 56 56
32 33 33 32 33 33
57 57 59 59 55 59
4 4 5 5 5 4
0 0 0 0 4 9
12 12 12 12 12 13
33 32 31 33 33 32
57 57 57 55 57 56
30 30 30 30 30 30
8 7 7 7 7 7
30 30 31 30 30 30
53 53 53 52 53 53
56 56 57 55 56 55
19 18 19 18 18 18
43 42 38 37 37 41
5 6 5 6 7 7
13 14 13 14 14 14
36 37 36 37 36 36
58 58 57 58 58 58
23 22 22 23 22 23
18 19 19 19 19 19
10 11 12 11 10 12
60 43
21 21 22 21 21 22
52 51 52 51 52 52
5 5 5 5 4 4
30 29 29 30 29 29
54 54 53 53 54 53
1 2 1 1 1 2
52 50 51 51 52 52
18 19 18 17 18 17
30 30 30 30 31 30
12 10 13 10 11 10
49 49 48 49 48 48
12 12 12 13 13 13
7 7 6 6 7 6
32 31 29 32 29 32
21 21 21 21 21 22
37 37 38 37 37 37
51 50 51 51 50 50
51 51 51 50 51 51
1 0 1 1 0 1
58 58 58 58 58 58
57 58 57 57 57 57
12 11 11 11 11 11
41 41 41 42 42 42
47 46 46 47 46 46
50 50 51 51 49 49
45 45 45 45 45 45
37 38 37 37 37 37
60 60 60 59 59 60
42 46 44 43 44 45
20 20 20 20 20 20
33 32 32 32 32 33
0 0 2 1 1 1
33 27 35 36 37 32
4 4 3 4 4 4
10 10 11 10 10 10
14 15 15 15 14 14
6 6 5 6 5 6
50 50 50 50 50 50
1 1 1 1 0 1
0 1 0 1 0 1
28 30 29 26 29 28
15 14 14 14 14 15
17 14 11 14 13 16
19 19 18 18 18 19
21 24 22 23 22 23
53 53 53 53 53 53
26 26 27 26 27 26
53 54 51 55 55 55
27 26 25 26 25 27
53 55 56 56 55 53
33 34 33 33 34 34
17 18 17 18 17 18
55 55 55 55 56 56
23 24 24 23 23 24
30 29 30 30 29 30
6 6 6 5 6 5
10 15 9 18 14 19
11 10 9 11 9 11
12 11 12 13 13 11
54 54 54 54 52 54
60 55
13 13 13 13 13 12
25 25 25 25 24 25
10 11 10 10 11 10
39 40 39 39 39 39
15 21 19 15 17 21
47 47 47 48 47 47
47 47 47 47 47 47
15 15 14 14 15 15
12 13 13 13 12 13
35 36 38 36 35 38
51 51 51 51 51 51
17 17 17 16 17 17
59 58 59 58 58 59
36 36 36 36 36 36
17 17 17 17 18 17
3 3 3 4 3 4
47 46 46 48 48 46
14 15 15 15 15 15
53 53 53 53 53 52
15 14 13 14 13 13
8 9 8 8 9 8
35 36 35 34 35 35
13 12 12 13 12 13
39 44 43 34 43 43
32 32 32 32 32 32
39 39 38 39 38 39
47 47 49 50 48 49
52 51 51 52 52 52
11 11 11 12 11 12
50 50 49 50 49 50
27 27 27 26 26 27
5 6 5 5 6 6
46 41 43 44 41 44
39 40 40 45 43 43
50 49 50 50 50 50
43 39 43 41 42 41
0 0 7 5 9 2
7 9 0 9 0 12
48 48 48 47 48 48
19 20 20 20 20 20
31 29 29 33 31 31
55 54 54 54 55 54
51 51 51 52 52 51
42 42 43 43 42 43
6 5 6 6 6 6
18 14 16 16 17 16
7 6 8 9 5 6
30 31 30 31 31 31
20 20 20 20 21 21
39 39 39 39 39 40
38 38 38 38 38 38
59 58 59 59 59 58
5 3 4 3 4 3
44 45 45 45 45 45
57 58 58 60 59 57
57 56 57 56 56 56
18 13 12 17 12 19
30 30 30 29 30 29
14 12 12 16 14 14
55 54 54 54 55 55
60 60
4 0 7 4 7 0
50 49 49 49 49 49
12 12 13 12 11 12
21 21 21 23 21 22
46 46 46 46 46 45
27 29 26 35 32 25
47 47 47 47 47 47
51 55 54 53 53 52
42 43 43 43 43 43
55 56 54 54 55 55
19 19 19 18 19 18
52 52 52 52 52 51
6 6 6 6 6 6
9 3 3 4 5 8
50 51 50 50 50 51
58 58 60 58 60 60
5 5 5 4 5 4
49 49 49 49 49 49
52 54 52 53 53 53
58 58 59 58 58 58
27 26 26 26 26 27
33 33 33 33 34 33
9 10 9 9 9 9
59 58 59 58 58 58
23 24 23 23 23 23
14 14 14 14 14 14
48 48 48 48 48 48
29 29 27 28 27 29
40 40 39 40 40 40
60 60 60 58 57 55
33 33 32 32 31 32
3 3 3 3 3 3
16 16 17 15 16 15
51 48 50 51 51 50
29 29 29 29 28 29
29 31 37 36 23 38
25 24 24 24 24 24
23 23 23 23 23 24
25 21 24 23 22 22
52 52 52 52 51 52
54 54 54 54 53 54
19 19 17 18 18 19
56 57 57 56 57 56
55 55 55 55 55 55
44 36 35 36 38 41
30 30 30 30 30 30
3 0 7 1 0 8
53 54 54 54 53 54
56 57 57 57 56 57
35 29 37 30 36 36
13 10 8 11 10 11
34 38 39 37 33 31
27 28 27 27 28 29
19 20 19 20 20 20
32 32 33 32 33 32
40 40 40 40 40 40
38 39 39 38 37 37
31 32 31 31 31 31
52 51 52 51 52 51
48 49 48 48 48 48
60 12
24 50 37 56 19 35
50 60 56 56 46 60
38 33 33 37 34 34
30 29 25 38 33 41
60 45 34 36 17 18
50 41 49 0 42 50
38 59 15 44 22 25
26 11 6 33 0 0
7 0 23 17 1 17
33 31 41 31 34 54
30 28 14 40 38 26
33 31 25 29 31 32
60 32 60 41 60 39
33 43 37 41 36 33
27 19 28 12 22 17
36 49 50 36 35 44
55 44 57 60 38 60
53 31 34 37 56 29
35 49 39 43 34 21
10 30 29 35 6 41
37 49 53 51 46 25
44 22 43 45 27 43
54 55 60 31 35 36
60 56 49 41 48 60
0 20 23 13 16 22
0 0 4 9 11 14
26 20 51 14 7 41
0 36 26 38 27 0
13 4 12 3 0 17
30 36 53 44 23 25
45 56 39 35 56 49
53 54 56 52 55 53
12 19 56 15 25 57
57 52 49 60 38 25
0 0 32 32 7 0
7 46 49 31 30 24
28 20 24 18 18 27
20 0 0 40 19 18
0 0 23 11 18 0
0 23 9 0 29 29
47 41 60 41 18 26
54 60 60 60 56 39
29 0 8 20 0 3
13 13 18 15 16 11
46 24 50 60 22 31
50 44 44 47 41 39
59 60 39 53 60 30
51 48 60 31 44 19
10 0 31 21 0 0
48 45 6 44 32 45
2 11 0 20 0 24
47 34 36 16 27 29
30 22 6 39 26 31
60 38 60 31 60 32
18 11 4 24 51 55
60 60 50 36 40 58
27 45 18 51 33 43
60 45 41 40 58 60
12 11 22 12 13 17
60 4 59 44 8 22
60 29
0 0 25 12 26 32
0 0 29 24 0 0
8 3 0 0 0 7
24 38 6 4 48 47
30 34 13 18 40 18
53 55 31 60 60 27
13 35 36 27 36 47
1 31 42 32 2 22
19 27 16 60 52 60
41 39 32 46 28 34
35 37 60 38 60 60
0 3 9 13 9 10
21 14 11 17 18 12
58 59 59 44 29 56
60 29 47 50 28 56
41 33 10 0 20 42
4 0 3 0 0 14
0 31 30 0 3 34
13 3 14 2 22 3
14 19 3 43 34 33
3 43 2 29 12 27
0 2 1 22 6 3
36 56 17 60 33 60
0 0 22 13 24 0
42 26 41 25 47 53
26 26 22 27 22 24
34 29 10 22 10 42
22 41 30 48 15 43
28 34 28 30 33 37
48 26 57 22 20 60
28 27 26 26 28 25
34 16 60 46 19 33
10 32 37 0 0 10
45 9 31 14 12 9
44 43 52 56 31 60
60 41 43 60 50 38
15 13 10 15 9 14
60 50 46 60 41 60
28 15 21 7 6 30
53 53 57 38 42 14
34 35 41 36 43 42
35 60 18 50 60 45
13 41 39 42 29 10
0 6 0 32 3 26
46 53 50 58 47 53
20 22 12 20 17 20
3 19 0 18 1 0
24 51 32 42 40 53
23 14 20 19 16 21
11 31 44 45 15 11
13 14 29 2 16 37
25 16 10 44 56 2
8 9 15 21 36 39
4 26 15 11 20 5
0 50 16 25 16 53
37 60 38 60 60 60
38 44 39 39 43 43
60 51 55 46 53 57
8 8 8 8 9 4
29 60 59 32 41 37
60 34
6 8 47 30 24 31
38 39 31 35 45 30
38 25 8 38 26 7
60 60 29 42 56 60
59 46 60 60 49 60
43 36 15 19 11 20
4 49 29 33 7 16
60 31 44 51 35 28
48 19 11 12 21 0
0 15 18 18 8 0
23 21 14 17 10 24
35 34 41 17 60 26
16 12 41 2 17 36
0 4 0 3 7 0
38 54 21 54 50 22
11 16 22 7 11 12
42 29 36 20 22 51
49 44 60 41 37 60
44 44 41 42 41 44
0 27 0 22 0 11
55 60 42 37 29 60
16 20 28 25 27 17
12 59 44 60 49 41
21 60 23 51 60 23
16 1 17 16 0 17
38 2 15 16 9 38
45 60 60 60 57 40
60 51 46 41 60 40
41 34 36 0 39 45
22 36 29 21 0 52
57 60 36 60 60 48
19 31 11 9 25 29
6 19 13 29 33 8
51 60 60 58 38 25
60 55 46 59 20 60
16 49 48 22 29 16
39 32 7 41 13 18
60 50 55 60 31 39
60 45 38 14 13 60
37 35 37 34 37 33
12 12 33 0 0 0
39 52 60 60 50 42
9 0 29 2 30 31
38 32 26 17 42 43
22 45 7 0 14 33
60 36 54 37 58 60
8 7 36 41 54 7
23 54 14 20 33 21
60 35 26 60 53 29
19 34 30 27 9 23
38 32 44 10 20 26
26 42 38 8 19 0
2 0 3 5 0 5
50 60 51 60 53 49
46 48 53 60 47 44
26 11 18 1 0 28
29 12 13 20 21 12
29 24 49 45 60 60
38 60 42 60 59 43
27 0 6 0 9 0
60 56
0 8 3 4 17 0
49 46 55 41 60 55
35 30 44 17 40 52
29 23 42 32 39 46
0 16 12 22 27 24
44 40 37 1 2 3
35 0 0 23 4 2
9 21 15 14 5 0
50 50 55 52 54 55
60 50 52 42 60 60
10 7 15 55 10 43
59 45 16 15 58 47
32 35 31 31 33 32
45 28 16 34 0 0
47 14 26 36 17 53
14 14 14 14 15 14
49 5 34 10 28 58
55 55 27 4 57 12
23 10 3 0 30 27
6 26 0 25 26 25
7 7 0 0 5 2
16 11 0 40 10 24
48 50 60 57 60 54
52 33 36 59 44 45
0 11 19 11 14 6
18 0 2 3 0 21
25 1 22 42 0 10
32 38 39 20 35 17
60 25 59 29 33 60
32 0 32 21 0 14
22 20 22 25 26 21
38 44 25 25 28 30
36 5 12 26 30 11
31 28 40 5 31 6
42 39 60 47 47 60
12 11 16 17 10 11
41 34 47 44 46 42
50 60 53 56 33 60
32 26 43 46 41 19
0 23 24 38 0 2
59 36 60 42 60 60
45 60 42 60 60 41
3 0 0 14 17 29
16 12 46 45 34 35
0 0 0 19 21 13
38 38 60 55 54 55
25 28 60 29 34 42
47 58 48 49 48 29
20 51 33 13 48 39
7 7 24 41 1 20
48 60 40 37 50 44
11 39 33 30 39 28
29 36 42 27 42 47
60 13 60 48 41 36
0 12 0 11 6 8
0 14 3 0 5 4
17 0 9 0 17 0
28 15 2 23 1 32
12 8 0 21 17 17
54 54 58 14 39 32
60 60
47 24 58 24 58 19
37 60 28 29 60 60
7 0 12 2 17 0
41 4 28 6 21 9
0 38 10 9 0 0
22 0 0 35 0 32
54 18 9 24 49 54
13 1 21 0 14 4
22 0 5 28 45 0
32 23 60 60 60 35
42 60 60 55 60 35
52 32 16 47 59 24
0 11 8 0 0 16
60 30 36 56 60 35
48 12 31 32 37 60
39 32 43 50 60 26
25 11 8 0 12 0
38 51 26 45 41 41
24 37 18 23 30 1
53 55 52 60 52 50
20 24 34 0 0 6
30 0 22 0 1 0
19 29 0 45 17 5
11 12 15 27 33 18
22 31 37 8 46 47
23 52 0 18 13 30
34 60 46 59 60 60
34 4 56 39 43 8
35 56 58 39 13 25
58 60 50 47 60 60
41 8 10 0 5 21
34 22 38 34 22 28
28 56 32 42 42 52
35 51 44 32 47 28
0 0 0 8 23 31
27 34 40 37 21 40
16 41 15 55 15 39
35 32 31 34 30 38
45 53 35 29 43 54
42 60 60 41 60 54
60 60 52 60 57 46
12 0 13 0 0 10
19 16 32 10 16 5
59 5 23 37 39 16
55 45 60 60 60 53
39 36 50 37 41 56
36 37 32 58 47 20
40 39 56 60 41 53
60 29 54 60 60 58
60 55 52 51 53 54
15 0 5 13 0 0
10 17 0 15 2 22
33 58 60 53 23 36
16 0 8 16 2 0
4 5 4 5 6 4
60 15 18 24 60 34
60 40 50 60 60 60
13 8 13 14 14 14
49 16 60 60 6 24
32 36 7 41 0 0
60 9
53 52 37 43 29 16
27 40 43 26 23 45
44 28 34 22 29 39
36 26 28 30 28 37
30 25 23 24 26 22
32 32 32 32 32 32
0 0 9 7 0 8
44 48 23 24 9 13
11 9 13 12 12 8
24 29 30 33 26 30
49 48 48 48 48 49
30 28 32 37 30 38
35 33 29 36 37 38
48 56 43 42 47 60
28 30 27 29 29 29
56 55 56 56 54 52
25 13 12 49 44 48
49 53 26 57 47 27
8 22 2 5 11 9
33 28 29 29 28 27
37 0 17 17 5 20
40 27 41 35 24 31
48 37 37 46 40 36
9 12 12 10 12 15
12 13 9 9 9 13
19 18 18 19 18 18
18 23 24 14 16 29
24 37 29 25 0 28
7 0 0 0 2 5
53 57 60 60 53 60
59 55 55 59 51 60
27 21 18 15 30 14
15 19 0 25 27 17
4 13 0 2 12 9
46 15 37 24 31 15
9 22 4 38 4 14
20 9 9 12 27 31
60 53 53 46 51 44
18 8 13 3 20 16
0 3 12 7 10 0
60 57 52 51 38 54
10 20 23 30 32 19
60 60 45 60 46 45
31 0 0 31 9 22
44 51 45 49 42 38
2 42 16 3 49 3
50 51 53 52 51 49
29 26 25 29 29 28
60 43 47 32 31 16
50 54 44 40 53 42
27 26 4 19 17 20
36 60 60 52 60 39
48 59 44 34 35 41
42 42 43 43 42 42
42 55 51 53 60 50
46 52 50 44 46 52
45 36 27 52 54 48
14 28 13 21 32 18
0 8 5 0 0 0
14 17 15 29 32 22
60 21
35 27 49 48 33 44
38 39 39 31 33 37
20 15 20 15 18 23
48 57 46 38 34 37
39 23 40 33 29 41
42 43 42 42 41 42
44 59 50 30 35 41
44 46 54 24 25 28
51 60 60 43 44 42
27 26 33 10 14 40
28 29 23 28 23 26
60 50 55 39 60 40
15 43 22 48 23 44
41 31 35 38 41 31
56 56 51 55 55 54
0 0 4 16 15 3
12 26 22 16 25 16
9 0 6 0 10 18
19 26 3 9 10 0
21 8 19 0 13 16
39 52 37 60 49 36
16 43 8 24 12 13
9 0 17 4 25 0
35 25 32 29 26 26
8 9 8 7 14 10
58 54 56 56 60 57
42 38 43 39 41 39
48 47 56 44 46 47
44 41 31 25 29 32
18 12 16 18 11 11
35 60 60 60 27 41
41 8 11 0 25 42
12 13 13 8 7 12
5 0 26 30 27 14
30 30 31 30 31 30
49 57 56 55 49 54
36 46 45 24 36 36
40 19 48 29 26 33
8 0 2 5 6 8
36 36 36 39 38 40
36 60 57 40 43 29
19 27 24 22 18 21
51 50 52 53 51 52
19 0 0 0 0 11
32 60 28 37 57 30
60 55 60 41 39 60
58 59 60 59 60 60
15 29 39 41 10 30
60 60 50 51 56 56
33 32 33 29 30 27
57 46 47 49 52 58
55 44 20 60 24 60
51 59 60 60 48 51
26 8 44 22 47 41
10 11 9 11 9 9
46 60 60 56 60 49
4 8 15 9 9 15
23 35 17 34 37 42
9 23 8 23 20 24
49 35 55 34 60 34
60 38
24 26 25 24 23 25
60 34 33 43 49 30
13 23 11 13 14 16
31 31 31 31 30 31
32 35 34 60 36 38
31 40 19 21 35 48
12 7 19 15 7 12
0 13 6 2 13 21
3 1 3 2 2 1
20 20 25 23 31 22
41 60 51 50 41 33
57 36 35 36 36 53
27 27 24 25 25 28
55 45 60 60 60 60
60 58 50 50 44 51
42 42 42 44 44 45
51 51 49 50 52 51
27 27 28 27 27 28
8 10 11 0 0 0
22 22 38 33 18 36
38 39 31 5 47 18
45 60 54 54 56 14
49 51 48 52 54 55
0 5 10 7 20 15
39 22 51 32 41 27
55 57 58 57 56 56
44 27 17 38 7 9
14 10 5 0 3 16
39 43 46 32 38 43
60 60 60 49 60 36
20 38 16 24 36 42
49 48 57 59 59 59
39 40 39 40 40 40
43 39 43 43 41 40
59 60 60 60 44 37
59 57 41 29 32 33
10 0 33 28 30 0
40 42 35 35 38 34
26 26 24 27 26 27
40 0 12 14 0 7
60 60 47 46 60 53
20 17 7 9 25 9
0 5 0 1 7 5
38 30 30 43 26 41
60 58 57 60 60 54
0 0 7 0 10 3
11 8 0 18 1 20
51 54 50 60 44 58
54 56 51 44 54 51
11 4 0 21 41 10
0 28 38 33 43 31
18 27 19 24 17 26
60 58 45 41 42 36
25 29 50 55 19 40
41 38 35 14 23 40
44 45 43 46 41 44
26 13 39 51 52 28
59 60 59 59 59 59
43 7 13 22 14 22
14 0 0 21 0 26
60 58
24 31 26 8 23 33
5 11 14 6 6 10
18 2 42 40 18 37
60 57 24 58 46 44
7 0 14 20 13 0
60 60 46 60 36 58
31 60 39 43 49 37
54 40 53 59 42 60
5 16 13 19 16 6
23 13 20 15 35 20
8 13 7 6 0 0
33 59 32 56 28 31
49 31 41 33 39 21
5 27 1 27 2 24
26 23 23 24 41 39
14 34 28 16 24 25
31 32 45 35 19 20
59 52 47 52 50 46
60 38 45 45 39 60
6 5 32 0 26 28
48 59 54 59 52 60
0 3 0 0 4 4
48 60 34 40 60 54
10 6 10 10 0 5
40 28 19 15 35 34
34 34 34 34 34 34
18 15 17 25 19 15
36 36 37 35 29 37
50 35 48 43 44 46
5 0 13 0 10 11
60 60 40 60 38 60
18 19 23 25 18 19
0 13 3 0 0 16
43 42 44 37 39 47
45 52 37 52 44 44
41 5 11 32 19 3
49 49 49 46 45 35
6 5 2 0 4 0
6 12 17 14 6 12
43 23 60 47 37 60
24 27 16 4 7 0
10 15 14 9 12 13
27 20 0 33 9 4
49 60 56 49 49 50
20 21 18 18 23 21
12 13 15 15 19 1
28 27 14 27 23 10
18 13 10 18 23 21
31 21 30 13 23 16
45 60 48 58 49 39
45 42 35 44 39 36
48 48 57 50 60 55
23 0 4 6 36 19
37 38 39 39 37 36
18 36 23 33 16 20
23 0 26 0 22 17
14 0 0 10 14 4
33 0 23 1 4 0
13 8 11 16 23 12
60 23 34 28 20 38
60 60
5 3 5 3 4 6
20 60 17 25 42 16
0 13 0 3 14 0
60 58 58 60 57 60
30 23 8 13 13 33
2 3 1 4 2 2
37 23 28 23 14 25
44 44 41 42 39 41
33 32 43 37 27 31
1 0 36 14 0 18
38 35 38 27 31 27
41 43 42 45 44 46
58 43 54 37 34 28
33 43 31 39 32 45
21 22 28 0 0 0
35 2 30 10 1 1
5 12 8 2 7 0
38 60 46 60 60 54
44 45 46 47 46 46
22 22 26 27 22 23
34 33 34 33 32 34
45 45 45 45 45 45
0 0 3 0 19 12
29 21 35 31 23 39
30 31 31 32 32 28
25 18 35 49 20 35
23 29 37 30 45 44
35 36 34 37 38 34
60 46 60 47 54 47
29 58 42 21 17 39
48 49 49 48 48 49
60 60 52 58 52 56
55 25 44 40 31 60
8 9 6 6 9 17
54 36 59 36 60 58
5 4 6 3 8 0
25 29 30 26 17 29
17 17 34 33 34 28
9 3 8 2 1 14
46 33 34 52 55 60
28 29 30 18 32 30
32 16 27 48 20 50
9 20 16 20 31 22
60 55 59 60 59 56
45 44 39 34 50 57
45 41 39 20 43 31
56 56 39 47 53 60
49 35 33 35 45 50
26 18 14 14 7 5
18 15 30 18 6 22
0 13 16 21 0 0
0 0 0 5 24 21
19 27 14 9 15 18
13 14 17 15 19 12
53 56 57 52 56 55
55 57 53 55 57 58
6 0 14 11 9 8
31 32 32 32 33 33
23 14 17 24 26 25
9 14 8 12 15 11
60 13
32 33 23 23 26 29
60 60 47 60 49 56
41 42 43 56 47 53
13 12 13 11 13 13
27 27 28 27 27 28
0 7 3 16 16 0
55 29 45 50 31 46
8 10 9 8 10 8
17 17 16 23 19 23
1 2 3 2 0 2
60 60 60 34 52 46
30 30 37 29 35 30
34 33 59 42 60 60
3 0 7 24 13 9
32 28 40 40 35 31
21 22 20 16 21 15
28 30 29 21 37 33
26 27 27 27 27 27
38 26 29 27 31 36
10 1 7 4 7 1
19 23 18 18 19 25
43 44 43 44 43 44
0 2 0 0 4 3
59 34 49 42 52 46
41 38 41 43 39 39
47 35 45 53 55 36
10 12 9 11 9 13
29 25 43 37 29 32
23 23 25 21 22 25
2 1 1 3 5 0
41 39 40 35 39 37
0 0 0 5 7 1
37 39 40 39 38 38
3 11 2 9 1 2
45 45 50 47 44 60
52 47 47 48 51 41
16 15 14 13 16 12
6 0 2 6 0 0
1 3 5 21 8 4
6 6 5 9 4 2
19 17 21 20 12 18
8 20 30 27 10 22
42 55 33 60 43 35
13 14 0 12 0 0
60 60 60 59 57 57
19 20 20 20 17 16
53 60 51 52 49 51
8 9 8 7 9 9
13 13 13 16 15 11
37 44 43 40 39 37
22 20 16 22 21 18
59 53 60 47 60 45
6 18 6 12 9 29
38 39 38 40 40 39
5 8 5 9 5 7
60 60 57 57 60 59
36 36 42 37 49 43
35 40 27 31 26 32
34 29 37 32 29 28
48 47 45 57 54 59
60 29
48 46 44 37 37 40
13 0 10 0 6 0
13 22 23 0 0 0
20 1 10 7 1 2
18 16 25 22 10 20
18 25 19 19 20 22
20 19 22 22 18 21
31 36 27 30 30 34
52 59 60 54 49 49
19 2 13 0 0 24
41 45 45 44 41 43
16 16 11 5 9 12
33 28 26 32 28 26
41 38 50 42 56 53
15 17 8 13 7 13
36 29 13 18 36 14
56 56 52 48 54 53
30 27 20 21 20 22
24 41 19 36 28 33
36 35 38 37 37 37
46 47 47 46 51 51
5 13 0 2 10 4
6 3 1 3 4 9
57 58 53 55 58 56
26 28 28 37 25 25
42 52 47 50 55 57
45 44 46 41 43 44
41 39 45 46 45 44
10 10 9 10 10 10
58 32 44 48 58 34
28 30 32 32 29 31
29 22 14 16 2 0
47 47 47 47 47 47
18 19 24 19 5 14
37 31 37 30 22 21
44 53 39 45 40 45
58 45 52 50 45 56
59 55 56 58 57 59
27 26 28 27 27 27
25 20 16 21 19 24
13 13 13 8 11 7
48 47 50 50 47 49
44 43 42 41 42 46
3 22 23 7 23 0
3 3 1 5 0 0
46 46 46 47 46 47
56 59 59 56 56 59
26 26 28 28 28 26
23 25 26 20 12 30
13 13 14 16 16 14
10 11 10 10 13 12
54 52 54 40 44 46
23 23 23 23 24 24
44 44 43 43 42 43
11 11 12 17 18 18
29 30 34 27 32 28
6 19 14 25 8 26
54 51 58 59 60 55
42 56 37 40 35 53
38 21 16 34 44 18
60 36
56 60 59 59 60 60
50 51 50 49 51 50
1 2 2 1 2 1
12 9 10 14 12 7
57 57 60 59 60 60
18 17 18 17 17 16
47 47 48 48 47 48
8 7 8 0 0 9
60 47 54 60 53 60
42 18 25 49 20 21
30 33 35 34 32 32
34 49 45 44 37 49
45 60 53 60 60 49
0 4 1 0 0 4
36 54 35 40 33 40
26 25 26 26 26 25
10 10 9 6 9 9
60 59 55 60 53 60
44 43 45 45 44 44
0 9 15 9 0 20
53 52 60 55 60 53
38 36 60 38 60 47
15 20 20 12 20 12
59 43 60 44 60 51
20 25 30 14 30 15
29 33 17 26 37 26
1 0 0 1 0 1
60 52 55 55 60 60
41 39 38 42 39 38
34 37 34 40 40 35
35 36 32 34 35 33
18 32 36 41 26 7
13 15 14 12 12 17
26 35 38 25 32 27
38 14 38 34 23 8
7 8 17 7 17 9
9 1 12 10 13 13
24 26 23 24 26 25
35 37 37 39 37 36
6 22 12 18 20 6
12 6 6 11 5 13
6 8 6 5 3 4
0 0 1 0 13 0
60 60 57 60 58 55
51 51 36 43 26 47
33 34 26 35 32 26
60 59 49 57 60 48
47 48 45 41 39 39
20 29 42 23 28 37
23 30 24 30 31 26
15 15 14 14 16 16
21 25 20 29 26 28
29 29 29 29 29 29
23 5 22 5 8 5
9 7 5 4 7 9
48 53 51 49 48 45
14 10 20 12 17 13
31 25 30 29 27 29
21 23 22 22 22 22
57 56 55 55 55 56
60 52
44 40 44 44 40 42
21 14 33 19 7 7
31 18 24 32 30 30
16 16 15 15 15 17
9 11 5 11 2 7
0 5 10 0 15 12
40 36 35 38 43 49
50 41 44 42 40 42
32 36 32 31 32 33
29 27 24 23 23 26
54 48 49 49 50 55
32 19 29 22 16 32
38 45 46 55 51 51
15 12 11 15 17 10
41 42 41 41 42 42
9 6 17 0 9 1
28 22 27 24 22 24
52 48 54 51 47 49
20 8 16 16 25 14
45 53 44 56 47 56
30 36 33 26 40 37
12 29 14 13 17 8
26 27 27 26 28 28
13 11 14 11 6 7
28 31 41 22 43 28
15 36 30 22 33 24
50 60 41 56 58 60
4 9 11 11 6 4
1 1 1 1 0 2
54 45 29 24 55 57
15 13 16 15 14 11
55 42 39 53 47 38
21 20 20 23 23 20
56 55 54 57 54 50
14 18 37 15 27 4
36 35 41 47 42 49
5 0 0 0 4 7
12 9 15 11 10 11
39 41 37 38 40 36
24 27 25 26 25 24
40 41 40 38 39 43
60 47 47 55 59 44
31 21 21 20 18 31
52 52 53 52 52 52
37 37 41 39 39 41
12 13 13 13 12 12
19 18 20 17 18 22
53 48 54 45 55 56
26 26 16 18 20 19
40 30 31 29 37 34
18 16 16 16 18 17
36 36 36 36 35 37
59 54 42 54 44 60
3 4 3 4 4 2
17 4 4 0 0 10
42 42 42 40 42 39
44 30 31 49 45 44
9 6 6 13 12 15
48 47 48 47 48 48
56 56 56 56 56 57
60 60
36 31 30 33 31 36
41 36 23 39 24 30
31 21 44 31 24 32
24 25 28 26 30 26
40 37 39 60 40 56
4 3 7 0 0 1
43 46 38 33 36 29
42 36 48 37 36 32
14 13 13 13 13 13
47 41 60 43 45 55
59 54 57 56 57 54
22 24 29 27 28 29
16 16 16 15 13 13
25 0 30 14 19 24
13 4 2 9 3 11
7 4 29 16 10 21
60 58 60 60 58 58
33 33 32 33 32 32
7 7 9 9 8 9
31 36 29 32 28 37
26 32 31 39 28 30
49 49 51 49 49 49
44 44 41 60 48 46
54 55 51 54 52 50
10 21 12 9 8 14
21 25 24 23 25 32
35 35 33 34 33 33
18 15 20 17 18 19
29 31 29 31 29 30
51 49 50 49 50 49
18 18 17 17 18 18
29 27 28 28 29 26
49 44 45 45 49 46
17 16 17 17 16 17
12 16 16 15 11 12
48 44 48 48 46 48
28 28 27 27 27 27
4 7 23 0 23 10
5 5 4 6 5 4
29 42 35 29 41 32
10 6 8 8 4 7
4 6 6 8 6 7
37 58 48 58 49 41
19 31 2 11 29 11
60 48 50 60 60 58
19 23 10 14 20 27
2 0 0 10 10 0
39 40 27 30 34 36
47 49 60 53 33 60
39 38 39 40 38 39
14 23 16 11 23 25
43 50 34 45 52 34
58 55 54 53 59 54
20 23 21 20 21 20
17 17 17 17 18 18
19 11 12 7 19 16
0 1 3 0 5 0
9 11 10 10 10 11
1 13 9 0 8 11
34 36 34 35 36 37
60 5
39 38 40 40 37 37
46 48 49 52 47 46
16 16 16 16 16 16
14 13 13 14 14 14
25 25 25 24 25 25
28 28 28 29 27 29
24 23 20 21 24 20
57 58 58 57 58 57
1 1 1 2 1 1
45 46 43 44 44 43
31 30 29 29 30 25
57 53 55 60 60 60
21 22 27 30 19 33
25 26 28 31 25 24
58 55 56 55 55 59
32 32 32 32 31 32
53 53 53 57 56 56
43 43 44 43 44 42
35 40 35 35 36 33
35 39 41 40 36 41
34 32 35 35 34 35
60 54 49 55 54 44
38 34 36 35 37 33
4 3 4 6 3 4
26 26 26 27 29 26
40 37 32 41 29 39
33 40 42 37 40 33
23 22 23 25 23 22
52 51 50 51 52 50
17 17 17 17 17 17
53 53 58 60 53 58
24 20 21 24 22 22
56 57 58 58 56 57
29 31 29 32 30 30
15 25 24 17 27 19
16 16 17 17 17 16
56 57 57 57 57 57
11 11 12 8 7 9
56 52 59 55 55 60
41 40 40 41 41 42
40 39 39 37 36 36
4 4 5 4 4 3
25 32 23 31 37 32
19 20 20 19 19 20
48 47 49 46 47 50
58 58 58 57 56 57
44 41 41 40 42 40
19 22 24 25 24 22
5 7 7 6 6 6
17 16 16 17 17 17
47 49 48 48 48 48
5 7 6 5 7 7
29 32 32 31 32 29
3 6 8 8 5 7
1 1 0 1 1 0
5 5 5 0 6 3
6 5 5 4 3 4
47 51 49 46 48 46
17 16 19 15 15 18
29 25 27 27 23 25
60 30
9 10 8 10 9 9
21 20 21 20 26 18
22 22 21 21 22 21
2 1 3 2 2 2
10 11 11 11 10 10
31 30 31 31 31 29
42 40 42 42 40 40
50 56 57 53 49 59
35 37 30 38 35 35
23 23 22 23 23 22
34 33 34 34 34 35
45 42 43 44 42 45
28 30 28 33 30 29
15 18 17 19 16 18
7 6 10 12 11 2
57 57 57 58 57 57
44 53 51 50 50 50
26 25 26 25 25 26
30 30 31 31 31 30
23 23 23 22 21 21
33 33 33 33 32 32
41 43 41 44 44 42
60 60 60 59 60 60
7 0 2 0 7 0
43 33 43 31 35 29
26 33 25 30 25 29
14 10 15 12 11 13
14 14 14 14 14 14
59 59 60 57 48 48
41 40 38 38 46 39
36 37 39 38 35 37
34 34 39 36 42 43
29 31 31 31 29 30
60 58 60 58 57 57
21 21 21 20 20 21
16 12 8 2 15 16
30 31 34 32 29 30
40 31 32 37 40 41
35 37 37 39 39 39
32 32 31 31 32 31
31 32 26 28 26 31
39 39 40 39 40 39
59 58 59 58 58 59
18 22 25 20 21 21
34 33 33 31 34 31
19 17 27 22 22 24
22 22 11 21 21 13
35 35 32 31 34 33
47 51 50 47 51 49
42 43 42 43 42 42
51 51 49 48 49 52
7 8 13 16 13 13
23 27 26 27 25 24
0 9 2 2 3 4
13 12 12 12 11 12
54 57 50 58 50 54
28 28 28 36 30 25
9 18 14 8 15 15
5 4 5 4 4 5
52 52 54 52 52 53
60 39
20 15 18 11 20 12
36 35 35 36 36 36
3 0 5 4 2 4
13 9 8 11 11 8
3 6 5 4 5 4
47 42 49 48 44 45
27 19 16 15 16 9
5 5 5 6 5 6
7 7 6 7 9 7
47 48 47 50 46 46
19 21 19 23 21 22
1 2 2 0 0 0
0 10 0 4 10 11
10 10 11 10 11 11
23 22 21 20 22 20
50 53 50 52 53 49
53 52 53 52 53 52
11 16 13 13 13 14
24 24 24 23 23 22
59 56 56 59 60 60
15 13 15 12 12 14
36 37 40 38 42 41
51 55 48 46 53 59
60 59 59 59 60 59
36 36 37 34 34 35
60 60 60 60 59 60
37 39 40 38 37 38
44 46 44 44 45 45
2 1 0 0 2 0
51 52 50 52 51 50
54 54 53 54 52 53
51 52 52 52 51 51
33 33 34 34 34 34
57 56 57 58 56 56
23 25 23 23 25 22
35 34 34 32 34 35
20 21 26 25 22 19
45 46 47 44 44 45
3 2 1 3 1 1
35 36 34 35 34 35
34 35 34 34 34 35
33 34 34 34 34 33
51 57 56 51 52 54
33 33 31 32 33 31
45 45 44 44 44 45
42 42 41 41 41 42
45 44 48 49 49 47
5 8 11 4 9 11
52 51 53 52 52 52
26 28 23 31 25 22
16 14 14 16 12 14
2 1 1 1 2 2
20 34 21 39 27 22
56 57 54 56 55 55
41 39 35 37 36 39
49 53 53 52 53 50
3 2 2 1 3 3
20 19 22 22 19 20
23 25 26 24 22 22
8 6 0 10 0 9
60 48
57 55 57 56 51 57
37 39 38 38 39 37
13 21 21 21 6 10
56 58 55 56 57 56
57 53 57 60 60 60
22 17 18 18 20 19
49 52 53 53 52 51
33 33 33 33 33 33
27 29 26 31 27 29
20 24 21 22 19 16
43 42 40 42 44 40
16 17 17 12 17 20
34 37 37 35 35 35
34 36 33 32 32 32
36 37 38 36 37 37
22 19 24 19 22 20
24 23 24 24 23 27
47 45 48 42 51 47
17 17 24 15 17 22
10 9 11 11 13 10
1 1 0 1 0 1
16 25 20 17 21 23
49 50 51 47 48 49
44 51 50 44 41 40
32 31 33 33 32 32
22 27 27 26 24 28
35 40 36 40 38 36
23 27 25 28 23 27
10 10 10 10 10 11
45 45 45 44 45 45
4 2 1 5 2 3
16 16 15 15 16 15
38 36 36 37 36 37
45 45 48 46 45 45
31 32 31 31 31 31
36 38 35 36 38 37
18 16 18 20 19 17
16 13 11 14 17 11
23 25 24 26 25 23
39 40 41 41 41 39
36 37 36 36 38 42
51 52 50 48 53 49
33 32 30 33 30 32
59 59 59 60 59 59
4 3 4 2 3 4
51 50 52 50 52 52
58 58 56 57 57 56
30 30 29 31 29 29
19 19 19 19 19 19
34 34 34 34 34 34
27 27 27 26 28 26
24 28 30 30 25 31
45 47 46 49 45 44
30 35 30 30 26 23
15 16 15 15 15 14
41 42 42 42 42 42
29 30 32 30 29 32
40 39 41 41 40 40
5 4 8 5 4 2
24 22 25 22 21 24
60 60
6 6 6 5 4 6
56 56 56 56 56 56
26 19 19 21 24 25
56 59 58 55 55 57
45 55 51 47 53 45
54 54 57 54 56 54
23 18 23 24 21 20
3 3 3 2 3 5
24 24 23 25 23 28
16 24 10 26 14 19
11 8 9 6 19 8
7 1 3 2 0 7
5 2 5 2 2 5
60 56 60 56 57 60
36 34 37 36 37 36
0 1 0 0 1 0
3 3 4 2 2 2
12 12 12 11 11 11
42 53 43 57 44 60
30 29 29 28 28 29
47 42 47 44 44 49
17 18 22 22 17 20
30 27 25 24 26 28
13 11 11 13 12 12
11 7 10 9 10 11
54 55 56 57 53 55
53 53 52 53 52 52
19 19 20 20 20 20
49 47 48 49 47 47
41 33 44 47 36 37
2 3 3 2 4 2
57 56 57 60 56 60
57 56 55 55 56 55
29 29 29 29 29 30
31 31 32 32 33 32
2 0 3 0 0 3
17 17 17 17 18 18
18 18 20 19 19 19
16 16 16 15 15 15
3 2 4 1 3 3
54 58 57 59 56 55
8 14 11 10 11 6
19 20 19 16 17 17
8 9 8 9 7 7
0 0 0 5 0 0
5 0 0 0 5 0
21 21 24 24 22 24
39 37 30 38 35 28
7 7 11 6 8 7
33 26 37 34 31 33
16 17 17 18 16 16
11 11 11 11 11 10
19 21 20 19 19 19
36 32 38 34 35 36
49 51 49 50 49 51
49 50 48 50 48 47
42 42 40 38 42 43
3 9 8 6 5 9
30 32 33 32 30 35
2 5 9 11 4 0
60 3
16 26 8 47 9 60
30 17 26 0 0 0
36 60 60 42 60 46
0 0 16 0 19 26
38 56 57 60 32 38
60 46 46 60 60 37
23 57 7 51 6 41
11 0 37 0 29 16
50 47 57 60 60 59
45 38 28 38 20 14
14 14 53 39 14 48
28 8 15 32 16 14
0 22 38 28 5 37
60 25 57 53 26 48
55 41 60 60 60 34
31 17 48 27 23 22
8 34 17 50 51 11
50 17 38 25 9 40
5 13 5 46 16 32
31 40 8 46 33 15
60 60 47 40 60 47
27 41 41 30 28 6
37 31 5 32 14 21
41 12 9 51 5 40
32 50 40 31 51 43
52 37 37 17 10 46
55 45 24 38 22 14
0 4 15 13 9 9
14 30 12 25 12 52
20 22 27 5 19 0
60 60 45 40 60 60
34 0 22 15 10 0
7 9 0 0 30 35
43 44 24 33 51 12
16 0 0 0 1 42
12 0 3 3 0 8
21 18 35 26 20 42
60 60 39 60 52 30
44 25 17 32 54 24
5 0 2 17 0 9
0 0 19 4 28 13
15 10 13 19 0 19
60 60 33 28 60 60
45 32 46 49 31 60
48 16 19 40 54 52
38 47 60 32 33 60
7 0 0 17 4 1
60 25 30 60 47 60
60 58 29 36 60 43
0 15 27 2 35 0
17 0 15 30 10 34
31 0 35 39 41 0
16 0 22 12 0 4
36 3 4 46 35 38
17 0 0 40 0 33
35 6 23 0 35 45
39 25 60 50 54 34
4 0 0 0 22 22
60 50 44 60 39 34
45 42 29 30 60 31
60 30
52 52 40 27 12 48
0 0 22 25 11 0
5 23 45 51 15 6
6 7 26 48 37 12
43 39 41 20 45 0
60 55 41 60 60 29
51 60 50 43 35 53
41 29 24 53 45 43
35 41 19 14 60 27
36 16 0 38 35 8
30 30 40 58 23 32
40 23 59 32 60 26
21 52 45 21 13 47
60 33 37 60 36 52
54 60 22 55 60 28
28 60 60 36 60 60
56 43 60 38 56 60
58 58 37 37 43 58
31 27 2 4 0 30
60 45 16 59 40 46
60 40 57 57 60 18
60 26 45 41 60 44
60 43 49 57 57 57
42 43 19 16 25 29
2 43 3 30 7 0
56 25 43 45 34 41
25 1 28 7 42 18
39 46 60 27 60 20
1 0 0 14 2 11
43 35 30 28 50 37
46 5 48 34 25 55
60 51 27 60 47 60
60 6 36 59 19 59
42 43 44 5 31 10
18 13 0 28 9 30
7 5 31 17 7 23
13 14 8 16 10 17
9 36 9 23 5 6
23 60 47 59 60 32
5 9 34 37 7 53
41 24 19 22 33 36
0 27 23 28 48 30
60 60 60 37 44 47
53 60 50 43 60 60
19 11 4 0 31 14
19 29 50 6 15 39
23 23 0 30 41 13
27 36 60 41 31 21
49 17 40 18 18 32
48 33 52 18 43 21
55 36 37 60 37 39
36 13 1 38 0 34
31 33 47 13 44 45
23 27 35 47 18 30
44 47 40 43 41 44
23 45 51 17 54 60
46 34 41 3 21 20
41 60 48 49 33 60
52 6 15 10 41 30
0 9 0 30 30 32
60 34
13 7 25 18 20 22
10 60 36 60 8 55
0 31 23 27 0 0
41 60 60 39 60 36
44 38 60 60 30 60
16 31 19 26 40 34
0 10 26 0 27 0
30 28 60 42 60 42
0 33 0 18 7 0
33 38 34 13 31 22
0 0 28 21 29 18
0 0 15 0 37 0
51 36 60 38 60 60
41 60 28 16 14 32
48 24 49 41 28 26
20 6 46 13 0 42
27 29 29 44 58 60
60 60 38 30 13 20
60 60 40 51 54 60
10 15 19 13 48 30
60 30 38 15 30 44
20 60 52 19 24 25
27 47 59 4 52 23
60 17 17 57 34 43
0 0 18 8 4 19
52 45 52 13 28 52
22 10 7 10 23 0
60 31 60 60 52 50
33 31 60 60 53 50
60 60 55 29 27 48
34 30 45 0 46 20
47 36 47 10 6 24
0 24 18 8 18 0
60 60 35 55 60 52
38 34 42 60 60 39
14 23 1 31 4 0
54 27 40 60 54 30
35 35 14 45 27 19
31 0 6 0 34 0
29 10 19 0 33 0
27 9 6 39 37 10
53 31 47 60 60 60
4 13 0 20 0 0
27 54 54 20 60 60
27 22 0 13 0 28
7 49 33 37 18 13
0 25 12 13 27 12
9 0 15 11 2 0
0 0 15 12 14 14
60 46 60 36 41 44
48 47 51 36 54 52
0 25 45 28 39 44
8 10 19 17 22 0
11 10 26 14 8 17
15 5 4 26 0 14
38 60 21 38 26 60
51 27 55 53 29 59
48 51 59 48 60 37
54 43 45 60 42 57
35 27 44 16 25 14
60 50
0 0 2 24 6 19
29 1 3 6 0 0
35 36 53 20 60 51
60 37 16 55 60 24
0 1 2 0 26 10
35 44 20 26 10 51
42 9 10 8 32 13
58 48 48 60 60 43
14 19 22 38 16 5
51 1 29 57 57 31
28 32 0 7 12 0
60 36 47 60 46 48
49 33 22 25 47 45
60 60 60 23 15 30
51 60 46 30 35 60
0 13 47 0 22 0
0 10 31 0 12 39
55 59 33 24 58 60
60 16 23 31 59 53
33 60 9 20 33 49
44 42 23 20 51 44
2 24 58 29 4 33
60 54 46 48 27 60
49 19 57 39 60 58
43 5 48 22 58 3
32 58 60 36 60 48
40 42 40 26 43 15
60 36 60 42 46 42
55 32 57 57 37 51
39 49 29 60 43 60
40 47 59 58 49 38
8 6 10 2 20 7
54 43 36 54 28 22
0 18 4 10 0 0
25 2 8 31 10 3
7 42 30 39 47 20
24 36 25 15 34 54
47 51 48 25 44 36
39 27 44 54 22 51
11 0 0 0 15 10
23 38 50 30 39 28
5 2 15 0 0 14
0 12 21 0 10 13
6 0 0 3 11 12
55 23 40 60 36 43
0 32 39 20 30 22
39 48 60 60 57 60
5 14 15 0 0 2
43 42 40 22 28 44
27 16 44 43 38 43
60 30 60 29 27 60
17 21 54 60 43 23
49 50 38 0 29 48
44 47 60 60 44 38
58 5 0 24 54 21
3 11 28 23 0 0
33 60 60 60 32 44
35 37 58 60 38 60
55 49 60 60 56 60
41 53 60 29 37 32
60 60
55 55 8 36 0 48
20 42 16 36 26 25
0 0 36 0 32 1
9 7 7 37 20 21
50 40 60 35 60 41
29 7 36 9 40 17
19 18 0 45 27 2
36 15 22 10 51 4
42 22 55 7 13 47
26 60 31 53 60 28
60 26 33 30 40 59
53 44 60 32 59 59
34 14 21 13 8 9
15 12 0 18 0 5
60 49 31 38 60 60
11 40 13 11 26 31
60 38 56 38 47 60
0 6 23 30 10 18
21 53 17 3 26 59
3 36 7 40 14 4
60 60 37 28 43 44
60 50 60 60 31 37
54 60 27 20 42 8
60 50 33 42 41 60
17 20 0 24 6 16
49 30 3 5 28 13
60 41 49 50 51 38
26 9 0 18 0 6
10 7 8 0 10 0
0 0 18 0 28 22
14 0 0 0 0 25
39 39 54 37 21 39
49 9 3 43 41 38
60 60 60 35 53 53
60 43 39 60 49 52
23 44 44 48 33 31
55 21 60 31 41 40
10 4 11 0 2 13
49 38 51 51 32 59
60 29 60 60 60 41
21 31 21 16 0 5
22 21 20 0 0 0
27 43 33 60 42 27
35 56 9 35 33 11
25 34 51 37 24 44
0 20 0 7 6 7
38 25 33 56 39 17
12 14 11 10 14 27
14 21 15 34 13 4
0 0 27 0 25 0
20 49 59 32 37 20
51 56 28 10 54 12
14 60 46 13 60 33
13 38 28 21 45 20
60 35 60 60 42 46
32 60 60 14 44 57
12 25 0 29 0 8
20 17 19 37 46 51
37 44 32 11 12 23
1 0 16 46 5 12
60 6
11 0 0 0 11 9
8 12 15 7 24 28
26 32 25 38 26 26
25 39 0 1 31 17
0 15 18 0 0 0
57 40 59 42 60 47
7 13 0 20 3 0
27 13 43 17 8 0
22 29 28 48 30 29
19 0 8 9 23 23
58 44 51 60 57 59
43 60 26 46 20 15
37 35 30 33 30 29
29 18 55 14 39 12
4 0 35 1 36 25
0 17 36 26 1 35
0 18 19 13 2 13
56 59 60 49 60 55
29 41 47 27 22 40
20 18 9 0 0 8
45 39 38 59 60 60
20 18 31 18 12 2
0 7 24 24 10 0
48 4 30 29 49 6
51 49 49 56 60 60
28 31 20 22 35 19
2 14 15 0 2 9
51 29 35 42 59 1
40 20 40 19 41 13
29 41 16 53 37 56
60 33 59 48 34 60
0 30 0 0 0 24
50 16 60 16 31 29
40 60 60 60 44 58
53 54 31 29 28 35
17 24 33 44 32 8
16 8 5 15 0 19
46 31 47 42 60 48
1 0 27 0 30 0
41 11 13 46 13 6
46 39 48 53 42 54
38 46 49 8 7 46
8 11 38 7 7 37
39 60 60 49 60 38
59 31 54 59 28 26
28 47 47 47 38 36
43 60 54 43 60 49
4 37 37 39 21 22
56 48 43 41 51 45
18 13 11 20 13 30
32 36 34 46 42 27
25 42 21 47 60 60
40 13 18 25 36 39
9 24 14 11 19 19
60 35 60 60 55 60
9 24 0 0 10 0
60 43 60 40 42 60
51 35 56 47 43 50
40 60 46 41 49 43
60 53 43 40 59 31
60 18
28 14 0 18 23 32
41 24 36 40 14 28
53 24 39 60 24 48
0 2 10 7 9 5
38 52 60 60 42 39
12 20 0 7 11 9
52 60 35 34 60 25
19 35 60 40 32 42
0 30 16 30 12 14
4 0 37 9 14 24
6 0 0 0 1 6
0 17 0 7 0 11
47 60 47 50 42 31
23 12 60 42 31 35
13 0 13 16 0 14
35 41 31 27 43 34
60 34 28 60 38 60
21 36 31 29 30 27
22 26 26 0 4 9
22 21 13 35 37 13
48 40 53 31 57 14
20 34 32 18 33 15
44 60 46 48 59 57
28 0 26 33 11 34
22 16 24 34 22 26
60 28 56 60 43 21
36 21 6 19 7 30
13 6 6 16 3 0
43 16 15 13 12 13
0 12 11 44 28 26
0 32 32 22 18 4
26 33 38 27 32 36
0 29 22 0 25 0
42 1 0 0 9 41
5 32 3 5 4 20
43 43 60 39 60 60
33 23 46 38 34 41
48 32 47 50 31 56
31 8 19 0 6 6
55 54 57 57 48 54
0 23 26 12 32 0
48 53 45 57 54 60
43 49 40 13 10 57
56 49 54 42 43 50
40 42 28 1 34 0
4 5 38 3 27 4
56 39 45 35 33 20
58 50 8 45 28 28
36 31 55 57 47 60
39 48 52 60 60 38
43 59 60 60 60 54
20 13 28 14 8 0
14 0 0 17 0 11
2 36 10 20 42 7
16 26 13 15 38 34
60 60 40 45 41 42
0 25 12 29 11 7
0 7 12 30 42 21
28 43 42 23 8 43
60 48 49 60 28 60
60 41
8 0 3 0 25 14
0 0 7 11 10 3
60 47 37 41 51 41
41 50 6 39 42 11
14 9 14 55 26 17
41 57 42 60 32 42
3 24 0 12 21 0
48 27 48 37 30 47
0 0 1 1 1 1
46 27 52 46 37 27
8 6 3 4 7 0
24 31 37 47 17 32
45 37 47 12 23 37
3 10 41 10 16 3
9 11 3 11 9 0
45 44 49 39 47 52
10 4 11 18 6 8
24 30 9 1 0 0
4 19 10 16 18 4
58 36 60 59 60 58
54 23 16 23 60 60
55 30 39 36 60 60
8 17 0 33 17 10
38 43 36 36 58 54
38 16 31 35 42 46
23 60 29 58 23 51
35 15 22 28 7 51
20 18 20 32 39 31
23 24 42 41 24 52
30 32 37 60 37 29
60 41 39 60 52 60
20 11 0 21 0 0
0 28 16 0 2 6
0 38 24 24 5 26
0 14 0 6 3 18
55 22 27 44 14 48
42 50 30 30 36 52
28 28 10 38 17 38
46 47 60 54 60 60
0 0 0 21 4 27
0 18 16 0 15 5
53 16 17 38 54 29
55 60 41 44 60 60
34 15 0 0 0 16
47 56 45 53 43 31
15 0 36 43 42 18
60 51 53 51 60 55
12 3 13 0 10 1
0 18 3 21 2 37
22 28 44 32 24 19
3 0 8 0 0 21
32 38 44 42 32 38
33 31 35 33 45 46
11 38 24 26 25 35
20 24 0 3 9 0
18 16 60 52 60 54
40 32 5 16 34 0
46 60 42 45 60 35
30 26 13 20 44 11
36 30 36 50 42 18
60 57
43 13 30 46 13 29
0 8 10 18 9 9
24 28 40 25 50 30
60 48 44 59 56 60
59 60 60 59 40 44
47 30 60 60 60 60
37 57 34 60 42 54
8 36 24 20 7 37
55 58 57 52 51 44
0 0 7 17 14 20
55 60 27 36 49 55
55 51 60 42 43 50
42 38 41 0 15 22
35 12 42 45 39 16
37 60 41 57 42 60
0 1 17 0 0 15
32 60 36 50 51 37
0 0 7 7 9 0
60 60 60 55 56 51
6 0 12 17 0 10
8 56 60 34 51 38
60 55 20 44 42 29
20 27 13 10 5 2
49 56 60 60 52 52
7 26 30 7 21 27
44 52 60 50 60 52
50 55 54 52 37 48
0 0 11 5 37 30
46 39 48 51 59 40
34 15 25 48 49 32
19 8 6 23 28 14
3 1 9 0 0 4
22 15 50 9 11 35
16 22 28 26 13 22
60 54 40 36 57 53
60 60 25 60 53 46
0 0 4 15 0 8
37 50 36 26 50 54
2 0 1 0 2 2
0 16 0 0 19 0
29 21 38 25 26 14
58 31 21 21 36 33
0 0 20 15 16 19
0 13 0 4 22 3
49 60 60 57 60 58
33 46 49 44 46 47
3 0 22 0 19 19
34 42 13 30 27 40
27 4 25 31 0 10
30 42 47 31 35 60
25 0 30 0 4 17
12 56 28 26 15 10
55 21 60 22 16 18
38 29 27 41 42 45
0 23 12 36 2 20
26 11 0 25 0 0
41 27 39 36 52 37
32 55 32 32 60 32
2 34 25 43 22 7
17 11 40 25 51 54
60 60
41 22 20 27 4 29
28 39 36 33 30 15
6 43 28 42 44 44
29 32 0 0 1 30
60 14 35 26 29 33
6 13 24 3 0 1
0 8 12 0 14 14
27 0 0 0 17 12
37 30 47 30 38 38
43 37 46 60 56 48
59 44 54 41 49 42
0 28 11 0 9 0
19 2 0 20 0 0
0 0 0 3 2 15
2 4 5 29 18 31
32 43 48 47 51 30
14 9 9 36 24 13
42 21 29 36 22 12
40 41 43 60 60 57
50 55 54 35 23 39
17 22 5 0 34 32
20 22 40 27 44 23
51 51 60 60 42 60
51 60 60 41 40 56
50 36 31 48 38 34
59 52 60 53 48 45
36 24 44 17 46 46
55 60 60 54 51 60
27 16 34 26 25 0
38 14 35 39 40 9
31 17 23 11 9 12
58 49 37 25 21 12
0 26 25 14 0 23
52 57 46 58 29 50
22 12 8 0 24 0
16 28 49 42 60 32
25 57 37 15 57 52
53 60 60 55 47 46
34 31 49 29 15 20
38 53 19 9 3 45
60 32 33 60 60 60
59 55 43 58 37 60
60 44 40 53 41 46
0 9 13 15 1 0
51 60 60 60 59 46
43 60 26 34 46 25
55 60 56 53 52 60
35 0 3 34 0 33
31 32 60 14 57 28
47 60 37 43 36 34
60 24 55 33 29 55
52 60 45 48 42 60
0 0 0 0 26 24
12 13 24 1 2 0
25 14 15 10 17 13
60 25 42 23 60 57
44 58 60 57 55 56
60 36 57 60 52 48
20 11 22 5 7 25
60 25 34 34 60 45
60 7
25 40 21 28 28 44
8 48 2 44 32 49
20 10 11 14 21 18
49 33 48 45 33 48
48 36 38 60 60 55
20 32 38 31 43 19
17 20 20 10 17 14
13 18 4 21 16 0
3 6 2 5 8 5
30 40 34 60 54 47
22 0 0 11 24 0
0 0 13 19 0 0
24 59 56 60 23 60
60 60 54 55 60 42
2 11 3 3 11 9
60 54 52 60 37 53
45 42 25 38 26 24
18 35 13 33 33 25
29 34 29 38 27 29
30 38 40 33 55 34
60 59 60 56 56 60
28 18 38 50 30 39
60 59 60 60 54 53
34 40 34 32 37 37
25 25 7 13 31 14
38 47 47 32 39 51
5 22 1 24 24 24
60 42 53 29 28 40
45 29 50 39 22 35
4 16 9 14 7 6
9 8 0 0 0 4
27 0 31 26 26 33
26 27 29 22 14 17
35 12 23 12 12 1
42 31 51 36 44 51
22 31 30 34 26 15
42 44 23 27 39 26
24 17 18 21 21 16
49 53 49 28 60 45
18 40 15 17 41 33
9 0 11 8 0 11
0 0 0 1 4 5
37 29 34 28 24 23
20 17 26 30 32 57
36 40 25 47 51 60
25 20 22 23 2 0
14 15 21 14 19 17
6 9 8 8 8 8
57 60 60 46 48 59
40 60 60 54 52 37
18 22 13 14 10 32
14 17 18 18 14 17
22 6 29 20 25 15
59 30 59 54 60 25
30 17 25 21 23 31
44 36 25 38 42 26
60 52 42 50 53 43
36 36 26 35 40 41
8 0 18 10 13 0
49 44 51 52 51 52
60 19
12 8 9 1 0 2
22 22 27 15 15 31
23 60 38 50 30 35
0 1 0 10 0 8
57 50 48 43 46 30
46 32 60 29 27 43
31 34 8 9 33 29
16 36 29 49 40 23
3 5 3 9 15 8
3 9 6 14 3 9
21 7 14 51 31 50
27 40 50 48 21 15
40 42 50 51 60 60
43 38 38 47 52 56
33 12 18 19 48 27
49 36 52 49 48 45
0 15 0 23 20 7
4 21 9 43 10 32
0 14 10 0 27 5
45 57 60 42 51 44
17 6 0 0 26 20
28 11 22 14 21 21
17 9 35 26 7 27
39 39 34 36 28 37
24 5 32 4 16 22
14 10 22 36 29 33
43 39 47 28 28 31
57 60 60 57 56 60
20 19 31 22 30 21
60 41 41 60 60 60
44 30 58 60 60 60
36 26 31 34 26 25
56 60 41 46 60 54
60 60 39 60 46 29
18 33 19 27 17 13
25 41 43 36 26 21
39 27 46 33 43 30
18 14 17 26 8 17
40 42 47 40 53 59
38 38 2 26 48 45
0 12 18 16 28 16
60 37 40 37 31 42
43 39 41 46 47 50
20 24 23 3 5 20
0 10 20 23 0 25
37 42 38 56 40 48
44 60 51 59 54 60
3 14 12 0 5 0
49 37 42 50 44 47
0 36 25 0 29 0
41 45 59 38 58 46
0 5 0 4 0 0
17 3 13 51 50 55
36 58 60 36 47 60
17 38 38 22 35 12
15 45 28 25 15 11
21 6 17 0 16 22
60 47 58 53 60 60
60 47 39 52 55 60
41 33 29 37 41 29
60 40
17 18 19 27 25 10
11 8 14 13 12 0
42 25 21 34 34 20
57 59 58 60 60 60
27 20 52 41 25 17
9 12 21 22 7 18
18 25 30 33 10 12
23 20 19 0 27 26
6 25 11 32 41 5
25 33 45 24 39 46
35 42 43 32 36 34
53 54 56 55 58 55
52 51 43 48 52 41
50 60 50 56 56 57
19 22 32 26 28 29
19 23 8 21 7 3
60 57 60 60 56 45
19 49 33 25 53 60
8 13 9 27 27 22
49 46 51 41 53 33
11 10 7 25 26 17
48 60 44 60 58 26
57 46 60 45 48 60
37 48 55 49 32 59
12 12 9 7 9 10
50 44 60 60 60 45
17 19 19 19 20 19
17 11 14 21 22 7
43 44 38 46 41 45
60 60 49 59 43 56
12 5 8 12 18 15
10 5 17 15 5 1
55 57 60 49 49 48
49 51 60 52 60 59
43 46 36 51 40 56
7 15 0 23 13 0
16 23 5 31 22 7
33 21 34 17 7 30
45 45 49 52 44 47
33 22 29 30 22 31
52 36 59 60 48 36
18 26 17 26 15 22
55 52 58 28 34 60
43 59 60 34 37 43
13 13 11 12 13 13
42 35 19 24 34 30
7 8 10 11 12 13
27 11 11 29 34 11
30 13 25 39 40 20
39 60 60 60 48 45
14 27 41 22 17 44
18 22 37 27 39 30
0 0 22 24 36 35
57 48 52 58 53 50
21 24 27 32 44 18
35 39 39 43 37 28
22 14 34 23 32 15
30 24 15 16 17 25
7 4 0 19 2 0
60 60 54 58 43 57
60 50
15 20 22 3 2 24
46 22 29 48 43 45
50 47 48 54 53 54
11 0 0 2 13 9
53 52 21 27 60 38
12 4 15 8 7 24
11 48 31 50 8 7
40 46 20 47 47 31
16 15 9 20 18 16
5 0 11 11 0 20
14 43 37 21 23 44
8 15 24 7 19 17
1 0 0 0 9 14
49 60 60 52 49 56
23 23 37 30 13 23
7 0 12 2 0 0
57 52 60 48 60 55
10 0 0 0 20 0
15 24 15 23 17 17
7 39 14 0 35 36
34 45 25 47 38 28
33 52 32 29 58 60
8 25 4 10 9 15
27 0 0 0 0 16
0 13 0 0 0 15
54 50 52 58 43 57
9 9 8 2 4 0
49 45 37 45 40 36
57 35 51 45 55 43
40 44 52 47 41 42
53 52 49 53 53 54
27 27 28 21 22 34
53 50 51 51 48 52
23 44 28 19 54 23
40 31 37 34 35 25
36 27 43 50 35 41
57 57 52 42 60 42
0 0 27 0 4 7
22 36 21 34 51 24
60 29 47 56 39 38
29 30 43 34 43 29
0 42 34 2 30 9
10 6 9 16 0 6
7 7 9 6 19 0
35 35 36 32 31 32
0 25 0 0 37 17
30 24 19 20 21 21
30 25 30 29 27 30
46 47 48 46 50 50
0 6 15 14 0 11
44 57 60 58 56 56
52 46 47 35 51 45
44 47 48 37 43 37
38 21 11 7 8 15
17 21 18 15 17 14
20 59 54 39 48 27
56 60 46 58 60 60
60 52 58 55 53 60
41 58 59 52 58 57
44 27 33 43 47 36
60 60
55 40 60 60 60 45
60 54 56 53 60 59
20 5 29 7 3 32
21 19 22 19 19 20
30 10 28 36 9 40
24 59 40 60 37 44
9 10 39 35 11 9
30 34 19 29 36 19
5 27 0 24 13 22
2 6 21 9 23 17
25 24 27 24 19 14
0 7 0 4 5 4
30 8 25 26 9 8
0 5 20 15 0 0
17 16 36 21 21 27
36 60 60 60 38 58
58 31 55 36 35 31
21 8 5 9 19 7
60 60 37 60 45 44
32 26 37 15 30 34
21 23 2 22 13 23
0 4 0 6 5 4
23 30 32 46 51 28
17 25 41 36 46 31
51 34 44 48 50 60
41 25 37 38 40 36
43 52 58 43 42 44
60 60 54 43 59 50
60 44 53 54 52 55
55 54 54 44 58 52
60 58 60 54 56 60
60 50 46 51 52 53
60 45 43 60 51 60
21 21 18 26 18 21
47 54 52 49 46 35
37 56 34 27 31 50
38 48 53 50 43 45
49 28 30 27 46 47
51 48 42 51 44 44
22 20 22 18 16 20
56 49 60 60 43 60
11 52 40 7 20 34
18 10 13 2 0 15
43 60 52 44 56 60
58 60 49 60 60 55
0 8 13 22 0 0
29 4 23 15 26 10
20 17 0 2 0 8
44 60 21 44 60 44
32 46 35 36 31 46
47 60 52 48 42 60
47 58 30 50 52 52
22 27 37 42 20 16
44 26 38 30 57 41
36 58 25 33 37 43
26 0 0 23 20 8
26 43 24 37 25 39
20 46 41 36 50 49
22 0 1 5 0 17
60 46 58 60 56 60
60 6
17 13 20 13 14 12
13 16 13 11 12 16
52 50 50 49 50 53
33 33 25 31 34 31
9 16 16 9 11 9
36 36 37 33 33 37
5 16 0 6 15 6
32 25 21 33 23 18
55 55 53 55 54 52
13 2 12 2 15 9
29 19 23 16 16 16
20 23 17 22 19 13
40 39 38 37 39 49
50 47 45 52 44 47
53 60 55 54 54 53
6 25 1 11 27 19
23 22 19 21 21 20
53 54 52 50 49 44
10 3 10 0 4 10
7 0 0 5 0 0
53 45 49 44 49 39
35 33 36 30 28 36
57 56 60 60 55 59
44 52 47 57 48 45
23 27 18 20 15 25
12 10 13 11 16 11
46 58 42 41 42 59
46 41 48 42 48 45
2 0 4 5 5 2
50 54 60 52 51 60
39 40 41 40 40 39
21 27 16 17 28 23
46 43 49 51 42 41
12 16 11 11 15 13
40 32 41 38 33 29
24 22 22 18 24 19
42 45 42 42 42 44
10 4 7 4 12 6
3 19 0 6 17 14
24 25 23 23 25 24
12 5 13 8 7 13
46 46 45 47 43 56
51 52 45 37 51 36
8 5 6 3 7 5
8 15 10 9 15 7
40 38 41 43 33 35
32 43 43 34 42 45
15 16 15 15 15 14
9 17 20 13 13 17
33 34 34 33 32 34
34 36 30 31 28 35
31 18 10 27 33 25
7 3 0 0 0 1
53 50 54 60 60 60
22 19 22 26 26 26
31 32 31 30 29 29
39 42 40 42 39 35
1 3 2 4 5 3
30 23 31 21 19 28
38 46 44 45 43 39
60 29
10 8 9 9 9 10
13 14 12 14 14 14
2 16 8 19 0 5
57 58 57 56 57 58
38 25 27 47 27 31
27 26 25 27 24 28
12 41 14 42 35 41
40 43 36 41 40 33
14 7 10 1 4 0
51 44 44 42 50 52
30 14 15 31 16 31
26 24 26 28 24 28
13 2 1 0 14 0
24 19 21 18 17 13
5 2 7 3 8 10
23 23 30 29 26 25
29 49 44 49 44 49
57 59 60 59 59 60
26 35 28 26 27 30
29 27 19 13 29 28
37 37 34 30 38 40
22 16 31 28 26 18
35 41 45 47 33 34
39 52 41 47 45 44
32 38 31 34 32 37
17 22 16 25 29 16
3 16 0 8 20 3
23 25 29 29 31 30
37 39 33 43 41 31
27 25 24 24 28 31
9 12 12 6 7 12
7 0 2 5 4 7
10 11 16 11 14 11
13 3 6 13 4 4
17 13 12 3 0 14
53 56 58 54 54 55
9 10 11 11 12 12
23 19 19 26 24 22
13 29 23 27 30 16
29 25 38 41 35 25
11 11 11 10 13 12
13 16 24 9 25 14
19 42 30 47 23 14
39 44 35 58 47 51
12 5 6 0 6 3
7 4 7 0 2 3
17 16 23 12 22 26
37 31 34 40 40 34
30 27 44 39 42 27
50 49 49 51 47 49
34 34 32 33 34 34
9 7 0 0 0 0
35 37 56 59 41 51
21 21 24 17 23 15
47 41 39 44 54 45
25 26 26 21 23 27
19 23 19 20 21 15
7 11 4 8 10 0
27 27 25 25 26 25
8 4 17 3 8 16
60 45
27 25 27 30 28 30
54 59 56 60 54 57
60 49 60 49 50 57
47 46 46 47 47 46
35 31 18 20 22 37
34 35 37 42 43 40
30 37 30 33 36 31
60 60 60 56 60 57
38 46 32 31 36 35
7 11 14 13 13 12
17 14 18 17 13 20
42 52 51 57 59 55
53 53 53 54 57 57
0 0 12 4 0 4
58 59 59 55 54 57
60 46 51 50 60 59
19 25 21 21 23 21
25 13 14 12 15 17
12 9 12 12 8 13
16 20 20 19 17 22
3 18 1 0 5 13
25 23 23 21 20 24
13 17 21 17 13 11
41 45 44 41 44 42
3 4 1 1 11 9
57 59 57 57 60 57
50 50 52 58 56 57
42 32 41 35 42 30
23 13 13 15 14 24
50 50 50 50 50 50
11 13 13 11 11 9
10 11 0 0 8 2
13 13 12 2 6 9
43 44 43 44 44 44
36 41 24 27 23 40
16 12 10 6 13 6
27 26 27 26 27 26
54 58 57 56 52 55
18 21 11 10 15 5
44 41 47 46 40 47
52 56 59 58 58 54
7 9 0 0 1 0
15 29 13 19 16 26
12 10 10 13 12 13
9 20 19 19 19 6
8 12 10 15 2 15
26 21 22 26 24 17
2 3 8 0 6 0
1 9 2 2 5 1
50 47 48 49 48 45
60 60 60 60 53 60
32 22 35 32 25 20
56 58 56 58 59 55
17 8 13 9 17 14
22 26 28 29 27 17
16 16 14 11 21 12
49 44 59 47 50 48
53 46 55 43 42 49
0 7 9 0 4 0
19 20 15 22 16 20
60 53
11 13 14 12 13 12
32 37 31 35 40 43
41 45 43 40 44 49
55 49 47 50 52 50
24 23 25 24 22 23
48 40 40 47 42 45
51 52 55 53 60 49
47 47 45 47 46 43
50 53 50 46 48 48
12 11 27 14 23 26
35 36 37 35 39 36
60 60 55 56 60 60
8 7 5 7 10 6
36 44 50 56 54 55
48 45 45 47 47 46
60 44 42 47 60 48
32 33 35 33 32 34
19 20 28 34 13 18
0 5 7 0 7 0
16 29 20 28 28 26
8 0 4 6 0 1
57 51 53 54 56 48
49 46 48 42 51 47
58 60 60 47 49 60
49 54 51 54 52 52
12 16 7 17 13 13
51 51 52 45 54 49
46 54 44 45 45 44
40 38 36 43 42 44
1 0 5 12 6 2
35 28 31 26 40 39
32 36 33 40 39 34
60 54 51 57 60 56
17 18 20 15 16 15
5 0 0 3 8 2
52 55 55 59 53 60
6 4 7 10 5 8
23 24 25 24 23 24
1 0 1 7 7 10
53 59 55 58 47 51
8 0 15 16 0 3
25 24 24 25 24 25
23 31 27 25 30 27
0 0 0 5 6 0
14 15 20 16 12 15
42 45 45 45 44 41
26 37 31 32 27 31
60 46 58 52 53 50
38 38 39 37 44 40
56 48 49 53 49 59
60 59 50 59 58 60
32 36 32 39 37 39
44 46 49 44 45 51
15 11 9 8 19 18
45 45 42 42 46 44
48 47 49 52 47 48
38 31 40 40 40 40
40 36 36 38 36 37
42 52 43 53 51 58
36 31 24 24 29 32
60 60
55 56 56 48 58 57
25 28 28 21 27 27
59 59 56 54 48 50
33 30 32 31 34 24
8 14 22 0 16 22
7 9 4 6 9 8
8 5 11 6 9 3
16 21 10 11 13 13
21 20 15 13 15 19
8 9 9 8 10 8
17 12 13 17 9 17
37 35 37 34 30 34
24 12 24 21 18 17
5 4 0 0 2 0
57 56 54 59 60 60
42 46 41 43 39 44
28 25 30 27 29 25
18 11 12 13 14 14
31 31 31 30 30 30
17 17 14 11 8 10
54 49 48 56 52 50
45 52 47 48 46 46
26 46 41 22 16 22
48 50 46 40 40 43
39 33 27 40 23 20
28 39 21 32 30 27
22 22 23 22 21 23
40 39 43 38 41 47
29 32 33 37 35 33
20 20 31 27 24 29
15 12 4 22 2 10
12 9 12 10 12 16
23 22 15 25 26 27
11 10 8 2 3 7
46 44 43 45 44 45
43 36 36 42 37 40
31 48 55 35 35 58
50 49 46 48 50 49
40 35 35 46 43 33
19 15 13 23 20 23
14 1 15 0 0 22
0 3 12 9 8 0
36 27 24 28 24 23
7 8 3 10 6 3
4 3 4 4 4 3
6 4 9 6 3 0
15 15 20 19 27 15
33 42 38 32 40 37
21 27 21 23 24 21
18 19 0 11 8 9
38 34 33 35 36 33
41 37 34 40 35 37
52 57 55 54 59 55
6 21 20 14 18 20
31 17 23 21 18 26
0 0 0 4 4 1
18 13 10 10 25 20
6 18 6 18 0 0
47 48 48 42 44 42
23 25 22 25 15 19
60 10
60 50 55 42 60 47
0 0 42 21 38 25
0 6 0 14 8 5
45 31 31 54 60 37
20 11 14 24 31 36
37 60 24 54 41 41
28 2 29 32 7 8
36 37 39 30 60 49
39 60 51 60 49 57
35 36 44 38 39 43
52 57 13 27 25 54
0 0 22 19 15 30
19 40 34 17 47 25
29 39 33 60 44 56
51 56 22 21 60 34
0 7 17 0 17 11
41 24 19 11 0 0
0 0 23 15 0 33
37 35 60 47 29 47
19 28 45 40 60 58
30 26 43 50 29 46
36 0 52 11 33 39
51 32 60 60 44 41
37 45 40 60 51 60
50 26 34 36 46 25
60 41 24 41 56 54
60 27 60 47 51 51
2 20 56 9 31 27
56 56 60 18 23 46
9 7 41 47 40 34
36 25 18 37 7 35
37 49 19 60 45 41
44 26 32 22 30 34
37 17 60 9 34 26
25 38 41 60 60 22
29 28 3 24 26 14
6 4 27 23 24 32
24 18 21 34 13 52
50 49 40 34 35 60
29 22 41 16 4 41
27 10 0 5 0 2
29 60 54 60 41 60
16 22 42 28 23 20
60 32 60 52 48 60
34 14 3 19 0 5
60 38 59 60 55 20
50 60 32 60 31 59
49 32 25 44 46 58
52 35 60 48 56 60
31 0 27 21 35 0
17 0 0 0 19 0
24 0 0 0 3 10
28 25 0 19 0 0
20 43 58 54 60 56
60 60 24 23 60 50
45 47 57 60 60 60
8 5 7 11 33 0
0 0 21 17 28 0
22 0 10 0 0 31
0 4 12 21 28 29
60 29
43 60 31 27 60 60
48 39 45 10 52 41
39 52 57 60 60 41
60 59 51 60 57 27
56 22 55 47 38 30
33 26 29 60 51 12
24 21 57 52 10 9
36 11 21 20 50 24
24 13 60 22 39 41
20 25 29 0 11 52
28 9 5 7 6 10
40 47 2 27 16 50
52 20 8 12 2 12
31 60 55 35 23 60
36 41 10 42 59 52
17 60 30 10 52 60
27 44 19 53 13 10
60 51 42 29 60 58
60 60 25 40 47 34
47 6 35 8 0 0
39 5 39 0 8 0
60 47 50 44 60 45
21 12 0 33 24 13
25 0 0 12 15 0
17 18 16 28 0 0
1 1 0 32 13 0
10 9 2 16 45 33
8 0 0 49 0 21
41 19 10 56 49 47
0 14 21 22 0 0
31 0 0 0 14 16
60 43 50 35 56 60
38 48 48 44 60 60
60 54 60 49 31 60
60 48 50 57 48 45
22 47 3 55 1 42
60 28 31 30 47 60
59 44 23 19 20 32
29 53 60 18 15 60
10 3 35 32 6 39
17 26 7 56 14 23
13 0 3 12 0 18
0 0 0 11 15 20
34 60 45 60 32 32
60 43 52 60 33 60
0 30 0 17 13 0
21 10 30 40 54 54
22 17 15 23 23 43
0 17 17 12 31 23
60 34 60 43 34 60
43 51 20 17 4 52
21 2 18 27 4 22
32 59 43 21 34 46
7 0 11 32 0 0
60 60 52 49 34 60
58 32 60 36 25 60
11 4 51 31 22 28
37 9 60 52 36 54
52 57 60 56 55 60
50 39 1 9 17 2
60 40
49 60 60 60 19 41
0 2 29 0 0 8
0 45 0 11 16 1
56 60 60 60 24 37
0 36 20 14 12 51
12 19 4 0 0 1
35 46 22 60 18 29
5 9 23 14 3 9
25 17 39 54 38 60
27 52 39 54 30 22
23 40 60 52 51 60
12 49 52 35 9 39
24 0 5 9 9 0
24 60 42 60 31 43
19 33 28 25 0 26
19 16 17 37 17 11
11 31 30 20 24 35
51 31 53 0 16 26
0 17 11 0 0 16
16 0 15 0 1 34
51 60 45 37 60 39
28 32 57 52 58 15
60 60 49 27 30 23
32 11 20 33 0 10
0 11 16 16 11 0
1 27 4 0 13 35
9 44 14 44 32 60
32 35 27 21 36 0
20 46 50 13 41 46
60 60 48 50 46 29
41 17 42 26 16 18
13 4 0 35 35 40
54 40 60 50 29 37
47 49 60 60 37 60
51 60 56 55 51 51
49 22 46 26 51 11
23 34 0 39 2 13
60 60 34 56 60 60
13 0 26 34 0 10
35 35 33 9 19 8
35 60 60 46 60 60
11 18 22 35 31 52
21 13 13 4 50 10
37 53 54 45 60 47
42 60 59 59 34 60
6 56 25 32 0 17
42 55 13 51 35 10
45 44 52 47 46 51
60 21 42 26 18 44
55 57 27 60 60 57
0 25 0 2 0 20
31 32 22 17 15 53
20 29 48 9 18 36
34 60 16 32 55 21
3 25 23 1 34 0
29 46 12 40 32 11
36 16 11 1 21 12
54 23 30 32 55 37
3 0 9 4 17 10
22 2 0 30 0 0
60 55
14 11 0 11 0 0
39 60 38 56 42 60
22 59 60 32 60 47
60 44 10 44 15 39
51 31 52 50 30 41
24 25 22 60 41 15
14 33 53 35 22 46
4 29 9 4 25 3
49 39 60 37 60 60
53 60 45 43 60 22
17 18 53 25 14 40
36 0 2 0 32 16
60 42 43 60 25 51
26 7 15 41 0 44
37 46 14 17 54 60
60 32 60 60 50 60
0 39 0 38 0 45
1 43 0 28 0 40
30 42 11 55 16 45
20 60 43 9 42 50
37 6 6 36 51 41
28 60 60 60 28 60
4 48 25 30 11 53
9 40 0 41 46 0
0 0 31 25 18 0
0 12 27 0 43 0
50 7 51 5 41 17
47 44 52 46 56 55
60 53 15 49 46 8
0 30 0 0 16 0
24 35 60 55 28 53
60 35 26 20 60 41
0 0 0 28 1 0
34 17 22 0 34 0
0 22 25 25 9 3
20 1 36 27 38 0
0 0 4 0 0 29
38 22 29 44 46 27
23 4 0 0 16 30
18 29 6 17 49 29
2 2 8 10 7 60
40 0 4 0 39 1
25 46 2 21 15 1
10 0 0 9 22 14
47 25 30 51 13 52
1 3 22 0 0 15
17 60 33 52 19 17
56 41 60 60 30 29
13 13 7 13 4 43
42 15 45 48 51 60
29 55 60 31 25 60
56 46 59 37 58 26
0 40 42 1 30 39
0 37 13 43 3 45
25 60 43 30 28 40
25 48 30 48 19 42
0 36 10 48 26 2
27 29 60 60 51 34
34 6 0 29 34 1
15 54 26 49 10 5
60 60
42 17 29 45 58 21
58 41 60 60 60 46
24 17 20 20 7 18
20 7 0 2 0 31
52 0 19 51 14 5
33 45 41 57 46 60
42 60 60 45 60 31
6 15 10 36 50 25
58 12 29 46 31 22
42 10 0 0 12 11
13 0 0 3 30 2
6 0 0 13 30 0
48 47 46 60 50 60
14 16 0 0 23 6
18 18 3 0 35 31
52 51 30 60 60 60
52 60 51 47 56 54
21 32 40 17 0 0
2 18 27 44 29 56
3 0 0 0 18 10
60 35 60 60 35 44
59 60 60 44 53 60
51 44 60 28 33 60
27 13 25 17 43 4
25 9 0 1 15 1
59 24 33 54 34 16
39 6 16 31 5 14
37 60 60 58 22 54
54 51 60 39 57 40
11 23 21 38 16 2
0 8 12 0 0 5
0 13 0 27 8 0
4 0 20 16 13 15
8 20 0 4 0 1
0 15 28 8 29 8
60 60 43 49 30 56
44 34 60 42 60 40
35 30 35 44 45 52
41 41 60 60 42 14
23 21 53 60 36 56
3 1 37 33 18 2
49 60 34 49 60 43
20 41 50 55 22 60
34 60 51 33 32 37
14 23 39 19 0 30
59 60 51 59 25 33
5 13 40 20 54 50
23 13 5 39 51 25
15 0 0 17 0 15
36 18 40 31 55 28
24 53 43 60 30 50
60 60 60 43 41 54
6 22 18 0 28 6
29 24 19 24 1 24
37 42 57 60 60 32
22 20 29 8 33 13
28 0 0 18 13 7
45 16 36 45 33 15
60 60 60 40 60 49
5 51 23 47 32 2
60 3
60 56 55 52 60 41
54 32 60 28 45 59
16 34 49 56 56 50
38 3 0 49 29 48
50 60 44 53 60 58
19 5 39 60 48 27
23 12 43 50 36 7
34 20 0 0 9 13
29 28 34 31 52 33
51 46 20 43 22 26
10 23 54 0 55 44
31 8 13 5 5 0
49 0 30 18 21 15
60 46 36 60 47 22
29 30 43 14 34 48
56 58 30 32 46 60
11 4 0 14 0 11
0 0 22 0 40 38
60 29 25 15 34 31
3 15 4 55 33 14
20 0 26 21 23 26
37 0 19 0 0 0
29 0 13 6 0 20
39 44 60 60 30 36
38 24 30 39 60 48
39 4 19 42 2 40
45 23 0 42 0 8
21 0 6 11 0 20
0 16 0 0 7 26
57 37 60 60 60 45
8 0 22 10 7 10
6 0 0 16 28 29
60 52 44 39 38 60
31 28 35 32 28 33
48 60 44 58 60 36
60 59 51 60 56 44
27 5 9 30 35 35
23 51 60 60 60 29
50 60 60 51 40 38
0 14 11 30 51 2
22 31 60 60 60 32
31 19 29 32 0 38
48 18 26 20 45 12
0 16 1 22 3 20
36 60 60 30 60 25
27 60 40 39 60 34
8 39 44 17 35 21
27 39 60 60 38 60
32 32 24 34 55 21
5 21 38 0 31 27
35 28 60 39 36 22
30 60 22 43 23 20
16 34 0 11 0 44
18 0 24 14 4 4
28 59 22 27 35 60
37 51 49 30 60 60
18 45 57 20 60 32
36 51 22 36 41 42
31 16 10 50 23 49
23 0 18 0 0 15
60 30
44 60 60 17 46 30
15 0 18 14 4 0
56 37 38 53 60 56
39 45 46 60 60 47
60 52 40 52 43 60
0 15 34 23 41 8
0 20 0 15 15 2
37 47 21 28 35 4
20 35 25 48 44 36
59 35 60 39 50 39
19 60 60 60 43 55
6 32 46 0 41 3
54 43 24 57 17 18
60 50 53 50 42 48
41 36 60 35 54 60
41 36 25 44 41 34
0 0 9 0 41 0
60 27 33 60 39 59
43 45 5 18 60 49
30 45 21 40 58 24
3 0 38 27 8 37
11 29 30 14 37 6
45 32 55 43 51 11
26 31 49 8 56 51
27 28 25 37 33 39
43 41 60 51 60 58
32 54 43 49 53 21
52 46 33 48 45 60
60 30 37 51 23 22
0 35 53 47 47 3
6 23 51 14 30 50
54 37 60 57 57 60
28 39 45 4 57 45
39 56 48 39 45 56
19 33 29 0 7 28
16 28 0 26 0 11
60 31 60 60 26 19
54 26 46 60 60 32
54 42 52 47 38 59
0 6 41 16 45 38
10 14 35 0 27 14
24 49 10 38 9 18
50 60 60 51 34 30
4 24 13 9 6 45
57 47 30 29 13 57
3 0 29 17 32 0
34 47 40 34 45 1
22 13 0 0 14 0
47 22 33 32 21 39
22 60 60 30 21 58
27 36 11 19 16 28
4 45 40 47 56 51
34 0 21 0 0 24
56 40 0 30 35 51
19 43 60 60 39 60
46 56 60 38 31 30
35 60 35 60 60 44
40 50 25 39 33 20
22 32 13 24 19 2
37 32 22 25 23 52
60 38
18 20 0 15 0 28
4 0 6 16 4 0
0 13 28 5 2 0
49 26 22 43 45 26
52 60 40 44 43 60
58 15 16 57 36 47
24 58 60 53 14 15
38 59 60 50 34 43
0 10 1 0 14 23
8 0 1 2 22 6
54 29 29 36 49 47
31 23 39 15 53 53
39 7 16 0 34 0
39 50 47 52 53 54
60 17 51 41 52 56
44 60 60 56 52 25
35 53 8 21 47 45
58 45 60 60 60 43
23 10 20 8 7 45
22 39 21 52 47 24
30 13 0 0 33 0
0 0 13 0 27 19
45 33 8 0 0 5
39 0 25 48 0 36
59 53 12 58 44 47
56 26 31 17 41 38
4 0 12 14 33 0
41 52 60 45 54 55
22 27 7 41 50 13
43 56 36 6 54 3
42 60 60 36 28 56
38 45 60 58 42 60
12 0 41 0 24 0
18 0 0 24 0 15
28 0 9 29 8 47
15 0 33 0 43 9
0 28 27 0 7 8
31 22 11 16 10 41
51 44 39 60 46 35
35 11 23 19 21 0
15 17 33 36 24 11
43 13 17 53 34 29
27 51 15 30 60 33
44 17 24 31 60 19
0 15 46 7 41 29
60 56 36 60 60 31
32 60 18 33 38 14
45 27 19 38 8 14
20 26 57 58 10 58
47 49 5 21 4 18
5 54 21 57 20 60
0 1 18 14 0 0
43 33 30 59 19 28
50 45 26 32 47 60
44 42 0 54 4 8
38 0 37 27 27 31
60 58 60 52 43 60
22 22 8 0 0 0
53 60 60 42 16 38
38 30 0 36 22 0
60 50
60 59 53 51 60 59
34 27 0 6 0 38
30 42 9 0 18 0
52 55 60 39 50 55
32 41 44 58 55 42
6 5 12 28 3 48
42 31 10 9 34 3
4 3 10 22 18 0
30 5 36 5 52 30
56 50 55 23 11 43
34 0 30 29 14 24
30 20 33 23 43 29
2 36 0 8 0 31
25 7 40 18 21 1
37 60 39 58 54 41
0 25 41 28 9 43
7 0 25 0 12 13
29 52 60 60 39 48
7 8 0 35 10 33
35 60 53 60 60 60
0 1 19 6 17 0
0 0 21 0 14 17
35 11 30 27 43 33
0 16 0 27 0 5
0 25 27 24 0 9
36 33 37 1 37 31
23 31 36 50 51 53
48 15 1 9 25 33
11 60 42 13 60 24
0 29 11 2 50 0
50 56 35 40 60 29
60 34 60 59 39 60
38 9 44 15 11 36
0 30 4 0 11 0
15 23 33 11 34 54
29 12 21 17 45 5
0 0 39 2 44 28
8 13 45 52 36 46
37 24 22 47 47 21
14 0 19 33 14 24
60 60 56 60 34 41
35 48 60 60 39 47
60 60 60 39 46 37
31 41 54 50 40 21
26 19 45 60 60 59
56 40 50 21 51 54
32 55 57 49 60 60
60 37 60 57 34 32
28 29 22 53 49 47
48 9 57 11 49 1
60 37 60 40 46 60
40 44 14 37 22 16
26 0 0 26 1 22
29 30 30 34 22 7
32 60 43 52 60 28
60 60 60 49 42 44
9 33 20 33 22 28
9 7 3 9 12 0
60 26 41 43 24 60
51 60 60 29 57 60
60 60
25 0 6 5 6 0
11 39 26 47 0 34
19 10 28 33 17 9
58 57 42 54 60 48
60 15 60 12 32 43
0 0 8 5 0 36
0 37 0 28 40 37
27 30 27 3 32 15
60 27 23 48 30 19
0 16 3 0 6 18
25 47 44 44 47 32
60 60 60 50 35 39
48 29 51 60 40 60
17 7 45 33 13 25
22 40 21 57 39 52
20 41 37 41 24 21
27 31 29 0 0 0
50 18 12 39 0 34
0 0 0 41 12 19
45 59 42 60 55 37
43 33 37 39 45 49
16 29 34 58 42 20
34 60 55 49 55 60
6 21 47 45 21 57
22 25 21 18 16 22
59 21 21 49 56 36
10 6 5 39 12 37
26 52 11 12 53 49
46 40 60 57 60 39
40 23 7 5 0 23
5 26 11 0 34 13
12 6 6 0 31 12
45 60 60 30 44 57
26 43 47 32 35 58
26 60 60 53 39 36
37 23 60 30 40 40
3 8 0 0 12 23
58 56 42 29 25 15
28 60 60 33 60 60
9 32 15 36 0 22
51 12 40 40 21 54
56 35 48 60 53 54
56 48 60 41 60 38
0 37 0 5 2 30
0 9 0 21 0 16
36 28 27 33 19 29
49 44 50 31 22 32
49 60 15 21 22 56
48 60 60 24 60 49
7 6 0 0 0 21
0 39 40 11 5 0
56 34 53 23 7 28
60 34 59 24 35 54
29 4 0 0 0 6
44 22 26 8 21 38
14 0 16 5 12 25
32 60 60 44 39 60
14 20 7 15 3 2
0 0 19 29 0 32
44 15 49 31 49 49
60 12
0 8 21 9 0 10
27 37 5 0 2 20
17 18 16 43 47 44
32 10 19 39 36 29
58 51 27 19 54 22
49 18 18 11 28 46
25 38 19 0 0 30
13 0 0 0 29 3
13 0 13 7 33 27
12 8 38 45 9 47
30 29 15 0 10 24
60 53 26 32 25 60
19 0 0 10 13 9
13 13 7 4 22 0
13 24 29 17 23 35
37 52 38 7 24 25
0 36 36 4 36 0
15 0 14 2 0 0
43 42 31 60 56 60
4 26 0 9 4 13
19 22 32 46 22 35
24 1 28 1 20 0
19 20 46 17 47 38
19 16 48 47 36 41
50 40 46 39 46 60
58 36 60 60 60 44
22 52 20 26 38 27
41 44 60 40 58 44
29 5 0 27 36 24
0 32 0 5 11 16
4 21 23 0 9 8
15 17 60 27 52 19
34 23 57 28 15 57
0 23 43 15 6 16
41 19 42 13 51 51
60 58 49 35 30 47
18 7 1 6 18 27
51 18 41 21 21 22
48 25 41 52 38 29
37 25 27 44 47 39
33 42 0 19 17 45
44 24 23 16 17 31
21 30 30 45 49 40
23 12 11 38 0 19
60 60 53 60 34 60
1 18 0 3 0 0
28 46 30 14 39 12
48 22 26 46 60 40
47 54 43 30 60 26
60 60 36 49 52 60
60 54 60 41 39 39
19 40 44 29 26 24
24 26 24 33 56 38
39 43 45 21 13 33
45 41 10 18 24 60
10 6 0 9 3 25
31 30 60 40 50 22
29 0 0 6 1 26
55 55 59 56 60 38
41 36 46 47 43 53
60 27
8 35 0 15 7 18
38 21 8 6 0 40
23 60 46 29 59 26
21 18 21 43 18 39
14 58 12 58 17 12
30 24 48 55 24 5
27 43 55 51 12 42
45 45 32 39 60 57
43 60 31 31 60 17
60 55 54 39 37 44
60 34 60 60 43 26
0 39 21 9 33 14
37 25 60 40 23 60
54 48 52 41 43 21
41 30 4 24 36 15
10 24 9 28 11 29
34 0 7 25 0 5
25 60 29 49 60 34
30 33 60 23 40 60
44 49 42 49 28 40
48 46 42 33 60 52
49 60 48 49 60 49
34 14 1 11 9 4
17 29 25 29 21 2
54 53 40 44 39 55
43 37 0 25 19 45
40 60 30 38 43 47
18 8 28 18 26 1
33 60 53 60 36 34
37 43 42 41 25 40
31 58 39 60 48 47
60 55 36 50 52 60
47 53 26 57 46 35
12 0 17 6 13 0
30 60 38 49 35 60
60 60 44 35 42 60
43 41 60 60 41 57
47 35 28 30 41 22
18 52 42 25 51 32
40 12 18 19 16 23
35 13 34 36 11 19
60 60 44 43 36 37
23 12 0 10 0 7
38 24 22 60 60 36
8 17 31 38 8 9
60 60 36 12 58 26
52 50 44 33 60 38
60 43 50 60 53 39
23 34 56 48 31 60
35 3 17 31 8 15
13 44 19 6 38 30
34 43 23 24 58 55
52 41 55 54 60 36
32 0 0 0 2 0
25 53 17 36 30 27
15 3 0 22 0 3
26 51 28 57 60 60
0 0 0 20 5 17
41 44 60 54 37 43
39 53 39 60 45 60
60 41
12 36 34 30 39 36
60 58 47 54 56 56
53 60 60 60 41 38
58 60 59 30 33 53
22 0 6 22 1 22
0 0 40 7 36 0
25 22 32 36 60 60
60 60 45 56 53 50
25 42 17 18 32 7
34 25 11 44 31 3
42 29 4 42 11 12
28 43 34 53 26 60
25 60 22 52 60 22
52 60 60 51 47 60
14 43 24 5 42 19
39 60 51 47 60 60
2 36 10 0 31 38
32 60 60 60 35 53
26 0 28 0 30 6
9 44 18 0 0 12
46 26 20 10 24 3
34 51 59 56 32 32
60 56 60 57 30 30
0 11 4 0 13 5
60 36 58 31 39 20
20 16 13 30 29 14
31 54 57 53 48 53
17 15 23 0 0 0
49 49 27 60 51 60
38 1 48 14 50 16
0 49 38 0 41 41
12 3 31 2 0 35
31 31 32 31 15 25
23 58 23 32 28 8
9 21 0 2 31 28
44 43 47 53 27 46
35 18 25 9 38 39
16 14 3 0 7 11
54 34 51 55 22 23
22 0 0 18 9 8
60 31 57 59 27 43
60 57 58 53 60 49
22 21 11 11 5 9
0 16 11 0 4 21
14 41 27 52 42 30
49 46 39 23 30 47
27 22 58 32 25 60
25 43 28 12 11 20
31 26 27 14 19 11
8 0 2 15 10 0
60 60 51 60 40 33
11 9 39 17 26 25
0 1 3 0 26 11
8 11 0 13 0 10
22 0 0 0 0 6
39 0 31 36 22 25
43 17 39 43 53 27
20 0 10 0 14 0
52 49 58 34 28 27
35 14 36 8 35 16
60 50
13 9 6 6 14 25
20 32 21 16 1 37
27 15 24 46 32 11
0 0 4 17 8 12
46 48 7 27 41 30
17 0 11 6 16 16
45 47 39 38 8 27
32 31 0 27 9 34
32 39 14 48 24 46
25 16 18 23 20 39
33 23 29 16 0 0
31 21 0 43 30 30
15 17 0 22 6 0
39 19 16 60 42 47
23 46 31 53 25 21
44 31 40 45 52 34
31 18 23 42 30 30
49 20 18 52 11 12
53 46 44 58 55 34
60 60 60 45 49 45
0 0 0 31 37 9
42 31 0 37 5 6
31 55 25 49 45 58
0 37 0 7 10 23
55 57 42 59 44 59
5 0 22 0 18 4
60 55 60 51 60 44
60 48 32 57 60 55
4 13 0 5 0 10
52 36 37 40 24 58
39 39 39 24 38 56
19 5 0 0 31 30
30 13 15 40 32 36
60 15 39 11 41 60
13 0 13 0 0 15
0 4 3 0 9 21
32 49 1 13 39 39
36 47 45 60 58 60
60 52 57 60 60 41
2 25 39 22 1 39
40 40 3 1 31 1
0 21 20 0 0 17
21 34 12 15 25 32
45 59 60 47 28 60
26 36 51 34 33 56
3 15 14 0 26 32
60 29 46 32 39 60
39 44 60 60 48 46
34 53 59 48 47 36
33 26 53 45 32 41
33 38 59 60 47 41
9 35 25 0 1 32
36 38 60 43 43 47
15 19 30 52 46 45
20 20 34 35 40 15
51 29 27 24 60 60
16 29 38 39 39 43
60 46 46 60 53 57
28 14 16 13 20 20
18 36 29 48 29 33
60 60
60 60 60 52 45 56
15 47 48 44 45 7
3 3 19 24 15 0
42 14 18 12 23 14
27 36 15 32 10 37
19 28 0 4 10 36
60 60 60 43 53 50
28 38 44 60 60 60
29 42 32 37 43 9
31 40 20 30 8 15
9 0 0 41 0 13
41 60 45 60 60 60
10 5 18 0 0 0
14 18 1 0 0 3
13 60 22 50 58 24
0 17 1 0 3 10
41 50 42 51 47 60
27 53 21 50 31 52
2 0 20 25 0 0
47 60 58 55 22 34
0 20 38 0 50 39
30 52 36 56 36 45
22 40 38 2 19 38
55 46 22 19 47 54
7 0 0 15 7 1
0 0 0 19 19 14
39 60 38 19 21 28
42 18 20 25 38 43
27 60 53 50 60 60
28 33 56 40 42 60
0 11 25 0 0 25
40 25 27 31 55 60
32 10 36 10 0 27
0 0 18 0 3 21
22 0 4 8 17 14
38 60 46 35 60 23
19 35 1 16 18 0
60 60 60 50 60 37
14 22 24 21 38 23
28 18 33 23 31 11
44 47 41 60 45 58
10 0 13 26 1 12
2 21 0 0 0 2
6 25 1 25 21 12
52 19 59 60 54 50
49 37 15 42 36 60
30 24 37 29 10 0
29 34 55 45 42 33
23 33 55 31 38 39
15 0 0 0 1 25
8 0 10 0 0 2
0 24 17 21 16 30
20 45 46 40 29 48
45 39 35 32 6 45
1 24 8 31 8 28
40 33 39 60 40 25
15 16 31 46 53 52
47 52 42 60 56 40
8 4 2 16 2 13
15 7 13 16 4 0
60 11
15 14 20 5 14 6
60 60 52 51 52 58
54 47 58 60 60 59
24 21 24 5 18 0
0 0 10 9 0 4
53 25 13 29 28 37
5 6 8 2 0 0
44 59 40 39 49 60
0 21 8 0 0 11
49 60 48 53 45 60
21 14 25 38 23 21
18 34 32 29 27 35
32 29 44 41 23 41
21 19 25 17 0 0
0 2 4 7 8 1
0 10 7 14 11 2
0 0 13 0 0 5
39 37 34 38 41 35
23 26 27 0 1 4
26 49 26 37 32 50
46 57 56 37 55 45
11 31 11 13 17 11
43 44 58 52 52 39
33 18 23 20 24 19
21 41 29 41 25 31
28 39 39 36 35 38
49 47 57 36 41 48
16 5 13 1 8 2
51 43 44 60 53 47
23 28 25 10 10 24
28 26 32 16 27 36
0 17 7 0 0 6
49 55 60 60 55 51
52 54 43 43 34 45
31 52 39 31 52 52
59 48 55 60 43 55
34 35 50 24 38 60
47 41 32 32 51 36
60 60 49 57 55 43
52 29 39 38 27 27
46 51 60 42 39 60
42 48 29 36 46 55
18 28 41 26 41 22
60 60 51 57 28 48
32 50 33 37 40 43
18 12 6 0 11 4
0 0 12 5 7 0
7 2 13 6 2 7
58 52 37 60 60 49
48 25 33 29 41 21
54 33 23 38 46 47
35 43 53 36 38 49
9 0 0 8 2 0
48 60 44 46 40 55
42 20 11 24 34 24
11 11 11 5 1 12
25 25 24 32 31 25
55 60 46 60 58 39
44 28 8 37 22 26
19 13 2 7 9 10
60 28
56 57 47 43 41 46
5 18 34 27 32 30
14 9 35 43 35 5
60 53 43 35 58 43
54 54 52 53 55 60
10 16 12 8 10 0
12 3 13 2 16 9
38 29 29 24 34 24
46 48 48 42 30 50
51 51 52 51 34 45
60 49 35 41 39 51
35 40 42 23 21 17
41 46 49 42 30 49
24 13 23 18 11 18
18 3 13 0 8 0
28 28 43 36 44 23
34 34 47 31 50 39
1 24 13 24 8 16
19 35 25 33 37 36
40 54 16 39 24 50
58 59 55 49 60 42
31 36 42 34 34 42
25 27 18 38 35 16
52 52 40 54 42 47
60 35 60 52 60 54
20 16 16 14 45 29
22 18 13 11 20 6
57 56 59 51 55 60
35 32 14 10 18 23
44 49 56 41 46 43
37 30 39 21 40 32
36 32 40 38 47 47
45 8 10 4 19 15
20 32 36 32 24 26
44 41 31 21 30 19
5 11 11 19 21 10
53 60 41 41 60 47
42 23 25 45 19 22
9 22 15 5 24 8
8 28 18 13 27 24
60 60 51 47 47 58
0 0 5 2 10 14
53 56 54 60 60 48
60 42 60 33 38 33
4 9 6 8 0 10
60 55 57 60 49 59
60 60 39 60 45 51
49 53 45 44 51 43
13 0 1 6 3 12
15 27 28 4 12 12
32 17 42 18 26 37
2 38 13 18 8 29
12 20 4 4 13 2
40 60 60 50 58 60
0 33 0 0 1 26
0 0 0 13 21 0
5 12 0 15 0 19
45 34 33 31 53 44
28 16 18 19 20 18
42 29 31 33 37 21
60 45
60 60 50 50 60 42
34 25 44 43 12 35
57 46 59 60 59 52
34 57 46 35 39 52
13 10 21 20 10 10
25 12 19 16 35 22
47 43 57 47 57 60
29 26 23 4 10 20
31 21 24 5 3 24
12 27 15 12 18 14
23 26 35 49 49 49
29 39 36 36 27 21
26 25 57 26 27 27
44 8 24 24 21 35
35 35 40 43 44 51
16 0 0 12 3 4
0 0 21 16 19 0
19 20 0 0 21 9
37 30 26 41 28 26
49 52 60 59 60 43
31 38 54 44 39 41
7 13 15 3 1 0
20 38 27 27 26 17
43 21 45 57 44 45
19 30 15 18 9 19
16 8 0 8 0 10
28 18 0 0 13 0
50 46 37 33 24 48
25 47 44 47 28 42
19 20 21 16 20 14
6 0 0 15 10 22
0 17 16 12 0 4
27 9 7 2 26 23
53 60 49 60 60 55
28 26 27 25 26 19
56 60 46 60 54 60
0 6 17 25 29 21
46 49 49 47 47 38
27 26 33 35 53 49
4 17 9 15 5 27
16 18 17 18 10 33
51 60 60 58 44 60
14 19 31 41 40 24
60 60 57 57 53 52
0 6 11 3 5 2
46 57 48 50 59 45
54 58 58 56 59 53
31 26 20 18 43 28
5 13 0 0 8 0
18 21 36 17 32 15
0 3 19 0 19 0
27 34 47 37 23 42
50 48 30 37 49 36
55 60 52 54 60 57
0 21 16 0 12 12
33 49 43 33 41 37
24 32 39 37 39 34
23 0 10 0 0 10
51 47 49 36 42 54
54 44 52 56 38 48
60 58
49 36 28 46 15 41
58 40 42 43 46 58
52 26 34 33 32 50
55 59 56 42 59 38
0 12 5 6 0 14
25 19 40 30 42 31
33 28 41 22 17 34
0 5 0 2 9 18
16 10 6 15 18 14
6 0 14 17 17 5
44 40 59 53 60 43
43 32 38 36 40 32
59 60 49 52 52 47
0 0 18 0 8 14
31 27 9 22 21 14
50 46 24 42 54 41
29 24 26 31 26 10
15 2 11 11 16 9
57 58 48 40 38 39
50 55 58 60 60 55
31 25 31 29 31 21
29 43 32 49 37 51
60 60 46 60 60 60
12 23 12 17 16 6
36 45 41 29 37 8
54 24 40 26 18 47
0 0 9 14 4 16
59 50 60 49 45 49
34 28 30 22 30 21
57 56 48 60 49 59
34 36 38 48 51 37
0 15 0 0 0 6
26 32 46 27 38 31
18 30 6 30 7 30
4 35 0 27 27 4
31 19 33 19 31 44
41 19 45 16 29 27
59 54 52 56 58 41
49 57 42 38 40 28
18 7 0 0 11 0
23 40 17 30 22 11
37 34 31 55 45 46
33 35 26 28 34 33
32 39 43 28 53 59
0 0 12 20 3 11
47 44 33 44 40 45
46 38 34 39 52 49
33 32 50 49 44 47
29 32 23 29 36 23
44 36 36 46 41 53
47 54 46 51 39 35
21 19 39 46 38 31
37 28 14 26 20 23
25 34 25 29 19 25
44 46 42 47 49 48
52 35 34 60 32 42
36 19 12 7 15 20
20 51 20 35 20 24
11 15 0 7 10 0
53 43 46 51 48 42
60 60
33 37 35 34 33 54
5 0 10 0 5 4
0 7 15 11 24 0
38 26 45 23 24 15
48 51 34 50 39 46
56 47 32 42 38 28
60 30 52 45 29 37
47 47 30 40 48 53
16 17 11 23 32 27
26 23 23 18 19 19
6 5 10 26 21 3
8 34 36 37 12 15
27 47 27 30 38 36
41 28 31 26 27 34
0 16 0 0 17 0
50 27 30 17 21 49
25 45 25 25 47 40
34 21 40 33 27 8
48 41 58 48 34 45
27 40 16 6 7 38
20 14 34 47 26 9
19 0 0 12 0 12
6 19 5 6 22 14
11 13 16 32 15 20
37 23 36 36 35 37
9 17 22 23 4 16
9 15 0 5 12 13
2 9 18 6 32 5
49 60 38 48 40 60
24 28 0 31 9 34
28 22 28 28 44 41
25 28 27 10 0 2
19 20 19 25 35 23
24 37 27 27 29 28
60 60 58 53 47 60
38 27 26 38 33 18
13 29 28 16 17 5
46 41 49 59 34 39
25 23 31 20 37 30
60 60 43 40 39 49
16 38 6 2 1 0
13 14 7 1 9 1
49 56 42 60 60 60
15 0 10 6 7 9
18 29 10 22 21 20
24 22 13 12 24 16
38 39 32 36 39 29
1 5 1 14 7 3
0 0 9 0 3 5
33 29 16 32 21 16
52 45 45 46 60 60
29 36 34 31 14 3
3 10 10 0 5 3
50 54 37 49 37 36
15 25 40 28 15 43
60 60 60 56 50 52
60 60 39 60 60 50
33 31 49 36 19 19
18 0 15 1 0 3
57 60 49 45 42 60
0 0
