248437642017
-714210456
38873273
568025907163
-1003083405
449385078946
-9
858210664997
-1365238316
-322587220
905618429952
-1001987678
845117986601
-451042274
359252643461
-246700540
914758830302
-39519287
406527282775
2457181028
12308870224
47659767182
-1
966880379554
-1658966662
-7387587874
210858757251
-499997000004
748668930578
905462205083
-216802646
-279737853
737834192602
368085920388
137811493
15752452412
-364508980
307856670580
31765666610
52202545472
-2922129811
181459583196
331659355536
-999986000049
-1129328778
999997999999
964153284241
130203874445
297088213423
811402733496
285127534282
999988000035
103407226258
414305915506
6421618594
643489134171
-289411560
15092846835
14236866456
7875840559
26402176094
999984000064
-344098570
151013513662
153903864508
54300846380
274036348033
257767134259
-1365209858
940793184343
-1174388366
82436533372
7413961513
145683657896
-9902797285
152578877567
586612338889
-4
184640955319
-2193300943
-1307154283
-333330000007
-1219152692
-137077315
707781811000
509073601508
-882761948
776648969026
-1394530339
525945379280
25620062268
-250282
10106873695
23418456948
-11827117413
15297165526
543227961335
-104104791
-413842582
54523496483
