500254 909393
640 676616
7182 54005
754506 511465
448 671107
670362 514
0 3
926489 64246
483 812881
292 307438
952228 407106
751 868041
919303 196
186 290422
600933 853252
694 414074
957445 703205
958 194679
637595 450
49570 88
110997 12637
220020 565790
0 1
984001 492441
309 717133
36 522820
459194 863
1 999997
866734 973296
951558 919
435 307451
960 518487
859221 164005
606701 605
19943 683258
127360 465106
987 600113
555029 96217
178664 130418
231080 881130
74 468145
425981 677
575915 9799
0 999993
713 897965
999999 2
982171 182132
361897 450944
545058 141
900779 383
535111 589025
999994 1
321570 278
643666 90
83146 605944
802178 905
713 454577
122854 719
123083 923647
91888 665229
162488 590
999992 0
327 335953
388693 39861
392306 516
234327 445275
523485 628
507708 747
174 488786
970424 335031
531 790427
287118 652
86105 468
382461 339835
99 995128
391673 469290
767359 900478
0 2
429699 742
168 608825
578 869967
2 999995
398 697454
500 262061
841352 36518
713494 416
753 815845
881436 106942
625 934332
725221 489
161579 430039
821 14361
104237 834734
153031 245
71 922796
126885 799669
737040 23
922 309983
872 601070
234054 189123
0 0
