-4
-2496002466
-1
558719191168
-36992320
-154042538
369798484840
-451156766
16366280502
12095042560
-869920
-6630607987
-1517363579
310427972
183886358200
487065256490
11448906688
942940042009
556074435616
-554826286
11347680945
-237492202
5033317055
-9
-1198297250
319948768826
567042538806
-102222370
-8773715992
-1279639106
614900832269
197895620740
999992000015
-262435938
12223742597
355097503799
128400016515
409514107201
114375155415
530885258199
82220386800
-109061407
-333333333332
25224704885
-85894747
55535864016
847717627646
-2270219858
-857259550
-225425734
103285011088
2048602971
335233195921
242891224416
166438995052
170769915588
-3636728677
12439598839
-481483267
574556998624
96425486825
-1095420597
855541590713
442250867775
-188684272
3665019779
200915108494
-1066766848
298720480282
224233046076
151908054514
981273475361
83432833078
-517672092
7490410468
670240798718
911972332471
795526208264
335048723457
397994046830
146301766846
-1213741
11705296783
-999994000009
-262638788
732992522962
-499993000024
698023244183
929861183681
340024006373
70996666
-17324291
-11283856
30527038070
104489875103
596366949959
494851867619
999984000062
-1782722923
1000000000000
