0 2
109 523985
0 1
748389 559945
952 187762
612 307292
608247 76325
564 504880
129395 371363
113686 873780
406 18820
101 822388
385 765312
17782 15508
430522 789546
699515 955113
107000 432
971051 72
745704 200
744 642920
108938 558817
919 467433
70946 189
0 3
137 406651
566542 480776
753082 37878
549 237113
30 521522
429 741785
784754 375653
444855 837
999996 1
783 453597
112601 481212
595901 998
358330 863
639933 524
338194 229
728619 882
286741 169
908 314861
2 1000000
159859 292784
223 138710
235661 697
921188 321748
295 819747
821 839445
406 302900
321380 432
45437 26716
579677 369016
492982 71506
409761 810539
413981 336371
56 455295
111533 150
963 681286
759529 945609
310525 760
16 136463
924955 568
665915 517648
909 414371
60540 379
448236 898
620 813918
548073 795773
473533 955
389754 502
991609 716894
290019 446223
296 392108
86550 992
819617 599349
955184 147585
891923 927
580191 731358
631364 279894
384040 677250
392 21843
110409 517658
0 999997
308 284878
856150 774
1 999993
835478 699
965404 772873
583346 125399
8439 975
173 54904
834 97070
176637 568007
323249 286
772248 217
705025 931326
999992 2
485 930808
1000000 0
0 0
