83773965820
44192113200
405632950040
1330903926750
38316372520
22185829530
593786166070
137522579350
500301494300
72894476990
51146317940
49501078900
11237850760
85204825600
2717196240
43874268490
2533729558520
47739379710
39389181770
68099266710
420890920
94434008540
114234798360
64673923490
67069765150
110711008160
8875885140
746344405520
79147173090
764251619420
27708972600
128745171110
59694797650
61106063090
354482861230
1413476911980
2997707180
83489175720
11677135400
36210940430
80875867730
40765804130
86383955525
82224690520
82884178195
79084236340
1017383344730
111059474810
124878191080
3961019381370
