1679163993950
823838834410
417842525650
755104721930
124283120720
28910114760
125747327250
1145889300
29066744510
45874265860
31517023520
43559211020
1056076609770
44991310100
17684455630
21599934860
67576006000
93369493910
488746495770
32215710860
2254679686290
398465055860
86535625150
588399209110
44635537465
87495631000
826463237560
85987873150
1042288936700
2921072792740
120704030640
162523211280
894025440090
1516897570910
1155324136900
203119499380
78896007020
39280718310
38061021950
67489985440
71828092340
478114072470
123016977240
61187461480
60595739700
139435105540
3864853617660
351488998930
86838850775
4433988105830
