820839728000
1085734579280
110927267730
531723889050
19090236930
109702680070
647829097990
66895825355
247273910
30957764170
82844173240
138258436425
20173418410
306014791680
20323279910
56369957635
7297815100
85409828370
76987015460
46581520840
164476383250
1810208520
234168234150
29777938650
178229477550
343164224420
12118235530
76866490490
229977971880
21097401470
22195612370
114170131690
2157120800
11180649000
1962941640
713467620
113508821180
1683627480
390303241540
2700877260290
61016134760
83023974105
75832094360
75545401820
97416740265
76804045130
150467185910
2438723322790
90568738230
4185593730860
