47614912760
194128660310
928930886110
23665249540
46655260610
98394402200
1708407220
12736634540
559016208250
217431245240
254605628950
596854926560
60787000335
44143062230
84393495350
43062141180
636344579350
32127659210
94722626370
38770330640
119363816610
40042153800
14542067620
1026678839790
85799650600
1407023949360
14428135670
82988787590
2429947422230
2392223373590
593348455050
3368358307730
13766952800
16828323630
40743950190
90353531190
11430331620
16833455820
62954719235
46064205070
69984966320
705120781635
2006856852100
1533606202960
81414012430
155843691760
563625966450
109013461460
404446075690
3849004217460
