36
33 14 35 22 17 18 25 2 9 24 16 17 2 7 10 36 13 28 14 36 20 36 1 6 13 21 35 31 32 14 29 16 11 3 33 20
26
12 21 22 4 17 22 5 1 13 11 21 24 23 23 7 13 4 11 25 2 13 24 12 15 19 24
49
41 41 35 3 21 21 45 33 2 4 7 37 32 20 19 38 35 18 16 14 34 35 4 34 48 30 36 36 36 43 6 41 8 22 5 39 28 28 25 4 45 5 1 13 43 15 33 41 6
49
13 12 12 49 27 47 30 16 33 3 25 35 49 34 41 14 10 7 9 42 8 40 44 40 43 36 22 7 47 1 11 25 9 14 18 8 28 47 32 32 21 1 9 22 22 30 43 41 7
42
13 28 11 12 41 39 19 24 7 42 6 42 14 41 11 39 15 2 10 21 31 1 33 16 18 6 10 7 21 33 25 12 42 36 28 7 27 14 27 18 29 13
6
4 2 5 6 4 6
44
15 4 6 25 5 11 8 15 40 40 23 20 16 24 26 28 27 21 16 1 26 18 37 33 41 12 44 18 7 12 16 35 13 3 20 24 34 34 17 43 26 32 31 4
48
26 13 13 13 13 13 13 13 13 13 13 17 13 13 13 13 13 13 13 13 13 13 13 13 33 13 13 13 13 13 13 13 13 13 13 18 13 13 13 20 13 13 13 13 19 13 13 13
3
1 3 2
28
27 12 6 15 28 2 28 24 22 18 10 9 18 18 8 5 25 1 22 23 3 10 24 19 27 27 7 27
24
24 19 24 9 6 19 5 24 8 6 14 12 22 21 11 17 9 8 16 2 16 21 8 19
16
4 2 14 16 12 11 10 3 16 5 4 8 14 1 10 2
3
1 1 2
48
38 37 16 29 40 24 7 26 38 37 37 36 24 13 26 13 5 40 32 15 15 35 47 11 43 45 20 40 1 31 21 30 40 3 35 29 44 41 47 2 5 46 28 7 7 45 35 16
42
29 34 41 28 9 26 7 24 5 3 2 24 6 16 16 24 19 12 8 11 35 20 37 11 42 38 2 2 8 28 29 30 22 36 16 37 31 24 24 13 16 41
30
2 13 19 10 22 10 23 3 23 22 30 1 25 19 7 12 12 17 17 29 20 17 20 2 18 28 6 18 15 3
49
12 16 36 49 9 11 40 20 16 24 7 7 13 49 38 22 16 26 33 26 31 8 12 10 43 31 48 2 43 43 39 41 44 48 42 11 19 47 43 5 47 3 8 11 28 17 15 21 45
50
38 18 4 31 49 37 49 34 9 15 28 30 15 44 34 43 47 6 4 18 12 16 50 46 8 28 1 5 37 21 14 6 48 1 23 13 27 36 49 4 18 24 41 19 43 49 34 10 21 13
50
20 23 25 8 30 18 35 30 38 39 31 37 48 35 35 26 41 5 44 24 41 21 46 18 33 3 27 9 18 47 47 37 3 1 26 12 42 17 17 10 28 15 14 31 21 36 40 45 44 22
3
3 3 2
49
35 44 20 8 43 15 32 18 30 19 43 39 15 4 26 8 22 28 10 25 16 44 44 26 27 43 12 22 30 12 44 31 44 36 38 23 14 5 27 2 14 18 3 14 24 44 34 23 11
38
16 32 18 14 13 9 23 12 35 21 14 19 29 21 6 32 9 25 9 24 3 31 29 6 22 17 17 18 15 24 10 32 30 37 6 16 10 17
34
18 8 27 11 24 30 34 29 21 18 12 27 7 17 29 24 22 26 27 20 29 32 24 12 24 23 29 7 18 7 33 21 12 27
16
16 13 6 9 5 4 8 5 8 9 9 12 16 14 16 13
2
2 2
3
2 1 3
3
1 3 1
10
7 3 1 6 9 6 3 6 5 7
20
20 12 14 5 8 7 6 13 15 6 16 20 8 8 14 8 14 16 16 15
48
17 47 45 24 4 16 5 42 14 10 29 12 13 10 16 38 28 25 47 11 27 34 29 40 7 14 5 47 23 25 16 23 11 10 11 30 34 9 17 42 19 10 36 3 36 47 36 9
49
48 11 23 34 33 41 35 2 27 44 35 30 43 23 34 4 2 21 38 18 33 29 25 10 22 28 26 1 36 13 25 49 14 20 26 27 45 26 25 23 41 24 44 7 42 10 23 7 21
36
10 16 30 34 15 15 12 24 29 26 1 36 17 9 7 22 34 15 26 33 36 16 31 36 12 9 14 22 9 22 18 29 10 15 2 14
44
9 32 29 26 26 14 31 11 38 15 11 40 31 17 32 42 5 26 22 30 18 4 20 21 7 24 35 21 22 44 25 5 21 13 25 3 14 24 18 9 9 10 7 42
50
20 14 36 41 42 8 38 9 35 29 9 15 11 4 25 44 29 37 9 42 15 46 10 3 18 36 49 36 19 30 24 6 28 36 47 48 7 8 14 45 22 46 1 39 14 27 41 8 32 50
3
1 2 2
10
4 10 6 4 9 7 7 7 3 10
50
22 49 34 4 28 40 35 18 41 43 41 20 3 8 22 16 36 17 13 16 26 42 6 5 12 40 22 2 48 50 32 27 23 10 43 49 10 50 33 42 49 23 2 19 28 39 22 33 45 35
32
31 25 26 13 32 18 6 5 30 21 7 7 12 9 31 11 32 28 6 3 12 7 27 21 14 30 20 27 19 8 7 26
16
9 13 12 6 8 1 7 8 7 3 9 4 12 2 10 9
3
2 3 2
49
47 39 12 2 33 25 33 5 4 39 41 28 4 16 7 40 1 1 9 48 11 47 38 23 30 39 13 18 32 8 11 13 6 30 34 36 11 34 12 23 48 39 24 24 33 41 34 9 2
46
30 29 22 9 19 2 27 34 6 33 28 46 22 43 9 2 22 40 7 28 34 3 14 44 15 33 31 31 30 7 2 21 31 24 42 1 16 46 27 35 21 12 21 5 42 22
49
27 44 3 13 20 8 26 40 47 38 25 7 7 46 3 15 4 8 9 1 4 26 49 47 18 16 23 8 39 36 46 49 17 41 36 32 43 40 26 3 2 32 11 48 48 36 14 18 28
50
43 39 5 21 34 34 5 7 11 22 10 15 1 11 38 12 4 16 46 32 23 28 16 32 38 22 32 49 2 27 10 25 17 11 27 21 21 13 35 15 34 43 33 21 17 32 8 15 14 43
34
24 25 21 8 21 19 19 5 7 13 19 19 21 26 10 33 15 15 3 7 11 4 34 14 2 3 24 5 34 29 32 30 33 34
12
2 1 12 4 12 10 2 5 6 3 3 1
49
26 36 5 9 26 17 19 13 15 42 6 2 35 19 2 46 26 6 44 30 3 12 21 1 11 4 40 3 44 32 31 7 35 25 27 35 48 8 4 22 48 48 44 12 29 42 47 17 26
3
2 1 2
3
1 3 3
18
13 9 11 3 4 7 2 13 7 9 7 9 11 11 12 18 13 2
44
32 36 41 38 5 17 15 12 42 36 42 34 39 35 10 5 7 25 12 22 19 15 9 34 2 4 11 16 36 23 11 13 44 8 9 32 35 3 42 33 13 40 37 13
3
3 1 2
50
31 15 50 13 42 13 28 31 40 19 2 18 30 4 10 20 19 11 26 13 15 44 17 14 4 36 45 1 29 34 23 25 27 42 24 21 29 12 34 26 24 13 7 23 11 34 4 7 31 13
50
1 8 6 33 23 25 34 14 20 16 36 7 25 7 41 41 26 17 49 36 2 33 26 33 31 30 12 44 43 7 21 44 32 33 46 35 9 15 6 41 32 20 36 36 25 15 48 28 37 6
40
3 17 16 40 15 15 30 34 32 17 35 30 9 25 40 18 39 23 16 6 14 16 6 38 29 17 19 20 24 12 28 33 9 17 17 20 4 27 3 20
3
2 3 1
28
25 11 17 2 1 6 18 12 13 6 4 20 1 9 14 28 20 19 25 15 2 26 11 21 7 26 16 14
3
2 2 1
12
5 5 1 5 11 5 5 4 5 5 4 12
2
1 2
49
16 16 38 15 10 22 5 38 8 36 28 25 40 40 43 39 46 48 39 1 28 8 32 18 6 43 46 40 24 40 23 41 26 18 27 48 3 41 37 6 35 14 16 47 44 37 38 1 34
3
1 2 3
3
3 3 3
3
1 1 3
3
2 1 1
40
28 20 8 19 33 15 29 29 13 6 16 31 31 28 27 21 10 33 14 14 27 35 12 18 33 32 29 31 15 23 33 15 29 20 26 13 2 18 19 8
50
18 31 48 16 9 40 11 14 46 27 34 8 37 12 21 37 28 48 9 42 2 12 27 14 49 42 11 34 20 12 18 41 2 16 19 28 31 35 4 13 9 34 5 47 27 32 16 46 12 24
1
1
3
1 2 1
50
48 23 31 14 10 16 47 33 18 33 34 44 17 15 17 39 12 15 15 47 47 21 39 44 22 26 25 16 31 48 32 29 17 39 50 8 50 37 26 17 48 17 41 44 30 50 22 19 45 6
20
10 2 15 6 3 14 10 16 6 17 15 14 3 9 19 12 3 16 5 6
49
38 38 38 46 31 12 6 39 18 9 43 13 27 23 40 25 6 10 47 25 18 7 17 12 44 7 35 36 26 46 35 7 49 34 2 17 29 38 48 43 39 28 8 44 8 18 28 25 7
3
1 1 1
40
8 2 2 8 14 31 2 8 15 3 7 26 31 17 37 30 33 5 40 18 37 36 29 14 34 25 16 27 8 25 27 10 38 14 9 8 6 7 7 29
4
2 3 2 3
40
29 31 20 20 23 5 16 24 22 16 10 13 1 11 21 36 9 12 6 37 20 7 29 27 32 18 3 8 27 28 24 13 21 4 31 13 36 8 3 6
50
36 20 25 42 43 22 14 16 2 44 31 14 13 33 29 42 12 18 18 9 19 1 26 16 41 8 13 33 9 22 6 48 15 22 11 50 32 27 2 16 35 10 49 50 5 22 44 36 6 10
14
7 5 3 13 9 14 2 3 3 6 10 7 12 7
16
11 11 11 11 3 11 11 11 11 9 11 11 11 11 11 2
3
3 2 3
3
3 1 1
2
2 1
3
2 2 2
38
14 22 21 11 1 24 31 33 7 25 27 2 18 8 5 18 3 9 18 18 3 18 5 33 6 18 30 18 34 29 10 27 6 18 13 25 18 18
3
3 1 3
20
4 7 18 5 19 16 2 15 13 4 8 3 16 4 18 4 7 10 4 18
3
3 2 1
3
3 3 1
2
1 1
4
4 1 4 1
3
3 2 2
3
2 2 3
32
14 30 22 10 30 25 25 30 27 31 10 6 1 20 10 29 19 30 19 17 29 2 24 12 14 3 7 17 7 3 1 2
16
7 4 2 11 14 9 2 11 7 10 9 16 4 9 6 7
28
10 10 7 21 16 2 5 26 25 4 13 4 9 13 28 26 18 22 4 25 4 15 27 16 10 22 17 22
16
2 14 11 7 4 10 7 6 6 10 3 9 2 9 6 11
50
17 28 40 35 38 16 31 16 31 23 44 3 18 31 31 38 7 41 33 21 21 34 38 29 13 45 27 12 3 14 45 12 19 42 37 9 33 14 17 43 18 9 31 23 44 20 9 48 10 42
49
26 37 46 3 14 35 34 44 5 3 37 29 44 29 3 31 10 42 6 15 9 8 8 14 22 9 31 13 42 8 24 4 34 46 17 18 30 19 42 45 12 3 26 9 43 14 3 15 17
24
20 15 8 3 7 4 10 22 23 11 16 18 2 20 6 17 11 6 3 5 11 21 2 10
3
2 3 3
0
