50
15 38 21 13 20 2 13 17 43 44 33 49 40 1 35 41 15 7 27 13 13 24 44 43 3 9 1 15 30 35 15 29 16 42 12 30 39 19 11 23 44 2 45 12 19 22 19 31 6 2
30
16 22 25 1 14 4 18 19 4 25 8 7 24 15 7 25 22 23 27 28 4 21 24 14 11 15 22 14 17 15
42
15 2 32 19 10 4 42 41 4 11 3 10 8 32 19 8 15 36 13 41 17 15 15 2 28 26 19 35 27 20 9 3 10 4 39 28 13 17 22 23 18 13
46
42 36 25 25 40 14 31 22 34 6 42 11 13 44 3 37 8 7 18 31 10 39 45 42 28 37 25 13 35 42 24 19 10 7 17 22 9 24 28 2 39 22 44 46 15 6
3
2 1 2
46
8 17 44 1 6 24 6 31 1 8 41 29 39 7 18 36 37 30 7 33 39 36 19 45 42 43 17 18 6 29 9 19 45 28 39 39 17 44 42 36 16 46 7 10 2 24
26
17 9 3 24 1 1 18 20 15 8 18 17 5 10 17 16 2 7 3 9 17 19 25 20 11 5
3
3 2 1
3
3 3 3
16
7 8 4 8 5 10 12 15 4 14 9 3 7 16 1 4
50
15 31 46 2 9 35 34 9 6 1 8 3 6 47 23 19 17 30 21 39 48 37 9 14 40 19 38 34 6 50 40 10 22 22 50 40 13 45 24 4 30 8 32 32 31 38 10 43 45 15
3
3 1 1
3
1 2 2
3
2 1 1
14
11 7 14 8 13 4 8 11 7 1 5 13 3 4
50
26 32 15 23 15 12 29 12 21 41 50 39 49 29 10 49 16 34 4 28 38 2 32 11 9 8 30 1 13 28 12 10 47 43 32 33 12 25 16 9 25 17 39 17 13 46 30 43 19 10
46
5 46 28 11 35 34 30 24 40 21 23 8 12 13 39 43 34 19 38 19 17 5 2 27 13 34 42 39 32 36 6 24 21 23 22 25 32 19 6 20 7 31 27 10 45 11
14
10 8 12 5 12 3 8 6 3 5 11 8 7 10
3
2 3 3
50
4 38 24 44 3 1 27 6 28 37 34 43 13 24 31 34 8 18 25 18 36 37 21 31 21 35 20 45 30 21 26 2 41 15 50 46 11 8 45 7 12 37 13 11 47 10 4 25 50 1
16
1 13 7 11 11 2 14 1 11 2 13 6 4 8 10 7
3
2 3 1
49
20 40 39 47 15 11 17 49 17 4 41 23 8 18 19 38 7 24 46 21 2 27 29 36 11 20 26 19 18 4 23 5 16 17 5 13 10 28 27 37 27 26 49 18 16 19 20 17 38
22
13 21 19 18 8 5 12 16 4 22 20 11 5 19 19 2 13 18 4 9 6 22
49
39 22 5 44 32 3 20 19 25 42 45 25 47 16 26 7 24 47 33 10 5 34 15 7 1 11 19 20 3 31 34 15 46 11 19 29 24 20 38 24 14 9 7 18 39 35 9 43 21
49
8 9 43 17 44 42 32 28 15 10 5 7 38 5 14 1 28 48 28 3 23 28 39 12 29 16 36 4 16 11 18 18 46 42 17 22 30 46 34 1 13 49 47 36 36 25 17 3 3
3
3 1 3
3
1 2 1
8
1 7 1 3 5 1 7 7
2
2 1
34
25 6 2 28 2 10 20 24 6 3 25 29 29 24 1 11 34 3 24 12 11 2 12 8 15 8 8 12 33 2 12 21 10 28
26
1 4 5 6 4 16 17 2 4 20 5 22 18 21 24 1 7 18 26 25 11 12 3 4 23 2
42
30 22 24 16 17 2 23 7 11 11 9 19 9 10 12 17 5 2 21 34 17 26 6 33 1 14 11 16 41 21 9 30 33 40 30 33 27 30 40 33 12 33
49
34 17 5 37 9 36 35 40 32 46 25 30 28 2 44 13 21 47 19 13 49 7 18 36 34 27 6 24 46 8 2 1 39 35 46 8 34 46 22 32 7 18 1 31 12 35 14 26 3
3
2 2 3
3
2 1 3
49
21 45 1 6 46 11 23 39 11 16 40 29 11 14 13 39 47 3 10 44 29 15 20 14 26 40 35 22 33 13 38 4 38 4 11 29 33 1 27 3 12 33 28 36 19 30 37 22 47
36
10 30 36 6 3 25 36 6 14 14 26 32 25 25 12 19 4 21 35 34 16 10 7 18 4 13 17 23 14 6 8 28 9 26 34 30
10
5 6 9 1 8 5 9 7 8 1
3
2 2 2
49
1 7 14 44 10 25 36 38 35 7 49 45 26 9 16 4 44 22 17 24 1 38 43 41 39 33 33 45 30 1 25 39 41 30 40 46 6 1 16 26 19 14 3 2 42 37 24 17 1
44
20 8 40 7 17 4 9 3 24 33 5 17 16 1 20 11 12 10 29 27 22 43 31 9 9 9 27 17 13 11 9 36 34 20 16 38 24 30 19 40 37 17 20 1
3
3 2 3
50
30 13 33 19 7 5 9 40 43 23 37 49 1 7 10 15 14 7 12 30 27 2 50 28 40 39 32 50 2 4 12 28 35 44 9 30 16 31 42 3 37 31 43 36 11 18 21 33 39 33
49
34 17 31 21 8 39 24 16 14 17 38 37 29 24 20 24 24 47 12 20 17 13 16 19 2 45 15 38 24 24 22 40 4 30 41 35 32 38 24 34 23 48 37 13 15 32 25 46 12
26
9 26 3 12 26 18 1 4 8 11 23 12 14 8 2 17 17 7 25 2 5 16 19 21 2 9
3
1 2 3
3
3 3 2
2
1 1
50
44 28 36 29 15 24 25 10 42 47 48 5 48 5 14 8 6 35 27 24 40 22 20 26 8 6 2 7 45 14 23 6 40 16 42 16 3 24 45 30 2 2 45 41 32 14 33 38 5 31
24
8 14 9 6 14 17 24 21 6 9 21 7 18 18 16 8 19 13 23 5 11 18 3 24
3
1 3 2
12
12 4 8 9 4 10 10 7 11 11 9 12
10
3 8 1 4 9 3 6 5 3 1
20
17 10 16 2 7 11 8 20 14 1 7 18 7 17 17 12 11 5 4 10
50
39 30 15 46 32 39 24 33 12 39 8 44 21 10 19 16 15 2 12 16 24 24 6 33 4 20 41 8 29 17 38 23 4 22 31 1 22 40 41 42 41 14 34 37 34 19 48 7 29 5
3
2 2 1
42
42 8 34 5 27 30 2 27 20 9 38 17 8 15 31 12 39 37 6 36 28 26 42 22 12 33 38 28 6 40 10 3 18 13 38 1 16 1 28 40 34 42
22
7 6 16 8 16 17 17 21 6 4 22 20 19 7 16 14 10 14 20 8 8 6
49
43 29 16 39 40 3 44 49 28 41 8 6 30 24 16 23 16 1 48 28 24 39 49 11 24 41 27 12 41 46 30 7 22 45 42 24 22 5 27 13 9 38 29 6 15 19 28 43 8
50
8 15 19 29 25 11 39 28 17 42 37 38 5 37 42 12 50 42 35 36 2 15 34 38 39 21 8 27 13 41 28 5 22 34 38 32 37 35 6 22 29 30 2 14 36 39 13 46 3 43
3
3 3 1
42
6 7 10 1 40 11 23 25 25 15 35 38 1 23 13 10 30 7 42 38 24 34 22 1 27 18 5 18 15 18 19 33 10 13 28 25 32 23 11 41 6 22
24
12 4 22 10 9 24 20 16 20 22 13 14 24 11 2 4 10 5 16 10 1 1 12 9
3
1 1 2
49
26 25 9 13 28 31 9 27 39 5 19 28 1 12 44 34 40 31 12 38 32 34 11 43 36 36 47 19 3 5 46 20 1 20 13 30 37 40 4 13 28 27 19 29 14 21 36 27 41
50
49 26 33 10 34 15 14 26 6 4 40 12 29 10 17 41 28 1 24 24 17 27 3 16 45 33 16 24 38 23 2 38 9 40 37 1 4 25 30 4 35 33 46 12 6 10 1 19 25 48
10
8 8 8 7 7 3 3 6 5 2
2
1 2
3
1 3 3
3
2 3 2
18
5 9 2 12 13 3 11 4 9 13 11 4 14 2 7 7 5 3
20
6 8 12 15 2 4 9 7 4 20 7 14 17 6 1 3 16 9 10 8
3
3 2 2
48
20 7 36 18 3 43 44 33 44 19 9 14 5 27 43 30 28 12 7 32 24 25 5 29 45 10 4 45 37 20 24 11 35 20 26 4 29 29 20 33 9 32 43 5 47 44 19 12
24
21 9 12 5 9 6 1 1 4 24 13 2 14 7 5 2 10 20 3 13 23 21 24 23
36
19 19 24 15 3 33 34 11 2 24 5 21 16 9 10 11 21 5 31 34 22 34 20 19 36 20 8 17 15 9 28 8 9 16 19 20
3
1 3 1
24
20 24 16 21 22 14 22 23 8 11 23 4 15 22 18 5 7 2 20 14 23 6 3 21
1
1
34
15 8 10 17 8 8 8 8 18 8 4 25 8 33 4 8 28 11 32 8 8 21 4 3 11 21 8 8 27 8 8 8 27 8
2
2 2
36
29 25 35 10 16 21 9 11 27 14 29 10 5 4 29 23 30 6 2 24 34 21 13 22 2 21 4 15 3 8 32 4 4 6 2 16
18
3 6 4 8 9 10 10 15 14 5 3 3 18 11 6 3 4 3
3
3 1 2
3
1 1 1
50
39 8 33 13 20 26 7 45 7 35 44 16 18 34 4 3 27 44 28 3 35 21 50 2 18 9 15 14 12 10 6 19 41 24 49 21 7 31 47 42 17 36 14 33 23 41 28 12 36 10
34
14 29 10 10 16 4 16 14 12 10 9 5 8 7 33 9 9 5 19 29 11 14 1 9 29 19 6 24 34 27 20 27 23 8
26
25 7 11 13 19 6 10 14 20 1 25 13 10 22 23 16 10 10 19 15 5 9 21 6 21 7
38
38 26 29 2 33 19 19 11 16 19 19 21 29 20 27 3 20 10 30 22 35 2 29 28 4 17 16 24 11 4 33 29 36 26 26 27 38 17
14
3 9 10 5 6 1 9 3 3 8 5 3 3 5
3
1 1 3
46
43 28 8 2 18 25 6 24 32 31 45 44 3 35 25 1 43 30 10 8 43 30 24 39 35 31 34 38 24 1 11 29 46 38 20 16 24 33 6 4 27 16 15 27 36 43
10
3 9 7 5 6 3 10 3 2 7
49
26 2 38 38 42 37 28 41 28 39 41 45 33 31 46 43 10 45 17 17 23 44 27 34 10 24 33 4 41 46 4 25 35 12 36 7 34 34 40 8 46 15 47 36 8 1 3 3 18
4
1 3 1 3
50
39 45 9 48 25 16 32 8 33 5 1 31 47 13 28 42 41 10 12 34 36 23 39 24 50 33 1 42 31 35 38 34 48 43 14 4 45 50 2 13 45 34 4 17 29 31 19 21 50 16
49
11 35 42 38 43 30 15 48 11 9 40 10 23 37 28 2 48 2 17 5 1 27 47 42 6 5 39 25 48 9 37 6 42 8 2 19 41 35 29 37 6 22 11 17 34 15 5 24 37
8
3 3 3 3 3 3 3 7
34
16 25 14 28 17 23 19 1 32 14 32 6 23 26 16 17 32 21 9 15 9 18 32 33 13 3 31 13 30 3 13 33 19 25
0
