50
6 19 37 16 16 8 14 47 20 48 3 49 29 46 18 18 49 16 27 1 26 14 33 6 2 22 37 20 41 34 13 29 39 14 12 16 47 19 38 26 32 24 43 3 9 44 3 30 22 8
49
13 6 13 43 4 21 14 5 5 16 25 45 46 26 20 21 8 41 6 34 12 42 3 3 25 3 13 39 39 27 49 45 33 41 23 23 47 45 10 12 16 43 36 18 9 27 36 17 15
6
4 5 3 2 5 4
3
2 1 2
3
2 1 1
40
11 9 6 35 12 5 4 5 25 8 20 7 37 27 18 30 11 34 1 18 25 11 12 39 11 5 29 13 8 7 13 25 33 28 4 23 2 2 9 11
20
4 1 11 9 14 17 13 13 16 1 1 16 19 10 16 4 6 11 18 11
28
19 4 6 17 15 21 19 23 24 16 18 22 14 22 22 7 14 9 15 1 14 16 12 26 26 6 11 19
49
17 33 48 26 7 43 30 2 28 5 47 39 34 4 20 15 8 10 20 16 8 28 41 6 37 10 11 11 44 28 26 43 23 24 46 6 22 47 13 21 26 3 19 3 45 32 4 10 47
50
5 25 16 15 27 12 31 35 46 46 34 47 21 6 25 8 40 48 3 35 30 6 2 32 7 35 49 31 2 30 3 27 33 32 29 39 19 46 22 34 26 22 36 19 43 5 30 2 6 33
40
12 25 4 33 18 2 16 28 31 40 31 3 20 32 8 36 14 11 19 30 36 12 21 14 21 26 13 23 27 8 1 22 32 3 5 20 36 22 20 19
10
10 7 2 8 5 8 7 4 7 10
48
9 25 3 7 24 15 4 17 41 47 44 16 41 39 19 3 16 8 13 16 13 34 46 20 38 25 24 34 6 23 35 12 22 23 18 47 9 32 34 37 23 15 30 31 5 33 41 38
34
31 1 26 14 26 26 5 26 26 4 26 19 26 26 6 33 22 7 13 16 26 26 26 26 8 25 26 26 29 6 26 24 26 26
3
1 3 2
12
10 11 5 6 11 2 12 10 1 11 7 2
22
15 4 21 14 20 11 22 19 1 10 15 1 6 10 6 19 6 21 4 13 17 20
12
7 5 6 9 9 1 9 9 12 11 7 12
50
22 38 18 16 42 29 31 29 37 50 27 10 14 15 19 8 9 43 2 49 6 48 2 18 26 46 11 15 48 20 11 24 35 43 36 33 13 43 26 46 7 34 25 9 27 13 24 46 46 17
3
2 2 1
8
8 3 2 8 6 7 5 2
3
1 1 2
50
35 13 22 48 5 21 4 27 11 34 10 12 49 7 18 40 39 45 5 49 40 35 15 1 24 12 12 11 39 44 33 9 39 20 10 24 14 22 49 37 35 28 27 18 25 49 45 3 47 23
3
2 2 2
3
3 3 3
48
42 7 11 23 21 18 10 9 30 6 2 28 35 36 5 9 13 28 9 14 20 27 33 20 14 39 36 13 20 39 22 41 14 26 14 41 30 42 39 5 25 7 38 35 14 10 3 36
3
2 2 3
3
3 3 1
4
2 1 2 1
20
12 4 2 10 8 15 7 14 11 8 12 12 13 1 14 7 20 20 1 8
3
1 3 3
16
9 1 12 7 13 6 11 8 13 12 9 10 13 9 6 12
49
8 36 48 2 27 47 6 37 19 11 34 48 23 5 5 49 19 29 26 42 27 23 35 4 21 43 10 4 34 20 29 22 9 48 47 26 6 11 36 40 6 40 33 41 12 33 1 33 30
50
44 18 15 23 9 19 46 13 47 1 13 18 45 28 46 9 41 19 46 37 8 14 13 13 31 42 43 38 43 29 32 4 21 28 47 2 37 32 44 17 3 25 32 22 22 36 8 34 32 7
3
1 2 1
49
21 6 19 39 31 49 32 40 47 42 33 21 49 4 41 3 20 14 44 33 35 3 44 35 28 3 11 42 29 41 31 29 49 31 1 13 49 47 40 44 6 17 7 2 44 39 46 13 21
22
22 9 5 5 5 5 5 5 9 5 5 5 5 5 5 5 5 5 5 5 21 5
14
9 5 8 8 11 13 9 7 11 2 10 14 3 5
30
10 8 23 9 18 29 2 30 11 29 26 12 23 9 19 30 18 6 3 21 14 2 1 14 18 10 18 22 14 26
49
10 44 18 43 34 26 30 7 42 17 12 43 46 22 25 21 49 40 22 21 24 33 36 1 34 27 2 31 49 12 31 12 28 41 15 4 18 18 36 44 13 44 46 40 12 27 14 43 28
3
3 1 2
49
19 15 42 7 49 19 41 30 2 33 11 2 47 17 31 3 38 20 28 7 12 32 43 34 38 13 48 11 30 47 17 41 18 17 36 46 47 8 42 26 48 40 1 21 3 29 24 1 5
28
3 17 27 22 1 7 7 13 15 26 1 11 5 10 7 1 20 5 23 17 23 19 3 15 21 10 1 20
50
50 1 28 8 32 27 10 32 13 19 40 41 11 45 9 30 30 12 48 4 18 32 25 48 33 18 22 3 24 4 33 45 18 29 49 11 38 7 48 11 7 43 23 9 17 21 11 24 22 28
32
12 5 23 17 17 24 25 10 19 15 14 26 25 7 17 12 19 24 32 9 20 2 24 1 6 10 3 5 11 25 13 14
38
12 23 1 17 11 26 29 4 35 4 36 22 16 22 6 31 34 38 6 19 3 14 15 25 15 28 38 10 26 12 2 21 6 19 13 4 34 25
49
17 16 3 47 19 3 31 14 44 8 19 24 22 17 42 24 6 43 26 9 47 35 45 16 32 47 4 22 13 9 31 12 33 5 45 7 30 26 40 47 16 4 32 37 10 26 18 47 3
1
1
30
19 16 16 6 30 20 7 19 12 10 19 30 16 17 19 27 5 1 11 2 15 15 9 30 28 19 24 29 7 7
49
14 33 7 29 8 34 33 17 4 5 2 47 30 2 11 36 16 48 27 38 4 31 48 34 5 46 46 37 25 10 26 28 49 9 5 14 29 8 21 47 4 23 26 2 12 33 28 8 25
4
3 2 3 2
3
1 1 1
49
32 24 2 7 10 34 10 12 3 5 28 30 28 26 10 29 8 2 17 17 18 23 45 17 24 32 27 40 3 6 26 8 26 30 4 5 11 6 4 14 48 5 43 42 39 45 13 22 23
3
2 3 2
4
4 1 4 1
49
43 17 14 44 8 21 42 19 41 31 40 42 33 13 2 35 17 17 17 25 46 23 36 11 36 38 20 12 1 46 2 11 15 26 5 21 48 21 5 16 17 36 49 26 42 45 36 17 24
12
8 6 12 5 9 10 7 8 3 11 7 10
38
29 5 33 14 5 3 10 4 16 24 29 33 21 18 23 37 8 11 31 26 30 31 22 26 34 31 3 30 32 10 25 38 6 28 16 21 24 10
14
13 1 6 2 9 10 3 11 7 4 3 5 13 6
3
1 3 1
3
1 2 3
3
3 2 3
4
2 4 2 4
40
20 27 5 36 18 9 9 22 20 1 4 3 13 20 28 26 28 29 34 40 37 37 2 16 22 25 39 3 13 7 32 1 14 38 9 15 24 31 20 9
50
36 8 35 26 17 5 27 8 42 20 34 50 10 49 13 9 3 18 32 38 12 34 16 23 32 7 15 16 32 32 47 39 13 10 6 37 11 50 24 18 12 27 27 27 9 9 24 1 20 21
40
1 22 26 2 8 11 29 6 32 11 6 4 23 19 6 29 18 17 28 2 9 7 6 17 32 33 9 1 10 33 32 3 38 27 28 33 17 14 11 11
50
16 37 10 31 14 2 7 26 40 17 9 21 4 8 8 23 34 31 28 32 21 6 45 5 26 49 19 15 41 48 20 50 28 25 2 13 40 23 32 7 31 15 7 27 49 17 25 22 35 16
3
2 1 3
3
1 2 2
46
11 9 33 17 19 11 46 31 45 43 26 26 43 11 28 18 27 18 1 20 23 14 3 44 34 42 33 1 35 13 34 11 12 32 16 11 38 34 45 28 12 19 2 36 6 15
2
1 1
18
16 4 15 11 9 11 9 16 13 5 7 9 8 9 18 4 1 16
2
1 2
6
4 5 2 4 3 2
3
1 1 3
3
2 3 3
3
3 1 1
38
3 32 4 10 32 16 36 14 24 3 26 35 32 4 36 25 37 35 3 34 7 17 38 15 34 28 3 36 23 32 23 16 32 20 33 35 17 38
4
3 3 3 2
34
26 3 9 32 25 6 9 20 18 16 4 14 14 23 8 21 30 1 29 18 30 16 18 26 9 16 8 16 9 23 24 27 23 21
3
3 2 1
50
37 14 34 36 42 5 17 28 39 15 12 34 7 28 39 48 20 13 25 18 15 19 23 23 44 8 50 2 30 34 3 7 4 37 32 38 32 24 30 40 31 33 41 39 22 13 16 4 50 44
46
41 7 35 38 19 39 17 19 22 12 37 21 31 39 42 27 22 6 46 8 6 31 18 1 15 20 45 4 18 12 9 41 5 6 18 34 22 8 24 14 3 20 15 36 37 4
3
2 3 1
28
21 18 4 16 1 24 11 1 4 15 20 9 20 24 4 21 12 12 5 22 15 23 11 16 13 12 15 24
8
4 2 8 4 6 3 7 2
50
35 40 14 3 12 39 34 31 14 7 5 21 35 18 36 27 18 8 8 47 10 31 5 41 17 29 22 30 30 42 3 32 15 27 15 20 13 11 36 1 25 41 22 34 50 2 10 24 13 7
8
5 8 1 3 5 8 7 1
49
9 45 25 24 48 21 30 8 32 14 38 24 35 24 44 19 41 36 42 24 2 29 27 14 7 35 47 28 42 43 4 42 8 5 24 21 23 18 9 16 16 27 30 33 23 24 25 4 2
36
20 22 29 36 33 13 35 12 10 26 20 33 22 16 21 36 28 24 23 23 32 20 31 6 24 28 3 9 15 29 24 7 5 34 10 20
4
4 2 4 2
16
1 7 15 12 5 15 3 13 16 6 7 10 1 13 4 12
50
36 20 27 40 31 33 12 31 8 32 30 44 17 29 43 44 13 14 2 27 24 18 8 4 7 6 35 4 38 16 23 31 50 25 24 18 42 41 29 39 48 22 26 39 26 25 24 40 42 25
3
3 2 2
16
8 12 15 12 6 10 2 7 10 10 6 8 8 5 10 10
3
3 1 3
2
2 2
2
2 1
3
3 3 2
16
12 7 3 1 4 7 8 16 6 2 12 2 3 6 9 16
0
