1.000000000000
1.414213562373
9.284766908853
159.624559513879
303.664288318531
800.000000000000
1783.825383831052
296.609170458366
295.611231180414
476.745307202077
108.664621657649
377.000000000000
1440.700524050713
578.221410879950
1036.745870500577
24.082730338408
56.568542494924
20.000000000000
140.929060168583
223.787845961303
1467.906332161559
1039.525372465723
0.000000000000
92.649878575204
147.299015611103
2699.075582491161
1747.114478218299
1153.693633509347
956.620091781476
1489.584170162935
27.018512172213
63.600314464631
704.194575383821
841.209248641502
183.554847189521
0.000000000000
39.924929555354
48.083261120685
1784.807272508715
1131.370849898476
141.421356237310
500.000000000000
1058.007561409653
38.118237105092
0.000000000000
1207.738382266623
1745.513714846966
130.545011394538
425.029410747068
533.000000000000
