2
0 0
1 0
3
0 1
1 1
2 0
2
0 0
1 0
5
0 -1
2 -1
2 1
-1 1
2 1
10
40 15
40 20
40 15
45 10
50 12
50 10
50 15
60 15
65 20
70 18
10
40 10
40 15
45 20
50 18
50 15
50 20
60 20
60 15
65 10
70 12
40
3 -995
1 -967
-9 -566
2 -467
1 -431
4 -381
6 -108
-6 -72
6 20
2 262
0 317
0 378
-7 420
-4 483
-3 562
-5 626
2 635
-2 631
0 650
2 675
-10 428
-5 422
3 271
-6 250
-2 195
3 163
10 99
2 66
5 -13
-9 -233
-1 -411
-3 -456
2 -725
-2 -724
-1 -247
-2 -59
6 391
-8 477
-10 658
-3 774
40
15 -901
31 -899
61 -898
67 -900
78 -903
95 -897
85 -900
30 -903
0 -901
-56 -900
-58 -902
-97 -903
-72 -899
-60 -902
-49 -899
-32 -900
-1 -599
0 26
-2 193
0 227
-2 350
-1 411
3 479
-3 896
-20 900
-53 901
-74 902
-76 900
-96 899
-53 900
-6 898
49 897
61 901
67 899
95 900
75 899
75 898
33 901
27 901
14 904
14
427 -84
819 220
860 442
851 447
595 841
187 900
465 875
118 833
-221 395
-156 612
-236 447
16 -25
281 -106
155 -103
10
477 -26
668 91
850 389
826 540
318 888
66 865
-103 695
-225 229
-120 5
-13 -30
40
-1000 0
827 0
952 0
425 0
670 0
-936 0
-166 0
279 0
828 0
979 0
870 0
543 0
977 0
-938 0
-205 0
-26 0
331 0
-477 0
481 0
567 0
-157 0
-751 0
973 0
-951 0
509 0
229 0
-818 0
886 0
52 0
-380 0
-111 0
835 0
724 0
94 0
-525 0
398 0
608 0
-225 0
-885 0
1000 0
40
-1000 0
-471 0
-136 0
-184 0
-259 0
-602 0
-157 0
-885 0
0 0
0 141
0 770
0 800
0 411
0 732
0 111
0 -479
0 457
0 167
0 -605
0 347
0 -642
0 114
0 667
0 -800
0 -213
0 -644
0 -779
0 -229
0 -247
0 -751
0 0
226 0
474 0
47 0
492 0
944 0
430 0
245 0
325 0
1000 0
40
84 -689
534 381
-329 737
810 -189
760 452
-487 969
105 299
-986 -592
-362 -226
446 -248
459 -326
11 758
256 -936
90 398
390 783
-529 -338
-825 698
-106 34
-684 -726
-577 -132
-763 163
-425 234
870 617
753 317
768 665
-233 -745
101 270
318 497
968 -911
-793 -63
-930 -85
-494 -520
457 239
-175 -330
606 -802
-599 610
913 386
593 588
911 -763
512 -605
40
-589 963
-653 -854
441 -856
-687 153
206 884
276 -97
-942 -271
669 199
996 996
-876 -296
530 399
389 -479
-418 881
66 -514
-573 -445
989 274
-992 777
-647 -471
-4 641
609 518
-27 -759
246 219
141 710
340 140
604 -827
37 -572
569 577
-679 -90
570 221
18 -454
-528 452
953 548
32 -213
-805 234
-321 -533
-46 -210
68 657
-543 -80
796 -115
-89 255
40
586 902
-436 910
-908 797
-904 629
-896 550
-917 538
-906 463
-871 390
-882 380
-910 352
-916 201
-899 158
-900 81
-911 33
-886 46
-831 14
-352 -6
-322 7
-181 6
366 9
428 1
480 0
651 1
883 -25
887 -45
890 -75
901 -110
908 -190
918 -192
916 -499
887 -642
907 -705
541 -895
301 -899
129 -909
-202 -916
-221 -915
-337 -903
-439 -906
-662 -915
40
376 895
-9 874
-540 899
-586 883
-650 920
-895 660
-921 416
-897 318
-887 32
-856 5
-217 -12
308 7
333 -27
320 -3
765 13
379 -9
-157 -2
-656 -1
-648 -6
-284 -1
-87 -15
190 -1
182 6
252 -10
895 -21
120 2
21 28
-482 -6
-894 0
-829 -19
135 1
904 -164
885 -247
898 -254
906 -686
892 -933
737 -920
-107 -915
-212 -896
-366 -896
40
308 762
196 487
158 404
133 330
96 237
54 134
10 28
-151 -389
-300 -726
-348 -864
47 128
97 262
154 394
322 808
284 711
275 680
189 453
160 409
140 327
-63 -144
-142 -352
-246 -599
-299 -768
-341 -850
-408 -994
-125 -309
84 192
112 299
179 444
266 667
299 739
319 797
288 703
279 695
276 689
114 256
78 185
-84 -207
-219 -553
-285 -705
40
305 998
298 997
302 1000
297 1000
301 998
299 1000
301 999
301 1000
300 998
300 999
299 999
303 1000
302 999
297 1000
301 1000
300 1000
302 1000
304 1000
300 999
299 999
298 1000
300 1000
63 219
41 140
-20 -59
-103 -357
-179 -598
-228 -784
-301 -1000
-298 -1000
-301 -1000
-299 -997
-298 -998
-302 -1000
-300 -1000
-303 -1000
-302 -1000
-298 -999
-304 -1000
-299 -1000
18
-611 -383
-600 258
-601 422
207 589
490 591
595 522
600 -461
519 -583
-304 -420
-396 -145
-441 -77
-402 196
407 405
400 -22
377 -376
349 -327
298 -320
80 -65
17
-513 -357
-419 525
-126 481
151 474
504 -178
505 -444
395 -515
359 -488
-272 306
-266 305
-11 278
50 283
296 -118
299 -133
66 -46
79 -85
19 -29
40
907 -60
898 64
836 342
818 346
788 428
656 618
459 771
355 824
352 824
173 888
21 899
34 902
-293 856
-363 823
-543 725
-700 566
-762 482
-874 225
-843 304
-895 13
-889 91
-894 -71
-855 -254
-806 -400
-798 -437
-634 -637
-442 -794
-520 -729
-331 -835
-136 -888
67 -895
170 -890
254 -863
406 -806
540 -717
518 -733
716 -539
820 -367
838 -329
872 -165
40
895 48
892 90
863 267
793 414
764 476
577 693
453 777
377 805
224 876
110 891
-48 894
-262 864
-221 873
-355 822
-600 682
-681 587
-782 443
-742 519
-876 225
-887 158
-907 31
-889 -133
-818 -377
-796 -402
-757 -492
-611 -655
-608 -673
-366 -822
-442 -783
-57 -903
15 -899
91 -890
336 -833
457 -769
514 -742
642 -625
699 -566
700 -579
840 -345
868 -201
40
-235 1000
-68 1000
-436 975
-474 751
-457 614
-256 312
-410 492
-377 455
-401 476
-310 360
46 191
9 187
58 182
12 138
-82 18
-13 124
-123 -152
-69 -495
-79 -499
9 -643
364 -766
119 -716
586 -632
678 -287
652 -173
672 -264
555 5
297 182
364 156
431 113
235 200
155 213
181 247
139 218
295 433
318 536
330 619
192 1000
260 905
-188 1000
40
-252 1000
-110 1000
-401 1000
-343 1000
-474 723
-484 733
-354 404
-306 357
-476 666
40 185
-44 197
73 194
30 159
32 168
-68 37
-62 45
-132 -288
-122 -263
6 -625
-72 -493
211 -762
431 -746
668 -424
662 -219
676 -364
680 -316
671 -486
512 37
306 180
206 205
265 199
147 217
241 323
267 370
279 412
315 528
301 456
327 551
269 896
189 1000
39
-699 -534
940 -11
-940 -506
-757 -956
-641 -760
-782 -25
-645 -99
203 955
456 592
-994 732
-68 -30
770 -963
-239 -637
-759 -704
-440 405
340 -873
471 548
740 50
638 -436
300 -144
-771 -342
-128 655
-340 -776
495 -642
957 310
-428 -346
785 265
322 -632
799 -539
-50 80
-918 658
-530 -300
509 547
466 407
456 -715
-669 322
242 -936
759 318
326 -746
36
-648 -248
947 -6
-994 814
-1 -559
-40 -255
-727 706
-45 -148
-498 -394
-744 903
-673 -479
-213 494
-419 -701
707 -550
-654 279
353 -641
63 775
-545 172
-887 -256
-362 867
-712 276
623 565
-997 -76
978 -207
299 -733
206 102
-690 39
55 -483
71 -66
-380 -921
180 583
-529 621
720 175
529 287
-442 106
-970 -865
-341 531
6
-92 698
-28 565
-4 537
187 224
305 -11
589 -422
40
-190 838
-155 795
-134 748
-76 667
-70 658
1 550
14 526
22 512
35 500
45 494
54 465
66 457
62 441
129 367
135 328
168 305
200 243
211 228
228 211
240 176
275 142
325 60
336 50
343 50
346 41
348 37
360 11
403 -58
597 -349
608 -370
629 -387
678 -451
694 -494
742 -583
752 -582
771 -590
780 -624
794 -648
916 -818
957 -868
37
-807 -437
-727 -216
572 -243
286 178
441 243
9 715
-766 36
193 198
-188 585
659 836
255 -347
626 -748
-78 -157
809 -446
-504 418
313 -885
-337 57
-666 688
155 -791
-926 253
739 -969
-246 -417
-690 971
-537 512
967 -296
-299 779
-564 313
976 -483
624 -379
200 132
-258 -394
-345 -239
887 106
560 -333
746 674
-107 -736
188 284
33
212 -246
-342 590
779 79
884 624
-758 495
-68 -108
261 -415
-496 -91
-79 -448
-516 451
-738 -238
442 193
170 868
-27 -103
40 41
-872 465
557 -608
227 -195
753 -169
327 173
293 -794
236 649
-488 -12
-333 258
-325 -399
461 -71
-880 980
-391 371
628 465
-688 -733
-9 -952
708 -842
-222 -25
10
996 -994
824 -829
749 -746
-101 124
-133 129
-182 197
-769 780
-967 1000
-988 994
-977 997
15
986 -993
822 -830
745 -737
714 -742
185 -193
-100 107
-127 130
-190 173
-614 604
-763 778
-823 804
-843 852
-979 985
-978 975
-979 993
3
280 320
590 610
880 920
3
320 280
610 590
920 880
16
0 200
23 177
149 51
132 68
122 78
200 0
121 -79
192 -8
100 -100
71 -129
170 -30
126 -74
165 -35
0 -200
-68 -132
-200 0
14
0 220
91 129
38 182
50 170
77 143
35 185
120 100
220 0
146 -74
0 -220
-4 -216
-161 -59
-11 -209
-220 0
12
897 51
827 362
484 757
68 899
-487 754
-798 441
-894 -37
-761 -482
-544 -716
-127 -896
500 -746
688 -577
12
902 -4
765 484
368 825
-126 894
-461 771
-716 559
-903 -100
-834 -312
-582 -684
26 -901
353 -822
782 -472
40
-7 -823
-2 -644
16 -605
-16 -597
11 -554
-10 -569
-1 -519
12 -491
1 -47
-9 8
4 197
-8 262
8 489
-12 509
5 694
-5 669
-4 479
4 415
1 385
-16 166
3 -299
-1 -323
0 -345
-7 -432
18 -649
4 -692
3 -689
8 -692
2 -657
5 -532
-5 -411
1 -346
-6 -318
-10 -314
12 -139
-20 -22
-7 -4
-13 102
8 496
4 707
40
14 -906
34 -882
34 -907
36 -907
70 -907
82 -904
95 -913
92 -877
68 -894
14 -884
11 -899
-23 -893
-28 -895
-61 -903
-39 -902
-69 -911
-60 -895
-83 -895
-4 -891
3 -892
3 -248
8 -30
15 665
-20 693
1 784
-22 912
-66 910
-92 887
-13 898
82 907
82 889
73 886
84 916
55 906
42 902
12 897
11 910
15 906
12 911
5 882
33
726 951
-205 959
800 990
-709 188
587 691
307 970
-532 878
-672 70
-703 -591
53 729
-748 16
682 -547
-25 113
-174 -629
718 686
234 -89
-588 453
-503 134
320 -771
852 -251
408 -923
-437 -283
261 -487
-334 211
-547 -423
-953 -475
643 478
-197 226
770 -174
308 479
-608 98
-214 -546
766 -38
38
712 292
498 -343
-926 -806
612 -644
-373 775
-194 -24
435 621
663 817
-309 375
305 908
869 646
205 -662
-198 -504
-387 641
956 454
607 -75
-413 735
527 576
-283 881
961 357
-558 719
9 844
-748 302
453 919
-939 676
-655 643
377 -672
-366 129
446 213
557 949
-603 -998
687 193
-783 -691
-61 -165
559 677
-612 -811
169 410
-516 -753
40
-596 579
59 -234
206 911
289 -213
565 837
-10 -222
763 146
-385 -899
-134 -398
-409 -145
142 -462
902 -562
557 -104
3 803
-625 54
-960 843
-584 -346
-158 -840
243 686
570 40
460 697
110 893
-148 289
-540 10
-14 -516
-950 390
864 455
-367 29
629 400
-177 -827
395 324
487 734
-92 -64
-579 873
-589 308
-687 -967
-553 177
-843 735
-498 214
-538 607
40
-30 166
123 -965
-718 742
-428 -259
829 700
-476 -965
513 -658
-917 292
717 365
140 -842
-841 -340
741 -695
-503 306
85 -648
156 -812
186 -698
240 -242
-595 466
-756 -781
323 168
505 -476
-266 202
-14 602
-398 -825
967 -923
-448 -134
699 -827
255 615
447 -468
578 -779
-737 51
13 741
-854 -73
-411 472
-57 -705
812 -580
-637 969
-266 432
-945 40
-465 591
40
224 306
-22 426
-63 446
-104 466
406 517
366 513
286 505
16 478
716 548
706 547
486 525
776 554
576 534
426 519
666 543
-34 473
786 555
446 521
696 546
796 556
676 544
616 538
586 535
736 550
46 481
-84 468
216 498
-54 471
-34 473
256 502
716 548
-94 467
26 479
-104 466
-120 -120
-140 -110
-160 -100
-140 -150
-196 -248
-200 -255
38
224 306
101 366
-104 466
246 501
616 538
526 529
756 552
176 494
226 499
636 540
656 542
296 506
796 556
-14 475
66 483
666 543
356 512
726 549
286 505
236 500
176 494
506 527
36 480
436 520
196 496
306 507
-54 471
696 546
716 548
-104 466
-112 173
-120 -120
-150 -105
-138 -111
-126 -117
-160 -100
-140 -150
-200 -255
35
-51 -1000
27 -904
-19 -861
-6 -809
17 -816
16 -681
42 -680
-8 -567
12 -599
-15 -523
37 -498
12 -375
-25 -380
2 -255
27 -224
30 -265
-44 -205
-30 -127
-25 -135
1 -73
-22 18
25 2
3 99
17 236
-9 453
-24 505
10 495
-72 526
-4 721
21 746
11 852
-18 866
35 915
-16 934
14 950
37
27 -950
-19 -963
-6 -862
17 -819
16 -702
42 -803
-8 -583
12 -635
-15 -597
37 -563
12 -451
-25 -386
2 -384
27 -233
30 -271
-44 -273
-30 -147
-25 -145
1 -136
-22 -51
25 -5
3 44
17 53
-9 254
-24 268
10 454
-72 503
-4 515
21 512
11 716
-18 750
35 815
-16 849
14 866
10 882
-13 967
73 1000
40
-337 128
-310 129
-291 112
-391 44
-356 38
-431 -172
-429 -201
-386 -341
-263 -417
-213 -437
-330 -377
-154 -452
68 -340
-88 -451
-52 -416
149 -241
93 -368
280 -135
157 -283
230 -181
304 -87
248 -210
380 -16
357 -63
383 279
416 11
398 346
300 401
414 109
235 403
146 437
323 391
102 422
-119 317
98 432
109 446
-94 313
-92 340
-222 226
-320 133
40
-218 194
-293 173
-347 56
-406 -45
-425 -299
-345 -378
-161 -412
-233 -382
-443 -190
-381 -282
-63 -450
-94 -451
-158 -447
51 -362
116 -295
-71 -436
134 -284
210 -243
146 -239
301 -144
222 -218
324 -135
381 -26
314 -93
413 121
409 253
440 52
413 277
336 388
109 412
383 341
24 416
-75 350
166 441
-125 317
-141 291
-181 273
-63 359
-226 169
-199 217
40
-924 920
-855 848
-722 724
-693 724
-531 546
-499 482
-400 396
-302 343
-324 321
-325 288
-258 269
-237 243
-242 234
-217 240
-150 146
-125 174
-112 178
-139 152
-120 136
-116 90
-86 61
16 -12
-3 -68
96 -109
151 -135
204 -175
274 -305
287 -321
407 -407
406 -399
419 -421
464 -473
518 -515
524 -523
538 -528
604 -634
686 -651
678 -692
747 -722
780 -780
40
973 -1000
773 -770
759 -741
738 -738
522 -532
398 -415
396 -388
355 -381
311 -342
274 -296
247 -268
239 -227
176 -165
164 -146
93 -125
46 -18
-41 15
-44 68
-112 63
-105 96
-119 126
-164 160
-263 299
-319 310
-300 336
-288 320
-380 332
-404 411
-491 489
-518 528
-533 548
-568 530
-575 547
-697 709
-800 773
-817 775
-843 845
-833 857
-954 958
-991 1000
40
865 916
275 -995
-99 -970
-457 -442
-994 57
-57 860
946 -198
-636 -678
-186 -893
481 -152
224 -735
680 874
-499 334
36 579
-369 586
394 -752
761 466
420 824
-844 -88
748 914
826 -37
-321 619
387 156
-385 -701
-711 -330
167 5
242 -292
99 708
-159 391
132 405
-440 -36
-267 -667
544 651
585 -108
-656 -867
-719 -101
514 234
-130 517
761 -318
-467 707
40
86 694
-972 -425
-439 52
537 -773
518 -905
-674 351
234 192
628 556
-449 999
827 237
600 963
-211 50
697 -953
-228 484
734 -614
-75 724
-222 9
141 -329
-367 841
155 -805
675 -435
-521 -892
712 659
647 -262
-251 382
-424 -934
-814 897
230 7
937 768
-111 632
-280 980
824 595
-682 378
-728 583
-962 315
-95 763
-40 -134
490 -572
-657 -83
-870 -993
7
-718 724
133 -533
302 744
-430 -359
984 252
-705 -460
735 -504
11
435 764
-187 -573
-883 837
-927 -381
22 -341
-995 137
665 -747
311 432
633 -947
488 249
460 -935
7
-622 -824
-743 283
-717 -436
406 -432
111 -759
-743 -661
-380 285
3
97 -193
-570 530
19 419
2
-621 180
114 273
2
773 705
213 883
40
-12 -2
-3 23
6 8
1 13
5 5
5 -5
-19 6
-10 -4
-2 9
2 -2
-8 27
-3 -4
0 2
21 -8
-4 -4
-4 -3
-18 -5
-2 -7
-13 -17
10 3
1 9
0 5
-9 -5
5 -18
-8 14
-2 -9
-3 19
-2 -3
0 -18
-7 -9
-1 -1
12 -8
12 7
14 -11
-31 7
-7 -7
-4 -1
-23 10
5 -5
4 -3
40
5 19
-1 13
23 -6
-4 4
-18 -1
-5 28
1 5
-4 -6
1 10
-2 5
-9 -15
2 -3
-8 1
3 -13
22 -6
1 7
-12 9
8 27
-10 -3
-8 9
15 16
6 6
-14 -5
9 -3
-15 5
-8 5
-3 -10
-3 -8
-6 14
-4 17
19 3
-7 16
8 -23
5 16
3 -3
-6 6
0 -2
-9 13
-1 -6
-12 -2
40
-972 1000
-760 766
-718 697
-669 702
-679 679
-585 577
-581 571
-504 542
-511 520
-411 413
-362 364
-308 292
-312 299
-237 230
-245 213
-207 179
-169 165
-99 91
-87 97
-93 88
9 -27
72 -47
244 -262
303 -313
346 -336
377 -359
350 -375
580 -571
604 -583
585 -569
627 -640
765 -745
769 -755
768 -789
852 -834
880 -887
901 -882
902 -909
903 -925
947 -944
40
-993 996
-993 991
-922 933
-898 940
-861 841
-822 846
-814 792
-622 622
-603 587
-431 436
-387 381
-363 399
-320 319
-301 285
-308 294
-269 267
-214 214
-34 15
86 -83
175 -185
192 -214
216 -230
337 -330
370 -365
387 -387
480 -491
506 -506
516 -496
506 -502
564 -539
557 -561
560 -579
595 -583
595 -604
642 -646
709 -690
743 -725
841 -867
855 -844
985 -995
40
98 195
95 164
90 204
94 187
98 225
80 226
91 195
125 181
135 152
122 175
114 187
103 201
140 188
109 216
90 202
121 207
84 195
80 236
126 181
132 195
85 213
104 205
93 207
109 188
106 169
122 200
94 177
110 199
118 192
109 222
88 219
108 175
70 187
90 183
134 190
110 196
93 217
116 227
122 180
77 199
40
-520 -127
-491 -170
-449 -159
-539 -143
-502 -170
-500 -130
-505 -184
-520 -192
-518 -118
-459 -154
-450 -158
-489 -174
-512 -118
-513 -181
-458 -162
-497 -140
-473 -173
-487 -158
-472 -138
-519 -168
-487 -158
-531 -146
-484 -156
-525 -145
-481 -169
-486 -157
-519 -164
-491 -146
-519 -182
-499 -186
-489 -158
-476 -164
-485 -140
-496 -164
-489 -137
-520 -157
-492 -173
-499 -156
-513 -125
-494 -174
3
-306 178
423 598
-554 441
4
-683 930
864 -108
743 612
-51 505
15
-845 725
-844 725
-845 723
-843 725
-846 723
-846 724
-844 725
-844 727
-529 288
-194 -141
-198 -141
-197 -139
-528 289
-197 -139
-199 -139
13
-989 617
-990 615
-989 619
-986 617
-991 616
-991 617
-658 192
-658 191
-657 190
-657 188
-656 190
-339 -246
-343 -246
40
-988 285
-960 264
-932 243
-884 207
-828 165
-768 120
-744 102
-516 -69
-508 -75
-500 -81
-488 -90
-472 -102
-416 -144
-340 -201
-312 -222
-296 -234
-288 -240
-232 -282
-188 -315
-168 -330
-156 -339
-128 -360
-96 -384
-64 -408
16 -468
28 -477
60 -501
76 -513
140 -561
168 -582
196 -603
248 -642
320 -696
368 -732
396 -753
440 -786
484 -819
500 -831
548 -867
612 -915
40
-988 285
536 -858
-132 -357
-532 -57
-396 -159
116 -543
176 -588
580 -891
264 -654
-528 -60
-824 162
48 -492
-812 153
416 -768
208 -612
-920 234
-428 -135
-284 -243
-480 -96
184 -594
-128 -360
-912 228
-16 -444
448 -792
432 -780
332 -705
-464 -108
88 -522
-948 255
-404 -153
256 -648
164 -579
-28 -435
-40 -426
292 -675
-440 -126
12 -465
268 -657
380 -741
612 -915
40
127 -168
572 -702
172 -222
477 -588
392 -486
267 -336
422 -522
387 -480
612 -750
507 -624
497 -612
147 -192
317 -396
562 -690
567 -696
447 -552
632 -774
407 -504
397 -492
352 -438
187 -240
487 -600
367 -456
252 -318
362 -450
532 -654
442 -546
657 -804
517 -636
307 -384
617 -756
677 -828
527 -648
452 -558
272 -342
282 -354
132 -174
212 -270
577 -708
682 -834
40
164 -153
244 -249
389 -423
264 -273
284 -297
709 -807
644 -729
404 -441
294 -309
609 -687
689 -783
649 -735
349 -375
424 -465
314 -333
304 -321
384 -417
194 -189
219 -219
339 -363
719 -819
90 -183
225 -345
310 -447
460 -627
210 -327
465 -633
545 -729
635 -837
235 -357
295 -429
215 -333
570 -759
275 -405
610 -807
305 -441
500 -675
175 -285
125 -225
645 -849
40
30 0
28 -3
26 -2
112 90
84 62
28 0
31 -5
108 91
32 -1
33 3
84 60
114 102
235 201
230 197
233 202
116 102
88 71
112 99
113 96
28 3
31 -1
115 97
113 98
31 2
32 1
31 1
114 99
149 126
115 99
115 102
113 101
114 99
116 97
57 40
62 44
69 48
117 100
232 197
228 203
234 201
40
0 30
4 33
101 113
100 114
101 116
102 116
90 107
99 119
102 117
100 111
101 115
101 114
101 115
102 117
98 117
-3 28
-2 31
101 116
99 109
33 63
101 116
179 208
99 116
12 39
67 89
77 94
101 114
201 229
133 154
100 112
100 116
200 233
99 111
101 112
103 117
12 40
-3 25
96 117
201 228
200 235
2
2 -686
765 686
40
541 -635
-870 988
159 418
656 -249
531 -962
-159 -912
773 -341
683 -228
-52 -948
843 -769
308 -96
-119 -338
606 -271
178 558
-667 -195
-961 185
87 -243
609 -838
-213 691
-486 325
-976 -253
-61 -282
-306 -966
620 -246
-302 396
154 -778
-279 -32
-231 -575
861 223
-83 -268
457 981
905 -129
102 827
73 261
-328 782
-666 -220
477 -169
582 705
-143 -33
-196 -818
18
0 0
265 -265
773 -773
488 -488
712 -712
169 -169
800 -800
800 168
800 -681
800 -767
800 -409
800 -585
800 751
800 800
677 677
538 538
797 797
0 0
17
0 0
-683 -683
-170 -170
-668 -668
-137 -137
-800 -800
-800 685
-800 762
-800 517
-800 -489
-800 -98
-800 -511
-800 800
-626 626
-339 339
-721 721
0 0
40
-600 -600
-600 362
-600 -155
-600 -399
-600 -90
-600 541
-600 600
-85 600
-287 600
-348 600
600 600
600 190
600 129
600 279
600 559
600 -600
415 -563
-25 -475
-400 -400
-400 71
-400 102
-400 -277
-400 400
-167 400
-347 400
-361 400
-69 400
-359 400
-356 400
307 400
94 400
183 400
400 400
400 232
400 389
400 147
400 107
400 -400
211 -211
0 0
40
-500 -500
-500 105
-500 382
-500 -494
-500 -37
-500 -434
-500 398
-500 -41
-500 -94
-500 -275
-500 500
-408 500
436 500
-328 500
-457 500
500 500
500 -198
500 40
500 52
500 -473
500 175
500 -103
500 -500
196 -424
224 -431
-300 -300
-300 -39
-300 161
-300 300
112 300
220 300
226 300
300 300
300 42
300 -260
300 -300
263 -263
95 -95
113 -113
0 0
15
-500 -500
-420 -420
-426 -426
-493 -493
-56 -56
-252 -252
0 0
448 -448
283 -283
33 -33
391 -391
407 -407
450 -450
102 -102
500 -500
15
-500 -500
-277 -277
-408 -408
-372 -372
0 0
0 456
0 500
0 315
0 451
0 258
0 430
0 0
69 -69
327 -327
500 -500
30
-704 271
-830 -583
-624 342
-592 704
35 -66
282 -966
-329 93
-705 -116
857 282
212 963
96 -917
-306 -281
-201 -988
-980 257
-815 573
877 -898
-660 -227
985 787
-282 -233
-681 -691
812 875
900 -20
-578 -5
-914 270
-656 847
616 -65
-439 -648
-149 -239
-697 64
-749 -390
33
-109 66
348 765
293 597
944 -166
-804 963
-974 -327
966 -826
970 454
490 565
-707 -108
-63 -854
329 50
556 562
-463 -808
56 516
-408 -456
505 571
-540 831
-645 981
-650 922
-361 -955
-762 -645
189 210
879 721
229 809
-247 -744
-254 235
3 652
-719 -238
639 -121
-759 679
-617 -841
-706 464
40
900 900
-898 888
-891 903
-265 909
870 881
-908 900
-889 -3
841 11
-909 -1
-904 888
-888 896
-894 -7
617 -2
-897 -3
-903 557
-904 907
-890 900
-897 18
898 3
880 -37
888 10
901 5
896 7
-906 -1
-914 -4
220 2
-915 -10
-913 903
-911 886
-893 886
717 900
-906 924
-906 906
-210 904
-910 902
-913 893
-894 8
891 -2
894 -902
-893 -879
40
900 900
-898 894
-899 -1
-896 -2
-904 5
-913 -5
-910 896
-908 904
-889 1
856 1
-904 1
-894 613
-921 -1
-889 10
-894 -9
845 10
-899 -15
-879 -5
-840 -15
-906 5
-896 4
177 5
-893 6
-899 465
-897 373
-894 137
-896 155
-903 894
-908 879
-890 1
-916 -12
-903 -16
-900 -20
-904 2
887 1
894 -16
904 -8
898 -1
902 -898
-892 -900
40
110 903
109 902
80 873
-128 665
-295 498
105 898
87 880
-490 303
30 823
-239 554
-534 259
-433 360
-641 152
-77 716
-355 438
-178 615
-317 476
-170 623
-298 495
-410 383
-247 546
-1 792
-79 714
-104 689
-651 142
64 857
-30 763
-134 659
-631 162
-179 614
-7 786
108 901
84 877
-237 556
-83 710
48 841
-140 653
-579 214
-504 289
-690 103
2
110 903
-690 103
20
-633 232
-656 -435
-88 761
299 560
-308 -610
-948 -974
-433 -427
33 -255
186 -716
26 12
943 788
403 637
-5 863
871 -767
-123 378
303 -904
-391 404
866 872
-771 769
-899 -394
18
-377 884
-493 351
-148 -761
354 148
261 765
-309 942
109 988
931 -498
312 381
-84 707
-340 -783
779 -397
588 -897
-519 -722
-511 -872
760 22
-746 -676
-128 186
30
380 598
-780 746
-985 552
137 -189
391 -194
-216 248
319 -289
-394 399
-959 311
818 -87
-464 -905
-786 913
-828 -6
855 -479
-543 124
-550 -258
755 169
-423 -237
-990 -605
947 303
-526 164
89 468
-977 -190
514 -371
517 -501
173 869
-120 -136
405 876
-479 956
38 772
2
-862 39
-392 851
12
-392 601
-353 599
-180 602
354 594
350 593
460 609
-31 -737
-91 -596
-196 -345
-309 -65
-310 -53
-393 103
10
-396 595
-82 594
-61 593
374 605
568 605
158 -439
-22 -745
-92 -576
-300 -95
-442 224
30
595 958
616 911
588 879
603 855
602 745
615 568
599 550
609 503
616 63
595 81
607 -83
586 -114
604 -214
619 -257
603 -319
586 -346
600 -365
604 -480
580 -530
590 -584
600 -658
592 -684
585 -701
596 -729
588 -775
589 -817
599 -894
603 -937
595 -972
596 -997
5
604 843
602 531
620 -154
625 -468
601 -572
40
-1000 0
-176 -10
833 -18
-655 -1
-859 -13
-948 10
29 1
-1000 0
11 -8
-925 7
511 -1
428 -19
611 6
-242 -7
-425 5
-886 14
634 1
524 21
-604 8
848 -5
887 -14
-381 0
-436 -6
-994 -16
928 -12
-51 2
-770 -18
-633 13
-85 -8
266 -7
531 9
368 27
724 2
888 -7
-871 0
-296 0
336 9
948 5
696 -7
1000 -3
40
-1000 0
-781 -4
-682 -3
-639 -1
-633 -9
-433 4
-374 -3
-368 3
-360 -1
-345 -6
-91 -3
-47 -1
108 2
136 -8
145 -10
241 4
456 -6
478 1
473 0
468 4
298 1
224 -10
185 -3
176 4
110 1
68 4
27 9
-199 -4
-229 -1
-375 6
-484 -1
-487 5
-477 1
-423 -5
-350 4
-248 -2
79 0
158 -5
183 11
467 -3
0
