1.000000000000
1.414213562373
9.284766908853
83.000000000000
175.410946066658
1952.266631380048
593.273124285940
30.016662039607
60.299253726725
166.012047755577
20.000000000000
2682.769091815395
105.171288857749
1712.636855845395
980.101311111178
1060.660171779821
1814.583698813587
0.000000000000
257.419890451379
1562.987204042311
179.002793274295
1016.243544697947
601.470484437068
0.000000000000
1518.519344624888
0.000000000000
112.378823627942
1855.776387391541
532.950416562094
267.884303384875
278.088115531750
288.461435897418
108.158739279183
1692.927641690572
371.296377574573
1765.254939095201
1797.931311257468
38.000000000000
0.000000000000
982.519719903881
1072.821047519110
38.000000000000
369.033873783966
112.196878403274
182.510944731519
141.421356237310
1160.882853693688
1027.861532223043
1188.529343348325
42.801869118065
