2
0 0
1 0
3
0 1
1 1
2 0
2
0 0
1 0
5
0 -1
2 -1
2 1
-1 1
2 1
10
40 15
40 20
40 15
45 10
50 12
50 10
50 15
60 15
65 20
70 18
10
40 10
40 15
45 20
50 18
50 15
50 20
60 20
60 15
65 10
70 12
35
10 -977
0 -891
-52 -824
0 -851
-53 -874
-61 -669
-31 -627
-2 -504
35 -502
-26 -464
-2 -372
-17 -348
-28 -332
-19 -308
0 -275
4 -301
-19 -197
-51 -203
18 -87
38 -90
0 33
-18 -7
31 63
49 83
9 194
22 219
22 410
1 411
-61 396
-34 516
22 509
-15 575
-6 627
-43 948
-6 1000
37
0 -987
-52 -824
0 -868
-53 -914
-61 -777
-31 -729
-2 -537
35 -539
-26 -502
-2 -404
-17 -424
-28 -367
-19 -346
0 -307
4 -345
-19 -245
-51 -244
18 -207
38 -236
0 -46
-18 -116
31 -86
49 -4
9 94
22 101
22 229
1 217
-61 348
-34 456
22 437
-15 499
-6 482
-43 612
-6 640
-55 704
11 890
-16 1000
40
-5 -775
6 -678
23 -594
7 -552
5 -419
15 -342
-2 -358
-5 -214
-23 -100
6 -61
7 212
16 472
5 650
-14 614
6 388
6 364
-3 -141
19 -222
13 -239
16 -334
13 -387
3 -589
-8 -605
4 -617
13 -644
-3 -565
-17 -357
3 -309
7 -212
-13 -50
10 107
-3 92
8 127
-25 146
-7 170
3 177
-7 444
4 568
10 770
4 840
40
45 -916
41 -907
68 -897
75 -892
98 -903
96 -901
107 -910
59 -884
42 -883
24 -881
-60 -889
-69 -917
-72 -900
-23 -901
10 -884
3 -890
13 -463
-7 -288
-2 -265
-18 -115
12 -43
3 66
-6 370
5 790
-42 918
-70 915
-58 904
-77 907
-95 895
-107 897
-101 914
-42 905
34 905
62 914
74 893
97 908
86 889
66 895
0 909
34 898
40
-37 -639
-578 -598
-13 237
-319 -891
998 -112
-209 867
-628 463
29 -112
976 -152
-907 872
-390 -509
936 -817
831 -612
-700 964
108 498
-340 726
-20 390
413 -89
-618 -220
895 -408
787 -655
551 267
912 443
75 -676
76 -440
776 -455
-12 843
-547 751
371 400
-38 -748
-286 -178
901 -922
-737 -566
-467 841
-189 -565
332 -155
-198 -168
520 -734
-90 -971
952 897
40
620 -935
-202 410
-478 -603
-55 77
214 654
-643 685
636 60
-698 -275
-707 763
-373 -130
-932 974
844 -172
25 533
105 153
-91 771
-979 -482
814 678
937 -925
878 365
169 -848
567 90
974 944
-694 371
222 -621
-1000 -489
-595 -184
211 -386
797 853
628 -106
-917 79
-983 853
182 885
827 541
-682 127
-353 251
-493 -935
805 786
-588 678
-755 -103
-969 549
40
255 627
148 374
135 350
116 257
-116 -296
-186 -447
-292 -736
-341 -868
-360 -877
-199 -524
-68 -183
59 144
139 351
143 363
143 359
146 405
210 500
296 732
302 739
350 858
402 987
322 807
228 596
12 28
5 6
-361 -902
-336 -846
-322 -813
-284 -695
-186 -460
-33 -83
16 57
228 570
286 705
355 892
216 570
121 313
98 270
-62 -145
-165 -423
40
300 1000
297 1000
303 1000
300 998
301 999
300 996
302 997
301 998
306 1000
299 997
301 998
295 1000
300 999
297 1000
298 1000
300 1000
302 1000
300 1000
301 1000
300 999
299 1000
217 713
172 575
24 75
-34 -122
-284 -952
-298 -995
-303 -1000
-301 -998
-300 -1000
-301 -1000
-302 -1000
-302 -998
-301 -996
-303 -1000
-296 -998
-299 -998
-300 -1000
-299 -997
-301 -999
3
-901 -210
-320 -220
-99 -210
3
-900 -240
-320 -230
-100 -240
40
-139 128
237 -13
37 62
301 -37
357 -58
397 -73
21 68
-75 104
597 -148
269 -25
421 -82
117 32
-3 77
485 -106
189 5
549 -130
293 -34
317 -43
-67 101
181 8
213 -4
677 -178
113 30
-169 134
7 68
351 -61
135 20
615 -160
71 44
439 -94
367 -67
623 -163
31 59
447 -97
95 35
487 -112
-49 89
519 -124
-33 83
647 -172
40
-109 128
459 -85
-13 92
67 62
499 -100
187 17
355 -46
91 53
699 -175
491 -97
523 -109
123 41
-85 119
-69 113
427 -73
75 59
-53 107
259 -10
243 -4
179 20
579 -130
659 -160
-45 104
203 11
-61 110
627 -148
-29 98
443 -79
27 77
595 -136
483 -94
115 44
275 -16
211 8
-93 122
651 -157
531 -112
587 -133
163 26
707 -178
12
893 41
754 493
413 797
-42 890
-366 830
-749 499
-897 -55
-790 -429
-462 -776
52 -899
354 -826
721 -545
12
896 -32
800 420
444 783
-269 864
-495 748
-793 442
-909 -20
-788 -426
-443 -777
-109 -902
472 -769
807 -403
16
0 200
138 62
170 30
147 53
200 0
104 -96
170 -30
110 -90
35 -165
23 -177
71 -129
0 -200
-81 -119
-46 -154
-128 -72
-200 0
14
0 220
19 201
108 112
220 0
146 -74
87 -133
0 -220
-79 -141
-6 -214
-110 -110
-37 -183
-204 -16
-17 -203
-220 0
40
-974 998
-853 891
-874 835
-737 742
-761 750
-723 739
-684 668
-661 685
-679 676
-466 474
-484 479
-468 469
-408 399
-341 357
-281 298
-260 277
-279 295
-251 245
-222 269
-146 167
-126 145
-75 51
-71 42
5 -22
86 -75
127 -168
181 -181
317 -332
347 -383
424 -428
415 -421
501 -447
699 -678
686 -695
710 -700
716 -714
761 -708
817 -782
791 -789
901 -901
40
894 -919
876 -898
774 -778
740 -779
685 -716
505 -533
450 -428
411 -382
383 -384
374 -385
282 -298
281 -271
271 -260
159 -142
133 -108
30 -39
-86 40
-48 80
-99 100
-232 250
-246 263
-247 210
-270 305
-301 311
-304 325
-328 331
-411 401
-502 542
-548 526
-591 588
-593 587
-594 608
-604 609
-724 702
-782 770
-784 793
-852 827
-866 846
-890 910
-1000 992
40
-1000 0
585 -1
-945 -4
-789 7
0 6
-433 -5
-433 -15
-991 15
763 2
64 -3
139 0
106 15
-661 -1
-843 3
161 -1
-515 23
920 -17
-150 16
800 5
944 5
656 5
-945 3
406 -14
-762 7
583 -1
43 -1
298 6
508 -17
-960 14
-789 1
843 4
-995 -13
-198 7
543 7
451 12
-45 4
-891 -8
-881 12
-379 -1
1000 -1
40
-895 6
-796 -10
-705 -2
-653 7
-486 3
46 -3
47 4
115 7
123 0
337 3
406 6
419 1
418 1
382 -2
383 5
364 2
322 -3
69 -2
-3 -5
-202 -1
-226 3
-233 -5
-470 10
-478 3
-470 -5
-426 -7
-432 4
-435 2
-414 -5
-180 -7
101 -2
191 1
337 4
523 12
668 1
756 -1
858 2
872 2
914 1
980 -8
40
762 898
685 893
278 913
-257 883
-672 895
-875 922
-914 775
-891 660
-877 609
-910 592
-891 275
-907 17
-825 7
-601 8
-407 11
-115 -4
-123 6
-3 0
161 22
213 -11
357 11
450 6
804 5
895 17
888 -3
891 -74
893 -690
893 -717
920 -877
581 -900
231 -930
87 -910
27 -888
-144 -900
-152 -885
-216 -910
-594 -883
-672 -899
-746 -886
-830 -895
40
114 891
-906 844
-902 846
-879 732
-874 591
-882 412
-912 343
-897 283
-883 140
-908 143
310 25
310 29
365 -25
718 -2
443 13
-352 6
-387 -29
-409 1
-545 37
-351 24
-1 -15
103 -20
135 14
328 -10
197 -10
-654 3
-806 -20
-865 -14
-35 29
-48 -3
117 0
731 27
736 -33
808 -29
902 -33
925 -77
934 -651
930 -683
894 -699
880 -800
29
-41 -893
-456 -564
551 -804
-324 -155
344 662
-572 891
-25 -769
912 644
418 -289
-870 625
-797 686
-276 -840
-118 138
216 -318
-838 -490
352 -378
-134 -372
899 646
585 -852
-979 571
-98 -918
-150 690
981 296
-256 -992
-326 -549
-192 313
661 606
-825 -311
-267 -726
34
427 -599
37 -633
245 176
930 457
465 544
863 -862
-685 -305
558 -144
-8 977
-68 -629
-52 -371
207 -198
-570 603
-934 -402
292 316
-117 -194
-266 878
-581 -182
383 994
-257 -976
907 38
-795 221
476 399
-30 114
-117 286
722 -61
-469 79
-163 297
-785 955
314 -602
-441 -207
558 -790
667 -837
357 -566
16
0 0
430 -430
70 -70
442 -442
500 -500
500 170
500 -75
500 -20
500 107
500 317
500 385
500 500
349 349
479 479
158 158
0 0
19
0 0
-298 -298
-447 -447
-89 -89
-750 -750
-750 -227
-750 -466
-750 -100
-750 -239
-750 -134
-750 672
-750 -293
-750 750
-188 188
-703 703
-381 381
-80 80
-733 733
0 0
2
-382 -908
-37 -701
30
399 -271
213 716
387 738
921 699
-455 -835
-351 -295
-292 265
663 -878
-849 -715
-919 791
-720 148
-346 164
-576 -965
364 70
53 303
-304 815
582 272
-958 -377
-340 -685
230 141
-642 -943
677 629
-327 561
536 -767
740 -544
514 501
-443 -255
-440 350
-952 866
-448 612
40
-988 285
-916 231
-904 222
-856 186
-824 162
-784 132
-720 84
-708 75
-684 57
-644 27
-556 -39
-524 -63
-500 -81
-492 -87
-448 -120
-372 -177
-316 -219
-292 -237
-124 -363
-104 -378
-12 -447
-8 -450
-4 -453
104 -534
108 -537
136 -558
168 -582
204 -609
208 -612
276 -663
320 -696
324 -699
360 -726
396 -753
400 -756
424 -774
464 -804
524 -849
568 -882
612 -915
40
-988 285
184 -594
300 -681
-536 -54
508 -837
-60 -411
-860 189
264 -654
52 -495
-488 -90
-368 -180
256 -648
24 -474
-284 -243
-468 -105
28 -477
504 -834
-572 -27
-972 273
-68 -405
528 -852
312 -690
-32 -432
-908 225
-724 87
-560 -36
-976 276
56 -498
-272 -252
-900 219
132 -555
-260 -261
344 -714
340 -711
-152 -342
-180 -321
-336 -204
-936 246
-736 96
612 -915
40
-958 967
-933 960
-845 849
-816 817
-776 782
-716 712
-672 674
-602 604
-469 423
-302 289
-279 289
-235 242
-174 165
-114 114
-66 69
-58 55
0 24
30 -22
13 -41
81 -56
65 -52
293 -265
292 -284
327 -341
353 -339
361 -407
385 -394
455 -454
510 -518
509 -525
548 -570
575 -575
614 -595
693 -708
811 -825
851 -843
882 -894
887 -902
902 -899
970 -983
40
-801 763
-782 761
-766 754
-778 761
-737 737
-745 724
-569 552
-506 492
-493 469
-482 478
-465 456
-376 396
-357 361
-249 249
-201 222
119 -113
121 -138
218 -226
274 -257
302 -294
309 -316
402 -396
412 -403
447 -415
445 -453
569 -558
572 -589
632 -617
652 -647
658 -666
698 -679
687 -704
704 -700
786 -820
806 -796
798 -797
801 -806
817 -819
857 -862
875 -863
40
-340 554
-992 142
-77 723
-950 505
894 587
690 275
-404 61
-970 390
-718 693
-930 298
-899 575
748 510
176 -763
279 642
-700 100
731 82
-586 843
-181 326
-364 736
-313 213
256 -708
112 -942
-357 628
-852 -111
286 967
-766 -338
-239 940
702 879
549 -104
-911 19
-873 495
-754 -636
-245 -394
-343 -456
992 184
221 -325
-339 -790
-616 -676
534 922
365 -561
4
-855 -475
-783 -18
-513 515
-612 659
40
886 34
876 189
825 366
850 304
746 505
692 584
523 736
497 748
248 870
205 882
183 888
-144 891
-305 851
-404 801
-423 788
-604 666
-781 443
-692 567
-885 190
-881 165
-894 10
-907 23
-829 -356
-728 -532
-690 -569
-739 -516
-555 -709
-408 -809
-290 -854
-174 -884
34 -900
180 -879
387 -809
371 -804
451 -788
651 -601
654 -622
819 -369
857 -281
893 39
40
895 -54
888 -45
861 251
805 389
717 540
649 620
532 729
361 824
200 879
124 887
60 899
-66 894
-311 836
-393 818
-529 728
-628 660
-708 552
-837 307
-842 325
-889 168
-905 53
-889 -136
-901 -100
-800 -404
-721 -549
-611 -671
-497 -754
-356 -835
-114 -900
-227 -870
66 -912
56 -897
278 -858
465 -761
610 -659
728 -532
736 -526
811 -391
838 -322
892 -140
40
586 942
-794 -648
774 810
893 -635
148 493
167 783
-747 153
-638 -435
451 -760
508 -904
-858 -779
287 -547
-5 -58
-126 -504
-262 -426
722 375
72 626
-201 -739
676 -767
-175 244
-289 -603
-76 -807
857 331
-318 632
-375 399
-214 -839
-661 -397
673 729
-493 -232
-293 204
-584 -487
-449 -274
79 607
-888 -268
-157 -16
-763 606
-981 509
-197 -272
-333 -927
537 481
40
-85 824
127 922
-890 -104
-412 997
-444 368
-166 989
914 -788
121 -622
-517 -186
689 -151
671 741
-215 -208
-623 -349
-650 397
-62 -237
791 409
-340 -420
357 -252
875 -360
553 -558
-274 -685
168 -413
906 -862
-902 453
-876 969
-154 -609
102 -701
733 354
978 377
-332 508
504 446
-669 157
642 952
-787 148
710 796
-663 931
-531 472
-782 -986
-871 384
569 -194
15
250 850
20 -484
195 531
190 502
0 -600
672 -984
497 -884
140 -680
70 -640
203 -716
14 -608
490 -880
336 -792
329 -788
700 -1000
18
250 850
100 -20
115 67
120 96
0 -600
-55 -565
-517 -271
-253 -439
-550 -250
-319 -397
-451 -313
-66 -558
0 -600
112 -664
287 -764
266 -752
406 -832
700 -1000
12
-723 725
-653 665
-657 640
-306 276
-298 304
-286 292
-247 245
307 -321
510 -520
697 -697
762 -759
792 -815
12
-723 725
-653 665
-657 640
-306 276
-298 304
-286 292
-247 245
307 -321
510 -520
697 -697
762 -759
792 -815
12
877 -176
-944 -869
-235 -577
-220 -829
-464 719
747 -431
-152 -707
42 -721
-93 -182
-439 129
893 582
-815 -279
9
-517 -60
995 -454
500 993
-581 -172
-649 -999
868 473
109 -848
-530 -633
350 695
40
224 306
-104 466
156 492
546 531
-94 467
76 484
676 544
526 529
166 493
686 545
46 481
-14 475
26 479
16 478
796 556
326 509
466 523
296 506
536 530
6 477
436 520
686 545
526 529
346 511
216 498
246 501
-84 468
546 531
-104 466
-120 -120
-126 -117
-150 -105
-138 -111
-160 -100
-156 -110
-158 -105
-140 -150
-184 -227
-144 -157
-200 -255
38
224 306
-104 466
186 495
486 525
276 504
-34 473
366 513
476 524
256 502
286 505
106 487
606 537
796 556
316 508
-14 475
126 489
106 487
436 520
256 502
736 550
466 523
176 494
296 506
546 531
376 514
-104 466
-120 -120
-144 -108
-146 -107
-156 -102
-154 -103
-142 -109
-160 -100
-148 -130
-154 -115
-140 -150
-184 -227
-200 -255
40
-2 -844
-4 -844
3 -808
0 -659
0 -588
4 -569
1 -512
-1 -467
-5 -234
-1 -124
1 244
6 308
6 380
0 712
9 707
-4 687
-5 594
6 440
0 400
-4 281
-3 76
-15 -27
-3 -184
7 -344
-3 -390
-5 -512
6 -573
2 -544
0 -351
-9 -91
-6 -71
-2 -21
-3 -24
8 -16
8 415
-7 514
2 619
-2 767
-4 799
-9 858
40
11 -899
37 -900
40 -902
45 -899
72 -900
78 -902
96 -899
23 -901
-9 -899
-22 -898
-56 -901
-75 -898
-76 -902
-86 -903
-72 -899
-73 -898
-61 -898
-57 -899
-33 -900
-22 -901
-17 -900
-9 -900
-1 -851
-2 -818
0 716
-3 899
-56 900
-72 902
-76 901
-86 900
-81 899
-56 903
-9 899
18 898
85 903
91 901
76 902
57 898
22 902
14 899
37
946 -31
-465 402
-683 -529
165 -669
-147 -238
-258 491
-994 -240
-17 149
161 597
656 389
859 -522
-728 753
-567 982
-784 -211
-78 -28
-577 205
686 -553
-607 -601
-528 -674
-298 569
571 646
-379 660
870 -80
-220 496
-137 220
-477 -355
250 320
648 577
771 762
411 951
-217 -705
-58 -877
17 467
928 -288
794 -558
-548 8
-706 -696
34
-699 828
501 -779
546 819
-978 -189
-778 576
-689 -581
-186 -948
666 846
472 -660
-275 643
170 78
-461 961
1000 155
-446 423
-724 924
-630 922
424 190
440 -806
794 580
-448 500
705 -49
140 344
311 -980
-573 -662
264 153
-280 -323
996 -509
214 -880
471 -495
-34 791
104 842
945 -61
-881 812
-461 -219
18
-606 -550
-604 -494
-618 -501
-603 -336
-626 53
-273 597
-206 576
103 -512
-42 -489
-115 -444
-325 -430
169 391
401 280
393 -384
426 -378
405 -393
382 -374
326 -337
17
-508 -143
43 492
141 508
265 473
519 -26
491 -85
516 -125
-144 -326
-273 -366
283 174
306 -201
231 -222
210 -202
137 -105
57 -43
38 -59
71 -47
40
600 20
-813 808
-766 240
-751 166
-802 833
-654 729
-811 817
-717 -227
-769 355
-798 833
-807 824
-683 -658
-711 -639
-724 6
-748 192
-699 -648
-693 -651
-747 103
-717 -653
-568 -420
-436 -230
-705 -636
-780 803
-803 801
-686 -653
-693 -651
-693 -626
-721 -361
-786 826
-815 835
-688 -633
-687 -653
-808 831
-442 618
-795 795
-715 -470
-800 814
-805 809
-561 -426
-337 -58
40
600 20
-793 814
-800 805
-803 800
-781 819
-800 815
-760 441
-715 -375
-803 807
579 29
422 134
59 325
-188 472
124 288
-799 819
-690 -654
-709 -656
-793 747
-764 317
-804 820
557 46
-800 805
-688 -651
-721 -642
-797 811
-797 822
-799 816
-802 823
-703 -647
-536 -361
-718 -654
-808 810
262 210
-796 819
-700 -655
-586 -455
-460 -261
-452 -237
-700 -645
-354 -58
11
108 603
396 602
402 123
368 58
159 -412
99 -533
-9 -793
-122 -527
-343 -11
-355 19
-580 559
11
386 596
592 603
593 581
49 -671
46 -690
28 -749
-68 -642
-281 -141
-468 293
-525 406
-588 583
40
-450 224
-450 232
-400 405
-453 228
-373 -48
-433 81
-255 -172
-292 -142
-200 -200
-261 -172
-192 -213
-313 -355
-334 -404
-227 -240
-354 -448
-366 -643
-351 -732
-206 -878
-116 -920
-133 -921
16 -952
-8 -964
125 -882
182 -830
249 -521
249 -503
216 -430
169 -344
90 -253
-7 -179
9 -198
9 -163
106 -63
159 96
121 -14
137 337
95 414
161 291
41 479
-141 522
40
-319 481
-436 305
-382 460
-432 334
-438 315
-424 24
-258 -169
-191 -198
-383 -32
-290 -140
-218 -214
-247 -259
-263 -288
-287 -309
-329 -384
-345 -436
-330 -775
-273 -849
-253 -860
24 -936
208 -745
76 -920
-93 -935
252 -690
236 -458
218 -466
176 -358
130 -287
18 -207
1 -191
13 -188
12 -163
15 -182
35 -146
134 -2
171 134
-20 507
164 251
98 433
-258 520
14
525 -327
533 -330
546 -413
546 -434
521 -654
528 -648
528 -652
532 -643
528 -647
546 -444
543 -462
546 -440
522 -651
522 -644
14
625 -338
623 -338
624 -342
623 -340
608 -422
614 -413
628 -345
626 -346
624 -332
605 -435
599 -446
608 -438
629 -647
628 -637
36
-493 -281
563 48
-841 96
961 514
411 -808
-643 295
197 -196
-716 -318
544 -890
-252 -731
-581 356
476 107
883 82
-936 667
660 208
785 -522
880 -402
114 -213
916 -9
597 -489
142 -762
-527 -905
507 494
-343 982
-777 881
-664 -774
-331 945
704 444
-843 -857
926 438
-424 25
635 -436
-767 -815
-31 -158
-668 4
-188 822
39
-498 -518
370 -373
211 -260
-306 344
-742 147
633 -159
-415 -278
-826 297
91 -866
-611 -434
922 316
-102 -461
636 -922
409 -151
166 949
656 -953
-746 -932
-486 197
982 -136
912 -635
202 -436
-13 486
371 551
345 246
56 890
996 -449
-477 -846
974 196
-520 -216
-348 -341
-140 -210
911 573
202 808
184 -556
-33 -538
-177 -697
-125 974
-47 -342
182 -830
12
533 -38
845 358
859 343
743 734
437 890
224 906
152 889
-225 332
-246 255
-213 233
18 -70
193 -52
12
413 -118
830 355
855 427
825 440
484 888
363 927
60 839
-65 733
-158 673
-244 441
54 -72
563 -21
36
347 938
-259 176
758 -586
404 318
-595 560
776 -55
-182 -404
988 -680
-691 -121
-794 41
907 -663
691 244
396 358
-5 272
-231 -894
-432 194
-557 752
-900 764
333 -32
756 -346
352 854
-674 -51
-172 -604
740 -948
-558 545
392 993
43 -783
123 756
901 800
161 -75
189 -889
-150 9
993 -623
-726 -826
-34 361
741 237
34
210 772
701 66
-387 65
-920 144
957 -760
-683 148
692 -939
-311 -751
-929 272
261 -618
396 -437
-542 -363
161 385
156 -179
696 809
441 898
435 -471
-773 -875
-48 -577
-856 871
79 -853
-842 578
158 -893
-147 93
444 797
64 834
739 -866
-797 -958
-6 74
446 326
197 -456
663 316
-763 -394
-997 -72
6
-277 903
-979 -956
-590 -105
277 755
-512 -78
274 -821
3
209 -828
42 -5
-301 632
40
450 550
342 406
372 446
423 514
348 414
426 518
336 398
363 434
303 354
327 386
318 374
393 474
396 478
441 538
321 378
399 482
330 390
429 522
300 350
250 220
285 311
265 259
300 350
237 266
189 202
234 262
249 282
276 318
228 254
210 230
168 174
231 258
180 190
204 222
285 330
201 218
291 338
162 166
183 194
150 150
40
450 550
231 258
279 322
315 370
408 494
252 286
249 282
381 458
237 266
417 506
363 434
171 178
429 522
288 334
183 194
354 422
264 302
366 438
165 170
447 546
360 430
243 274
300 350
174 182
312 366
228 254
438 534
198 214
201 218
375 450
369 442
336 398
282 326
222 246
294 342
291 338
270 310
258 294
348 414
150 150
2
207 209
-993 9
40
207 209
-609 73
111 193
-39 168
-981 11
-15 172
-111 156
-903 24
-93 159
-129 153
-651 66
-873 29
-9 173
-183 144
-957 15
-693 59
-399 108
-141 151
117 194
-843 34
-381 111
-549 83
-231 136
-87 160
-579 78
-213 139
45 182
-267 130
-969 13
-927 20
-555 82
-939 18
-789 43
-255 132
-273 129
-831 36
-933 19
-465 97
-297 125
-993 9
40
-373 -564
-340 -561
-321 -557
-326 -536
-294 -565
-341 -567
-330 -559
-356 -579
-335 -597
-360 -564
-300 -521
-330 -564
-347 -577
-324 -581
-308 -582
-328 -540
-347 -562
-339 -584
-356 -559
-335 -554
-365 -530
-358 -530
-350 -580
-364 -558
-304 -524
-339 -577
-309 -553
-345 -574
-401 -544
-346 -533
-358 -511
-332 -545
-332 -592
-340 -564
-325 -563
-332 -494
-338 -572
-346 -543
-314 -542
-345 -537
40
135 277
134 280
149 266
133 273
132 285
138 289
136 284
144 257
172 263
134 297
151 278
153 268
174 274
139 301
174 261
165 304
171 283
153 253
107 295
133 286
131 251
114 280
136 320
171 258
157 300
102 223
131 290
159 311
123 264
151 290
155 280
198 260
132 254
121 257
143 262
169 286
214 274
148 321
150 298
138 298
40
-21 832
-138 -634
221 -942
-985 -222
-517 844
447 348
72 -907
-969 755
-969 706
-325 951
377 -164
185 651
468 677
246 743
-41 142
-824 -664
-859 964
241 250
-671 406
-351 659
57 550
-618 677
-319 -322
977 -163
961 -324
60 -642
-923 587
-344 604
747 -356
542 -631
970 746
467 -934
410 730
-694 592
-654 23
199 -139
719 1000
-165 588
-754 151
-642 433
40
-319 262
-493 133
-814 289
-562 -260
955 -80
-283 851
-116 -895
-579 594
-924 -637
470 -183
952 271
-505 67
348 -660
704 563
402 -823
-999 -420
55 0
755 206
178 -872
42 -240
724 -655
-700 -149
982 -258
-787 233
32 -676
-129 981
-498 193
893 934
864 -98
950 513
-142 645
-6 266
396 -739
376 -824
-191 -706
-858 -97
165 154
-497 421
-287 -178
-395 -611
6
1000 982
996 460
997 238
1000 117
976 -89
1000 -181
30
1000 989
991 968
1000 908
993 826
1000 819
1000 713
1000 691
1000 690
997 656
1000 603
996 597
995 527
989 475
980 463
990 404
1000 346
1000 350
1000 302
998 268
997 239
1000 210
1000 184
989 172
1000 125
1000 143
1000 58
998 45
1000 -68
987 -84
1000 -143
40
786 -772
783 -721
769 -661
761 -647
716 -549
695 -529
650 -364
654 -340
622 -316
642 -295
595 -221
605 -243
568 -118
551 -89
554 -69
477 138
465 162
470 199
439 212
448 221
460 221
459 241
424 254
444 266
405 306
380 405
379 440
368 443
367 484
360 481
345 499
361 508
327 598
286 709
283 717
301 724
294 724
264 748
269 798
229 882
5
719 -542
652 -307
545 4
388 441
360 537
40
-296 151
-426 -40
-317 138
-400 -4
-340 84
-442 -190
-424 -210
-390 -313
-444 -83
-399 -223
-242 -408
-71 -416
-40 -409
16 -379
171 -261
74 -340
69 -376
15 -392
231 -194
186 -222
344 -82
262 -170
400 21
383 -13
430 250
439 90
428 206
283 394
380 347
129 442
386 345
85 417
-53 371
-205 241
195 438
-129 272
-76 383
-50 353
-187 218
-214 138
40
-313 111
-372 42
-264 173
-434 -55
-440 -126
-319 117
-348 -344
-311 -372
-299 -373
-166 -467
-306 -389
-134 -444
-184 -419
-12 -396
69 -352
45 -401
26 -398
226 -218
160 -284
175 -231
338 -116
406 -20
229 -203
356 -72
420 64
408 279
397 54
400 25
432 165
354 348
289 408
68 423
188 444
187 430
-28 365
-159 266
-136 268
-139 254
-147 259
-225 194
40
1000 190
999 187
400 124
-603 151
-598 150
-414 144
399 121
997 190
1000 191
400 119
-600 152
-597 150
-603 151
-223 141
403 123
400 121
19 129
400 119
402 122
401 120
401 122
-525 147
405 119
998 187
998 191
1000 188
403 124
-599 150
-601 153
402 119
1000 191
998 191
997 190
1000 188
399 120
-599 154
-601 154
-602 151
-601 150
-601 148
40
1000 10
1000 9
1000 11
399 78
404 81
269 72
401 80
400 80
397 82
990 11
912 21
1000 10
1000 13
396 79
343 78
-397 31
401 77
968 13
401 79
401 78
402 81
401 81
1000 10
1000 11
1000 13
1000 7
750 39
952 14
401 80
399 80
401 83
-601 20
-602 18
-600 17
-596 18
-601 22
397 78
396 78
-597 21
-600 21
40
-500 0
-302 198
-57 443
-363 137
-76 424
-166 334
-15 485
-2 498
-132 368
-124 376
0 500
52 448
437 63
173 327
323 177
351 149
94 406
45 455
463 37
56 444
152 348
188 312
499 1
500 0
380 -72
490 -6
155 -207
0 -300
-98 -202
-237 -63
-131 -169
-180 -120
-289 -11
-300 0
100 100
29 29
90 90
75 75
83 83
0 0
40
-600 0
-218 382
-164 436
-455 145
-15 585
-160 440
-223 377
0 600
302 298
246 354
571 29
118 482
199 401
40 560
416 184
424 176
134 466
301 299
348 252
187 413
600 0
63 -358
222 -252
0 -400
-3 -397
-328 -72
-138 -262
-33 -367
-282 -118
-214 -186
-234 -166
-318 -82
-400 0
-298 34
-259 47
-88 104
200 200
114 114
82 82
0 0
3
694 -336
-398 -991
706 480
5
-59 -380
-336 342
17 87
337 516
-362 25
19
153 982
-151 -517
481 377
-499 -868
-190 -480
-465 -59
689 296
537 -537
-931 -326
31 -720
960 142
-436 -191
875 -411
776 457
536 764
-934 -770
-938 813
268 137
-632 640
16
-191 896
950 473
977 195
-560 762
-212 -698
-786 -893
119 -291
414 -663
107 966
-710 835
400 64
979 -19
-282 -507
-116 -572
92 -32
-723 616
2
119 793
-252 -331
2
790 -188
-95 -509
40
-27 -16
-17 -25
7 -12
-23 6
-11 10
22 21
-15 11
9 -22
-17 6
37 1
-24 -5
10 3
15 23
2 -20
-1 17
2 28
4 6
14 2
-19 18
9 -25
4 5
0 9
-9 -10
-6 -4
-1 22
15 -20
10 -8
-18 -6
35 -16
-16 -8
13 1
-14 7
10 16
18 -7
3 9
9 32
-1 -17
-12 10
12 5
-14 2
40
7 10
16 1
22 -2
-34 10
-28 -16
-7 9
-11 19
-11 30
-1 -3
-1 12
-1 -13
32 20
-10 -1
13 3
-13 8
4 5
1 38
4 -17
-26 27
4 -5
4 5
17 -19
19 12
2 0
28 16
-8 -12
3 0
-3 32
-28 0
25 25
-21 14
3 10
9 19
4 -16
9 -25
-2 -23
10 -9
20 0
-11 -1
-10 4
0
