1.000000000000
1.414213562373
9.284766908853
0.000000000000
1212.990107131958
519.000000000000
1088.037223627942
189.654949843130
1228.369582570311
180.000000000000
1360.473447002918
1296.657626360945
285.085951951337
800.000000000000
54.110078158318
557.511441999061
20.000000000000
1826.413151507621
141.421356237310
245.099979600162
23.021728866443
213.178329105001
32.649655434629
62.241465278382
1387.454143386368
500.000000000000
2713.970154589029
882.811864225409
1281.055814552980
91.591194893699
97.494789233470
2186.773422190786
998.174880750069
226.000000000000
0.000000000000
31.232072993550
362.008287197959
98.581575733434
61.202368079995
474.013712881811
1637.806154586067
1828.380704339225
2041.840836108437
1051.726200111036
1131.370849898476
454.814247797933
1258.381897517602
62.853525302665
186.724395835145
0.000000000000
