2
0 0
1 0
3
0 1
1 1
2 0
2
0 0
1 0
5
0 -1
2 -1
2 1
-1 1
2 1
10
40 15
40 20
40 15
45 10
50 12
50 10
50 15
60 15
65 20
70 18
10
40 10
40 15
45 20
50 18
50 15
50 20
60 20
60 15
65 10
70 12
40
-988 285
-980 279
-920 234
-868 195
-836 171
-828 165
-816 156
-788 135
-768 120
-716 81
-604 -3
-592 -12
-564 -33
-480 -96
-404 -153
-300 -231
-112 -372
-36 -429
12 -465
40 -486
60 -501
68 -507
80 -516
88 -522
92 -525
120 -546
128 -552
140 -561
188 -597
204 -609
212 -615
264 -654
288 -672
368 -732
388 -747
404 -759
452 -795
508 -837
556 -873
612 -915
40
-988 285
24 -474
-188 -315
-140 -351
-520 -66
-68 -405
-796 141
192 -600
-484 -93
88 -522
-780 129
-196 -309
208 -612
-752 108
496 -828
216 -618
-792 138
588 -897
72 -510
-36 -429
-748 105
-172 -327
-92 -387
424 -774
-952 258
-736 96
296 -678
-460 -111
-688 60
-256 -264
-364 -183
-640 24
-644 27
96 -528
-104 -378
184 -594
-704 72
488 -822
304 -684
612 -915
6
-192 827
-106 688
122 340
155 270
234 153
271 101
40
-275 971
-280 959
-251 940
-171 791
-160 794
-131 751
-86 691
-69 650
-77 658
-31 600
-15 583
-16 561
4 530
6 529
87 423
112 363
140 342
171 284
192 266
204 236
274 158
277 133
352 31
355 22
382 -9
384 -26
441 -114
457 -146
502 -205
536 -260
611 -372
627 -405
651 -425
726 -546
727 -546
734 -550
741 -555
766 -603
833 -704
959 -898
30
195 906
212 851
181 820
184 809
196 716
177 627
184 490
150 449
169 302
151 268
156 210
155 179
139 96
151 68
141 53
161 -263
138 -287
133 -307
130 -409
135 -400
106 -430
130 -455
115 -520
130 -636
113 -663
117 -684
119 -811
105 -869
121 -885
94 -964
5
223 953
171 379
171 212
155 3
94 -445
40
743 377
775 354
774 334
747 335
762 316
740 336
754 310
747 326
731 337
742 330
763 357
766 355
756 335
720 367
749 362
722 364
732 353
749 330
723 343
749 342
744 352
742 336
762 347
761 339
753 360
756 352
755 327
768 392
743 365
766 349
734 370
760 371
766 383
769 332
744 332
744 323
708 317
773 329
754 357
759 340
40
-115 948
-94 991
-109 1000
-112 973
-108 990
-159 965
-112 997
-123 1000
-145 991
-168 983
-119 983
-80 978
-99 1000
-103 975
-79 966
-116 979
-128 949
-121 1000
-107 982
-147 956
-142 960
-94 1000
-81 990
-97 1000
-97 983
-97 975
-107 962
-75 977
-92 979
-117 992
-125 1000
-159 977
-107 983
-103 988
-89 1000
-122 968
-106 1000
-153 1000
-87 985
-106 1000
40
893 -46
901 46
875 216
765 472
723 533
576 689
563 698
422 795
150 882
261 863
-107 889
-99 899
-234 866
-435 793
-537 714
-692 561
-673 592
-760 480
-853 285
-889 154
-875 -196
-885 -96
-836 -319
-764 -475
-755 -497
-692 -576
-560 -712
-478 -760
-277 -854
-69 -900
5 -904
31 -887
418 -802
405 -799
440 -786
615 -656
717 -539
800 -402
841 -308
891 -54
40
901 41
882 188
785 425
778 451
732 516
648 630
489 764
388 820
203 886
4 905
55 896
-142 888
-344 832
-482 769
-464 772
-554 710
-733 520
-855 311
-866 238
-884 165
-890 -111
-870 -202
-862 -209
-792 -423
-753 -505
-694 -576
-436 -797
-414 -792
-386 -812
-197 -881
103 -892
55 -896
171 -877
413 -805
509 -733
683 -591
638 -638
847 -329
803 -411
866 -242
5
-829 -918
53 408
-828 -677
-661 -389
-853 399
13
-845 -369
53 268
290 -438
-83 984
-716 -202
-508 639
933 -303
-660 -318
651 -320
462 -188
121 538
774 -726
-989 -542
3
-845 725
-529 287
-197 -139
3
-989 617
-657 191
-341 -247
5
-688 -350
-276 -442
-793 79
6 -862
157 -294
5
-170 908
344 -423
-617 -237
-915 -868
521 699
40
-757 -590
38 8
-50 -775
911 249
-304 -569
-106 247
-54 295
625 921
-747 948
197 581
-787 -69
-248 -931
-409 -628
-34 376
951 456
-388 -979
276 -30
-456 63
776 -973
-708 -347
-850 827
535 -484
71 -999
-240 318
448 -684
654 562
-990 154
-36 652
732 -903
649 -415
-830 789
-695 -525
577 949
-766 -127
-629 -549
527 -36
942 640
393 335
503 -927
-521 911
40
-926 -215
771 607
265 493
-185 -928
519 -878
-968 -714
488 630
-732 481
205 632
387 346
987 -740
-657 -172
-899 971
-527 -227
-575 -850
-810 -642
-691 362
-611 93
310 766
602 598
-343 356
-252 844
86 -920
201 -175
510 570
401 -65
-986 -113
-810 996
917 -189
-152 904
-731 86
263 418
896 -861
-707 216
952 865
277 848
314 622
182 808
624 -949
-757 -364
40
887 891
889 899
722 903
365 907
32 885
-1 895
-351 902
-568 890
-567 891
-802 911
-895 662
-897 569
-890 286
-900 84
-908 44
-909 48
-773 9
-102 2
56 -10
379 3
534 38
573 5
643 11
881 -168
893 -178
902 -339
888 -386
925 -429
900 -530
897 -557
887 -553
903 -607
895 -659
912 -764
759 -903
578 -896
-46 -903
-376 -893
-517 -892
-867 -891
40
732 892
445 902
-160 898
-180 878
-336 922
-342 898
-419 896
-585 926
-648 897
-895 878
-901 837
-891 832
-886 539
-933 325
-895 63
-717 8
-273 -15
-220 22
-111 -17
219 15
41 -23
-364 -5
-568 0
-711 1
370 14
743 -8
134 10
29 15
860 1
907 -23
900 -140
920 -346
899 -749
892 -879
871 -891
847 -895
678 -897
18 -896
-386 -910
-582 -884
40
-1000 0
682 0
-458 0
64 0
-677 0
772 0
923 0
995 0
-469 0
-531 0
616 0
354 0
-226 0
-807 0
235 0
93 0
820 0
-155 0
-247 0
-12 0
207 0
-535 0
-812 0
544 0
-14 0
-947 0
-111 0
-726 0
-94 0
277 0
-588 0
188 0
-223 0
974 0
-192 0
184 0
528 0
-516 0
-167 0
1000 0
40
-1000 0
-970 0
-367 0
-848 0
-290 0
-106 0
0 0
0 411
0 470
0 690
0 575
0 140
0 38
0 800
0 -59
0 -210
0 -764
0 -679
0 -404
0 -504
0 -195
0 -800
0 -234
0 -34
0 -742
0 -270
0 0
913 0
699 0
934 0
324 0
292 0
156 0
321 0
236 0
665 0
759 0
639 0
175 0
1000 0
12
902 -52
864 269
412 799
-138 890
-467 769
-825 348
-898 75
-742 -508
-494 -741
-80 -902
541 -719
771 -490
12
907 -40
841 342
368 829
-54 907
-472 758
-766 460
-901 -68
-779 -448
-375 -818
125 -898
449 -779
737 -523
18
-614 -409
-627 -105
-619 38
-611 552
483 -613
341 -574
-234 -437
-399 -156
-322 409
-58 413
391 -50
414 -375
400 -400
332 -338
302 -324
292 -278
201 -226
144 -151
17
-514 -390
-480 -167
-334 478
-319 520
-70 478
166 539
490 -122
468 -157
430 -460
-236 -330
-294 197
-21 272
240 308
305 -120
251 -199
291 -286
175 -157
16
0 200
40 160
139 61
71 129
200 0
146 -54
119 -81
78 -122
135 -65
140 -60
164 -36
0 -200
-187 -13
-10 -190
-89 -111
-200 0
14
0 220
127 93
109 111
205 15
220 0
165 -55
39 -181
163 -57
144 -76
0 -220
-35 -185
-184 -36
-98 -122
-220 0
2
-500 806
873 -42
40
65 -398
772 444
-377 23
617 239
718 -240
401 439
-723 376
95 -419
757 -197
-676 -225
-867 425
-202 -828
901 34
-804 63
-739 37
915 865
-351 -268
805 -456
-380 -55
-943 551
-218 787
-615 650
-21 -952
-568 -617
-13 -164
228 -751
-426 377
143 958
-934 -687
984 -333
521 -983
689 550
-678 36
-227 57
298 -908
564 -782
-358 -285
10 220
-904 977
-851 561
40
-600 -600
-600 150
-600 511
-600 -546
-600 600
395 600
183 600
503 600
-319 600
534 600
-472 600
600 600
600 416
600 426
600 515
600 573
600 -600
180 -516
-400 -400
-400 -346
-400 -13
-400 -200
-400 -190
-400 11
-400 -45
-400 400
304 400
64 400
400 400
400 296
400 -333
400 -173
400 -159
400 115
400 -400
57 -57
233 -233
210 -210
348 -348
0 0
40
-500 -500
-500 -42
-500 42
-500 232
-500 -41
-500 -13
-500 109
-500 256
-500 -409
-500 500
-163 500
395 500
-480 500
81 500
410 500
242 500
500 500
500 -73
500 -286
500 -321
500 -284
500 -224
500 -309
500 -389
500 -500
-4 -374
-300 -300
-300 12
-300 227
-300 -64
-300 300
285 300
295 300
300 300
300 -280
300 -98
300 -300
205 -205
212 -212
0 0
40
-1000 0
-971 -10
747 11
74 4
279 -12
850 -2
-202 7
-852 5
47 16
-847 4
859 -3
163 10
-952 -8
-780 -9
-872 -10
-992 -16
72 -1
-985 -12
-822 -3
-552 -4
718 9
723 2
917 18
910 8
604 -7
-357 7
883 2
351 15
738 20
839 17
553 2
808 -19
84 3
135 6
977 -18
-270 3
-811 -3
-4 -11
-705 8
997 4
40
-755 7
-658 3
-628 -1
-626 -6
-531 5
-527 1
-398 8
-340 -5
-333 4
-140 7
-8 8
131 -7
211 -3
456 -10
433 2
317 -2
178 -3
179 -5
77 7
-1 -5
-194 2
-199 -4
-229 -1
-310 1
-409 2
-468 1
-481 0
-354 3
-174 -1
32 5
60 -1
125 2
154 -2
178 3
368 0
379 -4
710 9
701 4
770 5
889 1
40
-1 10
13 17
5 0
-2 18
0 7
-3 -15
-2 0
-11 15
-10 3
-9 -6
-15 -18
3 10
-9 0
-8 16
3 -3
21 -6
-14 -11
8 -3
-6 -6
18 9
-4 -1
-15 -14
-2 10
-7 10
-1 -7
16 -1
0 -7
0 -13
-8 0
-12 18
-10 8
-17 -2
-10 -1
-5 4
1 -1
2 1
9 -7
0 -16
-7 -7
-17 -17
40
-9 11
11 1
8 0
0 8
0 -6
-9 4
20 -11
-3 16
3 -10
22 10
1 9
-15 -2
-4 7
2 -17
-2 0
-5 -7
-8 -7
3 10
-8 9
-10 5
-9 13
-11 8
14 1
1 -7
5 -4
21 -15
0 8
-15 16
-22 11
12 -3
-16 13
-13 -14
-15 -5
-4 3
-4 -14
4 -12
8 1
9 -12
17 2
-4 2
40
-380 59
-380 28
-235 205
-366 43
-446 -254
-444 -174
-437 -234
-428 -294
-387 -235
-348 -308
-351 -323
-292 -394
-46 -450
50 -381
43 -383
76 -400
31 -385
108 -299
253 -200
168 -226
220 -216
436 69
291 -126
410 43
378 -57
426 130
434 134
422 65
349 382
45 426
152 445
219 447
-106 297
48 395
-62 383
-58 351
82 435
-239 202
-212 198
-209 219
40
-228 208
-221 201
-390 23
-342 17
-431 -121
-428 -119
-412 -244
-439 -167
-425 -150
-285 -407
-156 -443
-264 -406
-71 -417
-153 -458
-84 -409
171 -255
83 -329
190 -215
225 -219
127 -289
213 -231
366 -49
249 -180
378 -5
387 24
430 162
334 369
364 307
421 274
392 318
233 425
208 424
186 411
154 422
74 435
-138 268
-118 347
-225 171
-177 251
-243 204
40
900 900
-902 906
-907 -10
-876 -10
-901 902
-900 892
-896 514
-911 889
185 905
158 888
-902 904
-898 2
-896 11
-895 -2
898 -1
897 0
-901 9
-907 11
901 -1
893 -894
901 -898
895 -5
-900 -20
-904 900
-888 890
-883 11
896 8
903 -448
877 -669
891 -13
901 1
898 -899
882 -908
897 0
369 -2
501 6
-905 14
880 -8
907 -901
-901 -908
40
900 900
-907 902
-906 -12
-898 2
-897 912
-908 894
-890 -1
894 -6
895 -366
889 -906
883 -900
884 11
903 -6
891 -5
909 5
897 5
902 2
904 0
901 17
885 -892
892 -881
905 2
893 -3
907 -13
901 11
898 -404
917 -893
896 -889
901 -16
909 -14
894 -891
-494 -899
912 -896
895 20
896 10
894 6
896 -3
880 1
900 -904
-897 -907
40
137 -168
272 -330
562 -678
142 -174
592 -714
187 -228
437 -528
557 -672
512 -618
297 -360
477 -576
162 -198
167 -204
282 -342
442 -534
542 -654
672 -810
517 -624
232 -282
402 -486
667 -804
487 -588
687 -828
322 -390
632 -762
497 -600
182 -222
537 -648
612 -738
257 -312
217 -264
377 -456
662 -798
677 -816
347 -420
242 -294
312 -378
332 -402
177 -216
692 -834
40
154 -143
309 -329
484 -539
674 -767
534 -599
224 -227
519 -581
364 -395
334 -359
664 -755
564 -635
454 -503
634 -719
684 -779
394 -431
354 -383
644 -731
409 -449
614 -695
509 -569
229 -233
249 -257
504 -563
239 -245
694 -791
399 -437
234 -239
269 -281
569 -641
559 -629
274 -287
549 -617
609 -689
554 -623
329 -353
659 -749
164 -155
709 -809
80 -173
635 -859
30
-798 184
-863 65
-450 -792
-358 965
-73 -799
-773 377
425 -854
272 -90
463 -564
250 346
-530 753
905 -205
-495 974
692 827
-112 96
-848 -130
-952 650
-255 797
273 980
60 369
580 847
-864 -857
-37 -919
326 930
707 698
515 -965
64 -48
295 -874
202 -681
-859 239
33
-456 -863
331 -300
810 200
325 30
-526 -839
183 -557
-553 -275
989 -970
-737 -22
637 -219
-333 -4
601 -670
865 -22
-304 -914
-149 -908
114 154
-169 605
852 -617
669 -164
-742 -817
743 -119
404 -101
-194 125
-260 172
490 793
539 -412
-996 507
238 -937
-395 -649
336 -628
374 -100
-182 346
436 -259
15
-500 -500
-60 -60
-495 -495
-337 -337
-375 -375
-324 -324
0 0
448 -448
235 -235
109 -109
68 -68
184 -184
363 -363
357 -357
500 -500
15
-500 -500
0 0
0 327
0 295
0 195
0 114
0 412
0 500
0 402
0 73
0 380
0 0
227 -227
103 -103
500 -500
40
-953 906
-862 882
-848 828
-733 714
-647 651
-508 522
-452 490
-345 358
-290 309
-285 294
-191 193
-168 168
-155 126
52 -25
64 -91
95 -36
66 -69
89 -104
111 -80
211 -179
219 -220
254 -258
322 -309
361 -340
349 -378
399 -392
464 -445
457 -476
501 -527
540 -528
589 -574
595 -574
643 -666
679 -678
796 -791
788 -814
844 -870
932 -960
956 -972
963 -968
40
796 -828
810 -834
827 -789
771 -799
744 -749
755 -737
679 -676
577 -592
556 -560
462 -506
472 -490
464 -474
446 -423
422 -425
237 -251
128 -121
155 -128
10 -28
-49 12
-118 119
-106 132
-177 215
-220 200
-250 288
-283 306
-330 301
-346 364
-392 407
-473 503
-536 515
-539 568
-586 599
-712 727
-755 732
-749 753
-774 763
-760 762
-847 857
-908 902
-940 967
18
-902 -656
469 -315
-60 467
150 669
-459 232
209 -38
-914 -765
9 -315
455 216
531 -993
363 -441
-166 -9
-925 454
-259 -368
746 -584
-196 766
316 106
-537 155
22
-791 170
712 -423
875 800
894 247
359 -356
-974 -695
571 694
868 -560
-382 -497
60 -206
-622 -674
-672 16
-995 351
824 -36
-786 -187
635 -103
558 671
10 -727
670 111
682 403
-739 195
60 -227
40
924 492
-424 792
-15 596
-28 267
608 -688
667 727
-656 934
-549 -837
137 332
303 685
851 682
725 -537
886 -763
257 813
574 900
196 895
172 -465
879 -208
267 146
805 972
-405 204
281 888
-348 881
-640 -787
-900 390
313 301
709 -189
433 -713
-737 -676
-688 772
-550 38
-481 -762
248 91
-830 475
174 248
518 -63
259 -828
-365 -34
311 -534
-777 810
40
108 324
-390 -729
159 -557
519 210
-264 -429
-936 -9
470 854
-686 -334
2 -365
156 -563
32 -528
-650 -369
-604 200
75 -288
90 -194
-749 786
756 668
271 690
-210 -62
-320 -140
99 359
-434 -312
-707 -451
-738 506
-796 681
-993 -88
768 119
-120 57
-379 799
844 -204
-765 -465
188 522
-47 -259
-904 -118
-540 -566
22 -743
-937 -528
117 -147
240 278
263 62
40
1 -959
-2 -854
4 -752
-2 -721
0 -710
-10 -581
3 -472
2 -454
1 -169
-1 -20
-4 28
5 157
0 337
1 449
4 667
0 565
1 422
1 341
-6 333
4 -94
7 -186
4 -201
-7 -220
-15 -320
2 -411
-2 -444
0 -488
5 -620
-1 -666
-5 -622
1 -605
-2 -382
5 -325
6 -261
-8 -143
5 449
4 506
0 676
3 889
-6 953
40
6 -900
16 -900
15 -903
16 -901
46 -901
50 -900
62 -899
76 -899
88 -896
91 -902
26 -900
25 -900
-11 -899
-33 -900
-49 -898
-62 -903
-91 -900
-89 -903
-85 -899
-80 -896
-22 -903
1 -854
-7 -259
4 -194
-3 304
3 603
-17 899
-43 902
-46 902
-50 898
-51 899
-78 900
-75 900
11 898
15 899
94 899
80 900
74 900
21 900
3 903
40
392 975
321 817
176 432
166 417
133 366
97 233
-46 -103
-74 -195
-207 -512
-285 -706
-341 -828
-374 -936
-377 -936
-340 -832
-53 -125
-52 -115
85 206
146 342
337 814
389 986
21 31
10 17
6 9
-30 -74
-325 -828
-225 -560
-132 -320
-86 -200
31 70
69 169
180 437
298 745
355 905
372 935
144 381
112 251
60 164
-141 -359
-246 -628
-380 -961
40
302 1000
300 998
297 1000
302 1000
300 1000
302 1000
301 1000
295 997
300 998
298 1000
300 998
299 999
301 999
301 1000
303 1000
304 999
297 1000
40 130
-137 -444
-168 -563
-299 -999
-298 -998
-300 -1000
-298 -1000
-299 -995
-296 -1000
-302 -1000
-300 -999
-301 -996
-300 -999
-301 -1000
-299 -1000
-302 -1000
-298 -1000
-301 -1000
-303 -1000
-301 -1000
-301 -999
-303 -995
-296 -1000
2
739 308
-937 554
2
827 413
906 -623
39
-711 260
658 298
-379 116
-389 852
-463 -484
514 579
-84 669
494 946
286 -952
179 -560
-884 -883
-688 867
-557 -676
496 879
-85 -479
422 -583
-480 -965
628 -174
655 124
-980 -166
-956 -528
352 -518
-436 -560
-525 750
-935 -574
640 84
137 90
151 305
-792 -171
-451 -549
-732 457
-524 895
463 -573
137 612
-731 203
168 583
-752 -250
-659 727
-810 239
36
-176 -57
-719 320
-823 317
458 -957
323 426
-483 747
-563 195
-747 -228
656 226
124 692
113 -414
36 240
735 577
38 -386
-750 -116
-9 -324
273 -824
-370 -511
58 -529
815 627
-311 -571
169 723
-663 775
-397 600
-835 980
897 249
673 -732
764 520
-395 224
827 -978
867 966
847 -402
177 -37
485 569
421 -478
-357 345
40
3 1000
-63 1000
-177 1000
-435 547
-421 985
-450 607
-378 438
-423 509
-193 264
-15 190
-43 201
45 183
0 139
55 178
-84 -23
-104 -60
-134 -264
-126 -194
368 -760
-33 -577
86 -681
305 -783
469 -740
662 -439
640 -147
672 -270
545 8
378 152
327 172
146 212
185 211
192 209
153 225
193 261
238 320
290 413
307 776
260 949
184 1000
196 1000
40
-223 1000
-368 1000
-352 1000
-449 950
-467 700
-457 913
-376 436
-327 373
-75 209
-168 253
44 187
-7 120
13 143
39 166
-134 -248
-119 -143
-120 -373
-4 -608
-33 -549
123 -707
17 -624
483 -707
630 -527
671 -468
643 -515
663 -420
597 -73
649 -192
280 186
494 66
216 202
174 240
158 218
246 329
238 319
292 429
313 524
301 816
303 817
185 1000
40
110 903
-461 332
-51 742
-395 398
-319 474
-555 238
-445 348
-61 732
-75 718
27 820
-336 457
-629 164
8 801
-250 543
-140 653
23 816
95 888
-106 687
-93 700
-165 628
55 848
-221 572
49 842
-64 729
34 827
-636 157
-647 146
-103 690
-631 162
-124 669
-454 339
-662 131
-4 789
-620 173
54 847
-385 408
-499 294
-274 519
-512 281
-690 103
2
110 903
-690 103
15
775 -778
504 -512
245 -224
214 -207
-9 34
-135 108
-169 169
-217 241
-320 318
-353 333
-378 394
-621 614
-653 641
-959 943
-997 988
10
761 -762
491 -507
192 -216
-168 185
-339 347
-374 371
-604 612
-648 640
-929 930
-981 988
15
-514 372
-503 331
-501 18
-517 -237
-511 -414
261 -500
439 -507
492 -495
356 -348
-3 8
-268 271
-329 336
-421 409
-444 430
-439 434
15
-487 11
-505 -402
-488 -396
57 -491
111 -489
283 -494
414 -511
422 -425
191 -197
163 -160
125 -116
44 -24
-17 16
-395 405
-426 424
35
-38 -926
-38 -961
-23 -848
-3 -694
-59 -727
-12 -639
-29 -653
-63 -550
-4 -514
-42 -499
32 -447
-14 -410
-1 -363
13 -326
12 -107
-28 -64
43 31
-4 60
-36 62
-19 74
-31 39
40 123
-35 220
-24 315
4 387
-9 457
-10 367
-17 489
-28 481
2 491
-52 588
7 804
48 800
46 912
27 958
37
-38 -995
-23 -929
-3 -776
-59 -792
-12 -652
-29 -704
-63 -600
-4 -555
-42 -500
32 -567
-14 -415
-1 -426
13 -349
12 -267
-28 -158
43 -66
-4 -34
-36 1
-19 65
-31 -3
40 85
-35 120
-24 64
4 169
-9 288
-10 265
-17 414
-28 383
2 426
-52 468
7 514
48 503
46 624
27 762
14 831
-16 894
31 980
40
40 0
39 1
39 5
128 101
238 199
243 199
123 100
40 -5
44 1
39 1
125 98
169 141
123 101
107 79
125 98
121 103
129 96
165 134
240 201
241 199
125 103
130 100
216 183
237 202
241 198
239 201
124 101
123 98
238 199
242 203
236 202
240 198
240 201
236 199
240 202
126 96
125 101
129 98
242 196
238 200
40
0 40
-2 41
102 124
98 125
99 125
47 81
60 94
61 90
100 125
100 128
0 43
1 40
102 124
198 241
200 239
201 243
146 182
202 240
202 239
167 204
201 239
200 239
99 125
-2 39
-1 40
100 124
200 243
201 240
99 125
92 116
99 123
199 245
198 243
148 180
178 215
100 126
99 125
98 123
200 241
203 238
14
603 -19
678 102
768 149
845 422
756 764
242 906
282 910
374 938
-106 734
-211 188
-64 15
-149 93
333 -110
537 -55
10
138 -111
718 81
878 433
552 844
490 917
-144 680
-232 320
-229 346
-40 4
240 -104
37
-772 774
713 535
-880 -180
-343 66
-956 520
538 -270
-866 -386
-375 -866
48 441
641 -664
-653 -39
-696 199
280 -10
-964 656
-39 30
-436 -602
749 -109
-566 -941
92 -284
-303 -816
235 -832
113 49
-3 -821
461 -765
588 398
-743 715
979 -495
416 248
808 660
-318 -881
-593 -786
-349 224
195 801
-711 -290
369 -817
-478 -936
0 747
33
470 -236
375 34
632 -50
3 -869
990 -273
794 -830
-899 526
823 179
642 -875
337 486
-95 -621
629 -981
797 721
986 732
350 635
-933 252
109 8
761 603
959 353
82 -949
386 -653
-814 623
786 -754
899 -515
941 454
-607 -767
-544 -651
-317 60
-573 301
-784 -273
84 29
-563 570
-372 -848
3
-991 -721
-779 -675
289 -312
3
185 679
138 -744
372 -476
30
298 408
-421 606
-610 -896
194 903
161 -967
632 190
462 194
720 -789
-166 -245
-54 -101
-948 127
61 -682
867 753
177 -23
325 76
-194 466
-722 939
-393 -878
-222 -392
645 -714
-386 -633
889 -82
975 209
383 -378
-834 -973
-114 -275
172 834
831 -406
-618 -867
181 288
2
271 744
560 607
33
589 -949
-228 571
824 -138
-451 719
-568 212
-997 -588
-878 708
814 241
732 668
790 -378
-20 -727
892 120
-215 -451
894 620
18 -293
-697 776
-289 -857
622 -91
403 -491
-92 29
-630 -284
-870 -952
-520 185
458 -316
797 -732
712 -980
455 991
-529 751
-9 -685
902 -981
783 719
96 -159
105 50
38
851 -206
-650 -249
299 659
-411 -890
-229 -412
-651 -955
231 762
-720 -775
139 246
-9 -80
-700 -375
855 318
-219 -132
323 -308
908 199
-763 -401
661 362
-303 -716
-403 -906
913 306
335 -837
-871 -256
153 987
-378 -48
-93 5
-197 918
-141 625
755 875
41 -402
-587 355
-49 -743
618 278
277 -328
-725 -384
719 792
-524 -219
160 -132
-767 638
18
0 0
128 -128
669 -669
13 -13
800 -800
800 -608
800 267
800 -428
800 105
800 404
800 106
800 -391
800 800
637 637
37 37
34 34
522 522
0 0
17
0 0
-542 -542
-731 -731
-800 -800
-800 -770
-800 796
-800 625
-800 519
-800 -582
-800 350
-800 116
-800 800
-596 596
-330 330
-501 501
-756 756
0 0
40
-25 -971
1 -958
-15 -912
3 -868
7 -869
6 -787
8 -715
-4 -345
31 -305
4 220
17 256
3 370
-18 362
-10 431
11 746
-1 662
10 658
4 587
9 533
-25 348
9 157
5 8
5 -47
-17 -438
0 -745
4 -649
-34 -595
-3 -565
-25 -63
14 -46
-1 28
10 49
18 62
19 118
13 244
-23 260
-6 352
-5 447
-8 417
-1 461
40
12 -914
23 -917
70 -879
86 -920
76 -897
45 -897
9 -899
6 -908
-11 -916
-60 -904
-84 -905
-42 -899
-47 -882
-19 -907
-15 -902
14 -889
-3 71
-8 153
10 807
1 791
-4 907
-41 905
-53 906
-94 893
-82 890
-58 898
-19 900
-6 894
26 898
67 898
62 876
89 881
87 900
85 904
65 911
40 892
9 913
15 898
16 898
35 905
40
-819 820
-771 -844
-526 188
921 674
514 84
-269 -320
158 -470
652 382
-166 -672
618 350
-812 863
-728 767
-186 860
201 -668
79 265
-881 770
255 -521
-269 383
447 93
838 313
212 -414
-491 37
-796 674
-154 -651
-244 -587
754 -406
-707 42
92 399
321 -311
-891 181
467 -680
731 792
-266 294
-670 405
197 711
-969 339
-385 142
483 132
-597 185
349 282
40
439 851
-232 375
7 757
437 283
-214 -923
-585 -624
922 -340
-234 -567
740 -710
-367 -219
-538 -563
-999 688
531 -284
99 653
-792 -226
978 634
271 -731
424 655
-546 -270
-404 432
-26 -64
-858 951
-901 -127
844 -156
-927 -379
567 167
-803 -295
988 -563
-346 -303
801 9
244 663
-36 636
-687 379
-763 -821
-371 -556
-787 597
175 -133
739 -266
-891 340
942 266
13
280 320
281 321
280 322
288 326
283 327
430 458
281 325
278 323
589 610
884 921
879 921
880 921
886 924
15
320 280
323 279
506 480
317 281
324 283
618 590
916 881
921 879
916 882
920 876
613 585
607 590
866 823
921 883
919 880
40
-998 999
-883 884
-857 832
-768 764
-748 754
-748 750
-684 688
-593 590
-565 565
-537 542
-539 532
-406 408
-362 348
-255 251
-245 219
-192 193
-135 146
-86 73
-66 73
-70 70
-23 16
20 -18
28 -36
139 -157
254 -244
293 -255
300 -283
311 -314
437 -435
499 -470
522 -522
526 -565
573 -555
568 -558
608 -631
654 -627
667 -641
716 -696
774 -766
865 -871
40
-968 992
-948 957
-879 875
-838 846
-771 778
-757 780
-702 701
-634 637
-603 593
-472 473
-453 450
-400 395
-357 376
-343 341
-333 330
-328 338
-227 222
-208 231
168 -153
161 -139
169 -161
200 -215
315 -315
349 -363
406 -422
409 -406
538 -572
558 -565
572 -564
701 -723
752 -732
800 -786
814 -828
876 -862
919 -930
968 -983
979 -973
976 -1000
1000 -1000
1000 -985
40
224 306
-104 466
346 511
576 534
206 497
56 482
6 477
486 525
466 523
606 537
716 548
226 499
276 504
286 505
796 556
-94 467
86 485
-44 472
556 532
346 511
196 496
166 493
756 552
776 554
326 509
566 533
396 516
36 480
746 551
-104 466
-120 -120
-124 -118
-142 -109
-150 -105
-126 -117
-160 -100
-140 -150
-172 -206
-180 -220
-200 -255
38
224 306
-104 466
556 532
506 527
6 477
456 522
-44 472
486 525
386 515
786 555
646 541
26 479
316 508
796 556
66 483
586 535
246 501
206 497
556 532
26 479
226 499
316 508
196 496
-104 466
-112 173
-120 -120
-152 -104
-124 -118
-132 -114
-130 -115
-160 -100
-154 -115
-158 -105
-142 -145
-140 -150
-164 -192
-156 -178
-200 -255
0
