1.000000000000
1.414213562373
9.284766908853
1114.320155523210
97.269406539781
112.810911448781
1293.321692387474
1593.679076853304
0.000000000000
253.096819418973
84.061626035775
1300.229078185747
1879.453377979885
1423.938200906205
411.821563301389
1468.653805360542
38.209946349086
118.270875535780
38.000000000000
0.000000000000
1686.085703634308
40.888528361043
2021.752952266918
407.358564412239
141.421356237310
601.470484437068
5.099019513593
1390.748156184079
1186.566896554931
311.462625722585
113.846387733647
104.172933144843
2042.906997393665
290.640945244496
111.779948791145
1528.484543592116
1948.245621065270
296.467536165429
0.000000000000
20.000000000000
285.686891543872
351.199373575751
35.923209106558
559.031305026829
0.000000000000
169.011833905203
3.605551275464
1131.370849898476
2812.913791782464
1242.343724930092
