2
0 0
1 0
3
0 1
1 1
2 0
2
0 0
1 0
5
0 -1
2 -1
2 1
-1 1
2 1
10
40 15
40 20
40 15
45 10
50 12
50 10
50 15
60 15
65 20
70 18
10
40 10
40 15
45 20
50 18
50 15
50 20
60 20
60 15
65 10
70 12
40
-589 240
105 -460
417 -415
-866 -385
-893 -835
538 -346
713 427
-141 -70
189 375
-335 -282
-835 -367
-543 507
-283 -198
923 -861
-189 -1
-482 -776
595 -456
175 828
696 -644
831 -319
455 -47
432 -363
-173 455
-320 -706
-854 558
-204 824
124 -13
335 -423
-435 102
-989 -482
-27 -36
721 584
-949 -379
-192 590
-616 -655
-908 985
-684 -373
856 454
-899 925
-512 67
40
-274 -342
116 551
-414 -526
183 533
-153 -32
124 293
251 -23
570 -337
284 402
-152 446
966 401
-405 -830
827 57
-600 278
-317 581
-790 -378
655 62
-680 645
83 594
-17 -731
-566 -138
835 141
494 421
674 -49
793 -938
-186 739
783 -2
730 -401
266 842
386 -561
240 -209
-518 -106
692 111
-990 -405
459 -682
154 450
-941 -565
77 -817
-582 -247
-23 -752
40
-208 176
-409 7
-427 -35
-365 38
-306 -403
-461 -93
-405 -36
-411 -285
-382 -337
-359 -321
-322 -378
-230 -425
-18 -435
82 -350
117 -320
-27 -416
156 -275
228 -212
273 -188
136 -321
242 -194
256 -165
351 -40
345 -63
381 300
427 42
409 233
286 388
430 184
280 397
167 460
73 411
49 404
203 446
-115 348
-47 375
-94 328
-79 353
-216 236
-210 231
40
-203 227
-233 152
-432 -11
-378 36
-411 -14
-407 -200
-423 -262
-278 -391
-198 -433
-254 -422
-86 -421
25 -373
-79 -424
-151 -431
198 -222
158 -287
183 -259
159 -272
178 -259
162 -303
293 -132
278 -186
370 -29
439 41
369 -87
418 171
416 215
237 418
387 322
75 474
246 415
45 405
348 377
22 419
10 416
94 429
-42 415
-153 261
-248 208
-216 180
40
-185 557
-395 392
-437 313
-445 313
-431 87
-427 69
-367 -58
-257 -167
-186 -206
-263 -164
-198 -216
-261 -278
-281 -290
-331 -405
-371 -530
-363 -592
-301 -812
-280 -841
-120 -952
58 -914
-142 -929
80 -911
239 -635
261 -656
165 -333
161 -329
167 -332
61 -234
102 -268
13 -206
15 -176
22 -155
56 -120
155 129
171 155
161 144
157 239
38 473
123 382
-187 542
40
-275 515
-279 505
-381 408
-452 227
-454 164
-425 37
-301 -135
-286 -144
-359 -63
-206 -232
-212 -211
-241 -270
-287 -318
-370 -560
-347 -679
-368 -545
-232 -887
-289 -843
-143 -931
-34 -948
-136 -926
45 -932
261 -580
238 -716
258 -570
246 -591
102 -272
111 -268
130 -289
7 -192
-12 -191
23 -159
97 -79
116 -28
123 -42
166 211
138 6
-51 533
-63 537
-204 548
2
-698 825
630 -709
2
102 70
-430 32
36
990 213
-550 -948
717 -991
-195 260
25 -140
-491 -796
-324 860
-335 -547
61 -511
711 -33
57 -861
645 -776
-538 -565
-516 37
-676 -227
869 335
67 920
-656 654
-127 803
187 -648
759 -148
-71 381
57 125
623 -537
-81 724
-361 -799
-454 -240
526 697
-801 370
175 281
201 110
-61 760
-883 456
648 341
444 635
485 -60
34
-448 -474
-213 -359
-143 -683
672 592
-383 204
323 -545
-282 381
79 -42
418 945
-277 -356
404 -229
-769 -233
194 -127
988 97
-561 -424
-685 -624
-883 -86
-759 -931
372 -44
705 386
-291 306
-171 507
-71 -58
-317 12
397 -388
-48 23
-922 896
-610 529
596 691
214 -162
-280 268
-431 414
-436 -977
-741 141
40
-988 285
-924 237
-916 231
-908 225
-864 192
-820 159
-804 147
-784 132
-744 102
-716 81
-712 78
-668 45
-596 -9
-468 -105
-424 -138
-396 -159
-360 -186
-352 -192
-308 -225
-264 -258
-200 -306
-168 -330
-124 -363
-100 -381
-88 -390
-56 -414
-48 -420
-12 -447
92 -525
96 -528
128 -552
148 -567
228 -627
232 -630
284 -669
308 -687
352 -720
460 -801
572 -885
612 -915
40
-988 285
592 -900
-648 30
136 -558
-72 -402
-608 0
-616 6
-432 -132
608 -912
100 -531
464 -804
-592 -12
380 -741
396 -753
-404 -153
-732 93
-4 -453
-268 -255
128 -552
560 -876
-64 -408
-376 -174
336 -708
124 -549
264 -654
604 -909
-684 57
-496 -84
-248 -270
544 -864
-60 -411
-872 198
492 -825
-708 75
312 -690
224 -624
-252 -267
132 -555
556 -873
612 -915
40
-1000 0
963 -11
-401 8
-792 -10
647 15
956 -4
-876 -12
-160 -12
45 10
-560 0
-661 -2
-532 -2
-797 -10
-823 -7
941 -3
681 10
-111 17
670 -12
-502 3
-331 -2
-401 5
193 -3
210 8
-990 1
150 -27
628 -2
-78 -14
849 -21
567 -9
-447 1
843 2
181 0
975 -6
-636 -1
-650 7
248 13
943 17
770 -4
-453 -6
1000 -6
40
-860 5
-829 -1
-724 2
-712 2
-673 3
-652 8
-564 -6
-573 0
-517 0
-437 -2
-390 0
-382 2
-11 -7
196 2
300 2
481 -5
485 -12
296 -6
270 0
213 1
113 1
51 -7
7 -4
-38 -2
-76 2
-79 -1
-113 1
-183 -4
-192 -3
-225 -3
-237 -2
-412 -4
-466 5
-421 12
-401 3
-288 -5
-138 0
-142 -8
133 5
747 1
40
-390 -810
-390 -808
-379 -621
-368 -501
-357 -400
-368 -329
-361 -398
-382 -759
-386 -700
-363 -461
-365 -399
-361 -401
-390 -808
-390 -810
-391 -809
-391 -808
-379 -671
-374 -594
-381 -746
-362 -399
-362 -398
-363 -401
-362 -401
-373 -541
-388 -794
-389 -812
-391 -810
-392 -808
-393 -809
-389 -807
-358 -399
-358 -400
-359 -403
-356 -398
-362 -400
-361 -403
-360 -399
-362 -399
-386 -198
-390 -200
40
-310 -810
-310 -808
-308 -808
-338 -411
-310 -809
-338 -404
-311 -807
-309 -810
-314 -809
-310 -813
-309 -811
-308 -811
-309 -812
-305 -811
-340 -404
-312 -201
-309 -198
-310 -199
-306 -205
-326 -302
-311 -197
-314 -200
-308 -199
-312 -199
-308 -200
-312 -201
-309 -205
-337 -400
-341 -399
-337 -401
-315 -775
-317 -716
-311 -813
-309 -813
-315 -737
-311 -807
-308 -810
-341 -397
-312 -202
-309 -203
2
592 190
-974 515
30
-284 879
-150 399
938 603
-641 524
933 -127
-283 -92
28 -50
-809 458
-814 62
-493 991
828 -678
397 -976
937 -210
304 156
60 -856
350 922
42 648
-424 -21
-296 -566
783 118
712 165
596 -625
-722 390
394 -426
16 -812
-116 -991
66 -451
203 -718
723 333
-249 -255
40
165 -920
106 -934
166 -934
154 -928
170 -910
184 -900
167 -926
147 -922
168 -877
110 -882
129 -925
138 -908
127 -898
181 -908
181 -926
145 -944
136 -927
154 -893
138 -878
161 -923
115 -908
148 -929
124 -931
150 -915
116 -903
127 -882
135 -913
128 -952
115 -888
154 -912
131 -900
151 -896
112 -912
171 -906
153 -872
172 -918
155 -930
155 -921
188 -909
143 -885
40
236 954
249 932
224 955
208 959
245 940
245 962
255 940
242 939
228 929
204 950
234 934
230 943
261 972
224 968
226 954
263 950
264 1000
240 986
261 977
187 963
211 953
249 957
238 980
229 982
231 954
236 966
249 938
243 917
222 1000
237 985
247 920
228 947
222 930
242 943
232 983
262 962
213 952
241 989
240 946
265 954
40
109 -653
-708 636
751 -293
934 28
743 -322
-450 334
81 -33
5 217
565 688
584 -65
-724 -867
872 951
-151 -849
152 -489
-583 -979
-498 569
798 357
690 -322
-317 855
-814 957
712 -221
-260 279
-501 -439
-12 824
43 980
-700 503
57 341
-935 -745
-69 891
666 257
-895 -567
-84 -951
-163 -794
-103 225
-948 -260
-501 -612
-687 -976
-213 117
-698 444
774 30
40
-591 587
-420 -674
-31 -528
-227 749
453 -99
284 855
102 50
-721 -515
-238 -598
561 333
-108 686
304 776
-53 -593
-310 -40
-660 774
985 466
-881 -513
-554 -905
229 -426
-905 176
336 120
408 -875
-669 604
283 -312
684 -615
-484 -228
248 606
-432 114
-360 -601
356 -648
533 -885
-79 -805
409 -684
683 -275
517 647
-11 365
-114 -343
-827 -704
-519 529
294 -419
6
740 848
686 303
643 -185
641 -208
624 -347
576 -560
30
748 942
740 917
756 869
737 777
714 699
723 673
704 598
699 553
686 501
698 492
705 499
692 283
683 285
680 269
655 180
674 182
678 119
648 98
663 64
646 -47
629 -154
636 -171
634 -203
638 -234
597 -517
596 -552
606 -615
553 -782
548 -953
550 -971
7
538 159
705 -933
394 467
-156 -568
-632 -98
-644 525
-878 521
14
625 877
-887 285
-247 28
-983 -722
191 621
-890 631
-943 -884
-812 -46
-22 -87
-188 -579
5 103
89 -93
464 73
434 -139
40
5 16
-21 -1
-10 7
6 -5
-21 -16
-22 1
17 3
8 7
-10 4
4 -1
-21 12
29 -25
5 3
3 8
-3 37
-16 1
13 -8
-25 24
-6 -22
4 20
6 -2
10 -4
-1 -19
7 2
0 -1
-15 1
5 -4
-5 1
-16 -17
16 -14
-13 14
-10 0
3 -29
-9 20
-15 29
-17 7
13 -5
-9 -9
6 36
42 -2
40
-33 20
-18 -19
-2 -11
20 13
-33 -2
-10 5
24 -4
5 5
5 15
28 -4
-16 7
2 22
-4 13
32 26
2 9
5 19
28 23
-12 12
-2 -11
-3 14
-1 1
3 12
8 -9
5 -4
11 -1
-24 -17
-11 -11
-17 -7
3 -19
-2 19
16 13
10 33
-5 -21
7 22
0 10
-9 -40
16 22
-11 -22
-7 3
19 -15
12
898 -36
772 468
412 796
43 894
-571 703
-820 363
-904 -87
-794 -422
-561 -705
-88 -893
472 -770
807 -392
12
890 82
810 401
373 811
65 895
-396 813
-810 407
-897 15
-776 -467
-506 -752
-29 -906
401 -817
775 -460
40
450 550
399 482
318 374
375 450
387 466
354 422
336 398
366 438
393 474
309 362
414 502
420 510
423 514
444 542
402 486
300 350
285 311
295 337
290 324
250 220
290 324
255 233
265 259
275 285
300 350
231 258
240 270
159 162
222 246
276 318
258 294
165 170
153 154
201 218
255 290
189 202
288 334
156 158
225 250
150 150
40
450 550
165 170
384 462
255 290
327 386
246 278
354 422
192 206
168 174
291 338
213 234
414 502
402 486
198 214
306 358
417 506
189 202
240 270
219 242
396 478
423 514
288 334
216 238
324 382
195 210
357 426
174 182
408 494
171 178
378 454
438 534
249 282
351 418
258 294
339 402
297 346
390 470
411 498
183 194
150 150
40
224 306
-104 466
586 535
516 528
126 489
46 481
166 493
596 536
476 524
-74 469
486 525
746 551
696 546
136 490
566 533
796 556
776 554
336 510
716 548
-34 473
76 484
-44 472
266 503
116 488
386 515
616 538
-104 466
-120 -120
-140 -110
-154 -103
-124 -118
-122 -119
-152 -104
-160 -100
-144 -140
-140 -150
-192 -241
-156 -178
-172 -206
-200 -255
38
224 306
-104 466
116 488
606 537
96 486
206 497
516 528
-54 471
256 502
26 479
736 550
496 526
796 556
46 481
-34 473
-94 467
336 510
736 550
106 487
156 492
496 526
586 535
-64 470
246 501
686 545
466 523
-104 466
-120 -120
-138 -111
-158 -101
-160 -100
-148 -130
-156 -110
-140 -150
-148 -164
-172 -206
-144 -157
-200 -255
29
-52 341
405 -627
679 658
-624 389
29 825
274 -384
175 355
988 -331
-747 389
-635 635
550 37
462 773
559 439
-725 -283
76 -844
-225 -466
-582 535
210 -591
660 -300
341 315
266 642
-394 -610
417 254
-537 223
223 701
654 -73
-589 977
441 402
973 1
34
-941 143
-941 -50
-769 -865
-315 -826
359 688
962 -408
-908 -440
408 -994
-372 -892
-315 -296
300 -51
966 -933
664 -669
28 -195
-884 -536
-687 -12
-953 -219
-61 -149
-455 -999
699 468
-370 973
732 472
-187 558
623 -725
-420 526
790 626
-470 617
-531 601
443 971
877 -652
-316 -260
-985 -821
-857 -647
-386 999
40
-935 920
-897 911
-874 859
-756 769
-765 758
-763 732
-720 717
-669 670
-691 682
-666 676
-637 626
-603 613
-593 599
-602 579
-530 532
-457 461
-417 419
-392 389
-368 346
-277 279
-244 270
-202 221
-18 14
123 -107
140 -118
176 -175
257 -233
245 -259
311 -293
335 -317
372 -374
392 -387
446 -451
502 -486
500 -495
523 -528
716 -711
712 -710
730 -760
973 -994
40
-903 914
-844 888
-770 772
-769 781
-705 690
-666 674
-640 650
-616 614
-608 602
-567 568
-534 521
-482 476
-464 456
-399 396
-365 387
-350 349
-320 326
-266 236
-151 164
-96 96
-46 32
23 -21
56 -58
130 -115
157 -192
235 -220
276 -303
400 -424
458 -468
481 -490
546 -529
535 -526
593 -602
620 -619
679 -655
748 -738
834 -823
849 -849
854 -866
1000 -996
36
847 776
847 294
-763 -828
-311 -85
-203 613
-830 993
390 -899
-196 -424
-747 538
540 763
316 -964
698 248
-459 188
391 735
-301 -265
333 617
351 479
179 -252
719 957
546 -506
568 -853
-685 776
-26 744
504 335
-580 627
632 914
920 -964
-908 582
-833 -33
368 594
384 -791
-447 446
845 -661
377 -773
-275 496
682 -955
39
-566 -670
-655 666
-91 335
834 616
-374 551
-539 338
786 -977
788 40
-739 -235
805 -916
-134 -952
-751 -101
364 123
-208 -650
-304 -194
398 179
-82 -686
-307 -921
-135 -737
225 172
797 -325
782 987
808 -442
-389 -416
606 725
-672 -192
-45 -947
-162 -262
-223 -691
-908 -923
541 181
-979 -657
748 -704
-566 709
439 427
-358 800
232 802
488 501
-36 -577
40
600 20
-786 822
-740 -28
-706 -676
-543 -384
-699 -654
-802 812
-809 825
-796 805
-813 823
-709 -658
-471 -248
-702 -657
-814 823
-6 355
-111 425
-806 836
-737 -274
-819 826
-811 836
-727 -79
-702 -556
-701 -498
-698 -647
-493 -290
-700 -660
-719 -342
-713 -623
-694 -655
-716 -664
-706 -655
-683 -646
-692 -639
-698 -641
-522 -357
-689 -652
-807 694
-796 808
-700 -640
-344 -73
40
600 20
536 50
-806 817
-795 814
437 104
-801 816
-692 -642
-694 -657
-701 -430
-785 827
-791 841
-802 809
-192 481
-796 810
-803 822
-809 824
-710 -662
-482 -309
-697 -654
-697 -601
-767 419
-693 -658
-694 -649
-755 188
-709 -653
-700 -647
-803 821
-449 631
-667 734
-800 826
-714 -646
-701 -654
-735 -70
-692 -647
-538 -371
-697 -649
-798 819
-813 826
-485 -294
-360 -63
40
-500 0
-126 374
-91 409
-128 372
-78 422
-150 350
-277 223
-60 440
-495 5
-34 466
-204 296
-173 327
-59 441
0 500
245 255
283 217
5 495
36 464
175 325
397 103
262 238
218 282
456 44
500 0
390 -66
0 -300
-169 -131
-136 -164
-285 -15
-188 -112
-195 -105
-135 -165
-281 -19
-58 -242
-300 0
52 88
100 100
88 88
75 75
0 0
40
-600 0
-403 197
-196 404
-457 143
-203 397
-84 516
-105 495
-103 497
-34 566
0 600
483 117
438 162
348 252
579 21
218 382
257 343
177 423
38 562
496 104
600 0
108 -328
444 -104
339 -174
45 -370
291 -206
174 -284
21 -386
0 -400
-245 -155
-41 -359
-288 -112
-144 -256
-388 -12
-400 0
-163 79
41 147
-265 45
200 200
60 60
0 0
15
250 850
245 821
25 -455
0 -600
567 -924
238 -736
126 -672
42 -624
630 -960
532 -904
518 -896
469 -868
224 -728
119 -668
700 -1000
18
250 850
225 705
130 154
30 -426
195 531
120 96
0 -600
-220 -460
-352 -376
-550 -250
-308 -404
0 -600
441 -852
84 -648
392 -824
665 -980
567 -924
700 -1000
3
525 -337
526 -438
525 -639
3
530 -338
528 -438
530 -638
40
-542 -428
747 -107
74 920
-861 -783
-933 430
29 827
110 -21
370 -858
994 -211
-301 -823
597 -491
-263 -106
-463 -892
27 50
-985 939
1000 551
-122 -780
239 -264
-626 -42
148 486
255 20
631 405
628 60
-403 291
742 -292
-884 -101
628 -407
834 -505
-683 654
-789 -9
273 406
916 -233
346 836
-761 -534
574 -304
970 -912
725 -462
357 -662
-818 -894
927 -678
4
-172 -661
-933 -314
-970 -148
489 -709
40
-69 -75
78 -106
691 -486
-735 -787
887 287
763 47
-655 11
847 -977
47 968
-504 238
-1 -358
261 -61
-820 -710
-548 168
150 -194
-900 135
-268 -112
985 -704
-55 232
672 -195
-337 -902
-941 -90
666 466
-909 730
-794 -987
-1000 -356
968 -844
507 986
984 748
880 -608
473 534
230 -390
630 -991
190 -453
647 -402
-991 -7
57 408
-477 -707
-217 -151
-259 164
40
-961 541
-428 -372
-349 402
-759 637
295 825
-115 260
623 948
-668 -275
812 -592
-250 566
-84 -326
535 -267
716 835
872 -823
-383 -686
-175 414
-667 -599
-388 -34
759 -264
601 224
-99 123
155 46
809 -537
146 700
852 -769
-794 -118
-910 590
733 -74
108 -449
-223 470
640 959
468 353
706 590
824 87
-30 635
544 -555
553 643
-641 539
472 -870
-852 -117
11
160 595
389 603
464 605
580 542
272 -165
25 -755
-260 -180
-497 349
-551 476
-555 497
-594 592
11
218 594
270 602
249 -201
183 -391
162 -429
144 -445
-54 -665
-254 -212
-294 -108
-542 484
-558 493
40
2 -915
2 -865
-9 -643
7 -543
-5 -277
0 147
1 226
9 277
-1 386
-3 432
-11 557
2 406
0 291
-2 141
-7 40
13 -37
5 -71
5 -577
-7 -570
-2 -619
5 -649
-1 -686
-4 -611
1 -594
-1 -537
-2 -439
2 -364
-2 -105
-9 -43
-4 88
11 227
4 404
0 539
5 572
3 724
-2 728
-2 833
1 915
-1 921
0 977
40
0 -900
22 -901
24 -900
90 -901
83 -900
52 -901
8 -899
-20 -903
-26 -902
-49 -899
-77 -903
-97 -899
-68 -899
-45 -901
-30 -899
-18 -905
2 -531
1 -80
5 -77
2 292
-1 861
-2 899
-18 904
-30 896
-38 902
-33 901
-54 899
-81 903
-88 898
-83 901
-71 903
-6 898
67 901
90 898
93 896
87 901
88 899
80 901
79 900
81 897
35
12 -959
6 -713
-13 -565
19 -523
-14 -446
-34 -378
54 -432
-30 -387
-23 -319
-36 -147
-15 -262
4 57
47 237
-18 188
19 293
8 366
2 446
-44 488
-41 563
-59 610
-40 626
0 621
-2 681
-18 677
-12 714
27 753
-12 784
-15 714
25 812
-2 817
27 830
27 854
0 882
2 953
-62 935
37
6 -855
-13 -790
19 -555
-14 -500
-34 -392
54 -440
-30 -394
-23 -440
-36 -207
-15 -263
4 -189
47 90
-18 146
19 176
8 294
2 424
-44 438
-41 496
-59 579
-40 579
0 569
-2 636
-18 644
-12 692
27 680
-12 695
-15 683
25 779
-2 792
27 811
27 794
0 837
2 877
-62 831
40 907
-19 915
8 1000
4
268 578
561 -19
678 969
860 337
3
-424 860
-216 869
-927 -653
18
-583 -275
-611 193
-309 585
361 596
574 597
603 379
234 -523
-352 -419
-405 -216
-401 -190
-414 288
133 407
181 409
308 401
321 405
350 405
406 37
130 -140
17
-500 -429
-214 491
-48 493
237 496
507 284
489 168
489 155
487 -300
-270 -295
-303 -249
-304 -105
-310 5
-32 312
198 314
335 151
282 21
53 -48
40
1 -971
10 -856
-19 -717
3 -679
9 -631
-1 -396
-5 -400
-5 -84
-4 170
-11 381
6 404
-6 424
7 464
4 652
-2 744
-11 724
3 636
1 560
0 360
-15 254
-3 271
-4 221
20 123
1 79
-10 -147
-3 -149
20 -273
-6 -440
12 -451
-12 -523
9 -564
-3 -726
-1 -569
27 -453
-7 231
-9 339
-4 755
11 777
6 839
-20 865
40
15 -886
10 -905
28 -912
36 -884
86 -908
75 -895
89 -903
56 -889
-14 -893
-32 -899
-104 -880
-96 -890
-67 -903
1 -665
-1 -654
1 -608
15 -264
10 -25
-3 16
-2 46
-5 445
-11 905
-60 916
-71 913
-63 902
-91 898
-86 917
-87 892
-48 900
18 905
83 911
94 904
92 877
70 899
36 905
53 893
33 909
19 897
18 896
-3 902
37
606 -116
-873 -293
-762 727
399 44
125 310
654 -128
-866 -271
-369 -790
-30 71
948 375
-49 -415
-577 -660
542 428
-492 -294
-630 -641
78 188
555 310
-11 -153
454 -162
-475 415
-596 -118
-864 -115
-910 357
456 -784
-587 -968
-478 584
-988 -917
187 307
-214 632
-661 -879
107 134
-142 -208
791 952
269 957
79 -553
892 -560
-819 -662
34
-313 -910
-878 -268
32 991
-343 122
244 580
-325 -279
562 -678
-1000 -540
-754 570
-133 198
875 -449
-676 -345
642 170
620 -186
707 524
-918 973
946 42
505 -800
-885 272
391 -439
-157 -438
-566 -759
-750 165
304 -194
-18 -576
282 -794
-906 427
-98 57
494 -492
-4 914
-691 948
-916 499
-284 -563
-702 862
4
452 872
-164 -264
999 242
878 -341
4
-98 -997
489 282
-125 -562
-148 -39
40
-484 -486
-502 -491
-463 -477
-476 -487
-462 -444
-429 -453
-437 -419
-421 -408
-282 -246
-218 -217
-162 -138
-162 -115
-28 1
-18 11
-13 27
83 114
138 168
141 182
200 242
192 256
188 245
208 280
274 358
299 384
309 394
346 415
384 460
460 498
444 495
433 532
470 556
511 565
536 627
580 664
601 714
626 702
687 786
741 811
718 841
796 887
5
-300 -274
94 136
206 263
554 623
666 737
2
110 903
-690 103
40
110 903
-518 275
51 844
-553 240
-640 153
-10 783
21 814
-342 451
-675 118
-635 158
-285 508
-378 415
-392 401
-663 130
-583 210
-20 773
-265 528
-274 519
-269 524
-530 263
-293 500
-84 709
-123 670
-298 495
-143 650
-52 741
-312 481
-489 304
-55 738
-348 445
-263 530
-521 272
-283 510
63 856
-500 293
-278 515
-602 191
-424 369
-623 170
-690 103
16
0 200
4 196
13 187
123 77
62 138
158 42
200 0
129 -71
119 -81
0 -200
-54 -146
-16 -184
-143 -57
-165 -35
-22 -178
-200 0
14
0 220
116 104
201 19
50 170
220 0
181 -39
58 -162
95 -125
158 -62
7 -213
36 -184
0 -220
-90 -130
-220 0
40
783 914
355 927
160 903
-141 896
-258 906
-457 908
-818 892
-911 901
-894 860
-896 802
-894 676
-896 676
-893 575
-889 416
-889 395
-891 293
-906 247
-897 173
-360 -4
-108 -11
122 10
230 -21
217 3
351 0
920 -42
897 -53
897 -174
895 -226
920 -424
917 -665
899 -716
893 -841
921 -839
-15 -899
-512 -897
-570 -906
-596 -879
-637 -881
-751 -905
-892 -908
40
499 883
-895 822
-903 830
-902 592
-897 591
-907 568
-884 420
-884 276
-789 6
-742 -13
-593 -14
798 23
702 11
326 8
380 -16
426 8
858 -24
635 5
-111 33
-755 7
-800 -18
-829 15
-809 23
-729 -10
-630 13
-585 -5
-147 -7
687 -10
898 -200
924 -309
918 -476
901 -630
907 -667
704 -906
645 -895
227 -923
-54 -899
-253 -925
-569 -898
-843 -926
12
286 -98
578 0
851 411
751 696
724 719
320 893
-107 764
-176 626
-215 327
-206 141
433 -99
450 -79
12
630 -35
593 14
794 177
798 628
523 833
254 976
171 890
85 869
-253 236
63 -62
-154 114
100 -108
14
-901 -210
-897 -208
-316 -220
-322 -219
-444 -218
-665 -211
-899 -219
-899 -206
-315 -216
-101 -209
-97 -210
-323 -223
-94 -210
-103 -215
14
-900 -240
-898 -238
-322 -234
-324 -229
-311 -235
-178 -237
-320 -233
-315 -231
-101 -245
-95 -243
-319 -229
-322 -228
-105 -241
-94 -234
40
184 454
172 423
64 143
-50 -115
-129 -304
-290 -733
-400 -986
-360 -874
-207 -524
-173 -464
-153 -391
-65 -162
-44 -96
15 53
41 93
286 698
348 880
240 618
114 292
116 281
77 184
8 44
-279 -691
-383 -931
-353 -899
-229 -575
-180 -449
-124 -312
-29 -59
12 66
137 357
183 447
237 593
312 773
370 925
243 626
230 600
124 307
-5 -8
-362 -912
40
299 1000
301 1000
299 1000
301 1000
302 1000
303 994
300 999
300 1000
297 1000
299 999
298 1000
300 1000
298 1000
300 999
298 1000
304 1000
298 998
300 999
282 942
218 728
101 345
85 277
65 223
-38 -132
-49 -171
-150 -509
-302 -1000
-298 -996
-295 -999
-304 -1000
-300 -999
-303 -997
-301 -1000
-300 -1000
-299 -1000
-300 -1000
-305 -1000
-301 -1000
-299 -1000
-303 -1000
12
-904 910
-825 834
-749 739
-518 529
-477 462
-390 386
-108 105
222 -226
252 -255
389 -386
487 -508
751 -739
12
-904 910
-825 834
-749 739
-518 529
-477 462
-390 386
-108 105
222 -226
252 -255
389 -386
487 -508
751 -739
40
893 -89
883 150
862 267
795 410
696 573
645 629
591 674
457 773
278 862
113 897
-34 893
-111 892
-264 866
-416 806
-618 647
-561 710
-662 618
-852 288
-852 280
-862 270
-889 -153
-860 -307
-875 -219
-869 -251
-764 -482
-623 -661
-537 -730
-426 -798
-171 -886
-98 -894
-69 -901
183 -884
153 -887
310 -840
485 -757
622 -653
598 -675
839 -349
869 -211
892 -148
40
895 80
898 -25
866 198
808 400
746 477
683 593
598 683
348 836
327 840
204 885
-40 887
-177 888
-237 871
-387 797
-592 673
-690 569
-807 403
-786 428
-853 273
-867 247
-895 22
-907 -112
-892 -148
-759 -476
-754 -502
-714 -548
-528 -744
-349 -830
-178 -889
-324 -837
-84 -893
256 -865
312 -843
364 -828
533 -738
746 -491
766 -469
862 -239
838 -334
897 -33
40
211 336
251 396
239 378
257 405
275 432
277 435
235 372
227 360
287 450
233 369
291 456
221 351
237 375
215 342
275 432
287 450
247 390
231 366
281 441
223 354
225 357
269 423
209 333
235 372
207 330
245 387
213 339
229 363
233 369
273 429
235 372
259 408
269 423
239 378
255 402
277 435
251 396
217 345
265 417
287 450
40
209 333
283 444
231 366
213 339
243 384
219 348
245 387
217 345
265 417
211 336
239 378
237 375
235 372
251 396
287 450
221 351
281 441
285 447
257 405
223 354
215 342
273 429
279 438
249 393
241 381
259 408
261 411
277 435
253 399
255 402
269 423
225 357
229 363
263 414
247 390
233 369
267 420
275 432
227 360
289 453
16
0 0
481 -481
242 -242
519 -519
65 -65
800 -800
800 48
800 474
800 574
800 800
10 10
665 665
139 139
638 638
399 399
0 0
19
0 0
-681 -681
-352 -352
-516 -516
-750 -750
-750 89
-750 -233
-750 404
-750 227
-750 -714
-750 -492
-750 -85
-750 750
-485 485
-649 649
-141 141
-32 32
-427 427
0 0
40
-989 971
-870 860
-680 666
-669 665
-600 603
-463 470
-437 458
-451 400
-411 422
-367 372
-347 396
-366 387
-260 267
-108 94
-101 101
-78 87
-85 61
-61 70
-54 63
32 -48
29 -27
68 -65
131 -115
164 -168
184 -182
309 -298
382 -374
624 -623
657 -634
669 -663
694 -670
708 -707
734 -700
699 -718
787 -789
779 -782
887 -900
937 -914
948 -961
1000 -982
40
886 -900
875 -882
871 -902
839 -844
818 -852
785 -813
745 -703
590 -592
537 -574
518 -514
434 -419
414 -407
378 -370
335 -309
270 -293
211 -218
203 -215
204 -202
155 -177
88 -63
70 -70
2 -14
2 6
-51 101
-147 109
-364 390
-393 375
-409 441
-516 543
-813 772
-800 803
-769 813
-850 870
-870 846
-884 878
-882 869
-892 900
-958 962
-956 960
-1000 996
19
9 894
754 -115
-19 -898
-640 243
-34 -336
-609 292
113 -729
-31 -331
-29 -289
396 -669
-184 -710
147 858
-451 674
395 584
-254 186
465 365
950 441
818 754
-186 -580
19
542 515
-503 627
-185 727
247 636
-635 395
668 147
614 119
415 951
725 946
-524 35
-107 276
-459 -650
723 -294
81 -157
476 -791
-429 689
-554 997
-829 -847
624 -853
0
