37
89 88 144 187 134 166 194 196 180 38 59 19 73 148 83 151 70 193 115 72 151 167 79 32 191 146 116 171 116 48 61 78 109 20 85 24 41
100
2080 2220 3150 3009 3784 1237 2283 1870 480 2032 809 149 2275 2019 288 2175 2878 3281 3581 3232 3702 256 1194 3101 764 2903 3289 683 2045 482 1769 1826 357 2417 2656 3285 3519 248 1753 357 81 878 903 3355 621 2716 797 1022 2880 3903 620 3893 1891 3421 841 846 2400 234 3040 1559 2965 2957 450 769 3538 3091 3579 2006 1175 1474 1176 2514 2745 3009 2353 3776 1781 3287 63 1558 3628 307 3122 3801 3825 3151 27 1212 134 2148 753 557 193 583 2484 2117 2428 472 1437 982
10
2115 1204 3196 2540 760 282 290 801 2831 2585
8
2 2 3 3 4 4 5 1
56
2033 2033 2020 2036 2015 2022 2012 2025 2032 2011 2017 2030 2019 2015 2021 2010 2014 2034 2020 2022 2013 2023 2034 2032 2022 2030 2027 2010 2018 2031 2030 2035 2032 2032 2033 2029 2018 2015 2025 2015 2030 2010 2012 2034 2015 2030 2021 2026 2019 2012 2033 2012 2027 2024 2019 2027
100
49 75 101 127 153 179 205 231 257 283 309 335 361 387 413 439 465 491 517 543 569 595 621 647 673 699 725 751 777 803 829 855 881 907 933 959 985 1011 1037 1063 1089 1115 1141 1167 1193 1219 1245 1271 1297 1323 1349 1375 1401 1427 1453 1479 1505 1531 1557 1583 1609 1635 1661 1687 1713 1739 1765 1791 1817 1843 1869 1895 1921 1947 1973 1999 2025 2051 2077 2103 2129 2155 2181 2207 2233 2259 2285 2311 2337 2363 2389 2415 2441 2467 2493 2519 2545 2571 2597 2623
2
2023 2024
2
2025 2022
100
6204 2939 4782 9164 540 2250 3929 7323 1800 5577 9675 8096 4323 5058 4043 5025 239 9925 7377 6220 9749 1508 3076 1726 2292 8541 1066 2557 2119 897 9976 6897 4940 4775 7979 5393 3175 3204 964 415 9722 2443 6751 8966 225 2814 1214 4551 7344 5389 6743 1572 528 7936 9158 2009 465 673 2809 2643 789 9542 1764 8499 9833 2154 5391 5522 7264 213 6606 5955 7849 5979 9218 6934 6962 4669 6853 162 4405 2760 166 2727 9944 4812 7239 2371 4030 9776 7435 3206 3260 9519 918 9274 6900 2317 7489 3040
2
2 9997
100
2033 3983 399 2074 3196 474 1481 2624 2216 1155 3162 65 3498 2636 1530 2271 2638 1985 1165 3493 998 2913 3755 3508 853 3894 2158 3004 2922 3251 3397 2591 2051 1354 393 2393 1563 518 232 2443 524 913 1542 925 3491 3393 2151 3140 1554 3652 1381 27 2417 34 3854 2264 412 3050 2246 3832 1344 3922 3655 2501 237 3653 1546 3371 365 2621 2786 1243 2829 3116 2583 3924 3752 2603 1350 3297 2322 2748 820 2229 1664 1940 1117 3459 895 3480 121 1112 1792 315 142 2677 2679 3803 1873 3619
2
1 2
2
1 9998
4
7777 6666 8888 9999
100
144 165 186 207 228 249 270 291 312 333 354 375 396 417 438 459 480 501 522 543 564 585 606 627 648 669 690 711 732 753 774 795 816 837 858 879 900 921 942 963 984 1005 1026 1047 1068 1089 1110 1131 1152 1173 1194 1215 1236 1257 1278 1299 1320 1341 1362 1383 1404 1425 1446 1467 1488 1509 1530 1551 1572 1593 1614 1635 1656 1677 1698 1719 1740 1761 1782 1803 1824 1845 1866 1887 1908 1929 1950 1971 1992 2013 2034 2055 2076 2097 2118 2139 2160 2181 2202 2223
3
2024 2020 2023
94
9907 9228 9129 9308 9088 9694 9761 9052 9201 9533 9055 9585 9915 9570 9928 9549 9266 9712 9109 9804 9416 9256 9445 9432 9701 9895 9350 9008 9290 9852 9490 9773 9410 9329 9124 9882 9752 9449 9850 9634 9424 9957 9797 9479 9919 9691 9521 9102 9608 9654 9922 9196 9224 9019 9078 9209 9194 9258 9918 9057 9300 9982 9390 9821 9241 9045 9437 9223 9542 9868 9298 9645 9360 9368 9063 9530 9353 9424 9573 9318 9701 9675 9544 9246 9851 9080 9278 9304 9753 9974 9120 9944 9461 9974
98
9391 9420 9485 9296 9462 9925 9492 9256 9110 9618 9319 9348 9461 9829 9589 9225 9403 9913 9371 9494 9590 9448 9389 9124 9873 9118 9306 9674 9528 9410 9515 9807 9250 9813 9418 9077 9484 9612 9983 9530 9340 9129 9735 9749 9498 9876 9693 9041 9521 9961 9201 9011 9182 9606 9778 9837 9307 9630 9357 9416 9490 9862 9806 9734 9862 9193 9009 9572 9009 9542 9260 9386 9734 9006 9728 9926 9682 9889 9276 9253 9962 9349 9716 9772 9844 9907 9085 9476 9985 9029 9141 9020 9683 9886 9464 9923 9814 9777
32
162 121 196 6 151 187 154 128 23 68 51 194 116 176 138 179 92 16 47 118 184 58 184 66 200 184 197 172 13 71 26 58
100
168 189 210 231 252 273 294 315 336 357 378 399 420 441 462 483 504 525 546 567 588 609 630 651 672 693 714 735 756 777 798 819 840 861 882 903 924 945 966 987 1008 1029 1050 1071 1092 1113 1134 1155 1176 1197 1218 1239 1260 1281 1302 1323 1344 1365 1386 1407 1428 1449 1470 1491 1512 1533 1554 1575 1596 1617 1638 1659 1680 1701 1722 1743 1764 1785 1806 1827 1848 1869 1890 1911 1932 1953 1974 1995 2016 2037 2058 2079 2100 2121 2142 2163 2184 2205 2226 2247
10
514 3445 1283 3228 597 3625 213 2201 2948 3096
100
7718 2699 7604 9402 2556 6686 4163 9525 1381 8244 8306 6902 7257 4978 61 8036 5355 7396 8742 1041 3119 2943 9937 538 55 9000 6987 6005 6056 2427 9543 7463 2244 1704 1464 6978 1067 4746 3023 9976 7883 7253 8017 459 5014 5658 8793 619 899 8011 4672 3503 9268 5828 2336 9624 1682 4239 9108 4166 8176 2530 9933 8196 6635 4448 262 1931 4673 4561 6693 7234 1988 4500 7732 8906 4537 4301 4874 1215 1660 1033 923 1101 7762 2482 8 6160 8617 4998 9250 9236 2307 6969 2908 8522 7736 6144 4149 6198
34
168 171 176 139 68 9 192 47 16 98 27 193 3 38 51 87 15 50 30 112 43 174 144 145 134 141 62 128 46 1 100 24 194 88
39
156 93 100 90 53 91 83 196 172 135 133 139 2 20 56 105 13 50 130 15 31 139 127 24 167 178 10 135 198 129 170 118 122 102 78 140 120 199 166
2
123 4567
2
9999 1
100
2124 1350 2850 3487 3858 2071 3633 2951 3584 4044 180 1518 1317 3125 2396 1457 148 1110 626 2101 239 2590 628 1181 628 218 842 1724 1806 2382 1865 894 3941 437 973 292 2365 3198 2692 2062 575 1489 1944 2047 192 531 3361 838 3779 1352 1264 986 246 1634 3084 1259 3272 3956 1124 1012 2013 3942 360 2743 1166 1638 2236 155 3683 1574 1846 1128 2859 3657 3633 3349 114 1816 2822 3118 2461 568 390 4044 3404 1861 3481 1376 2380 2925 2592 396 2844 3648 1330 1559 3791 3493 955 3617
31
74 169 50 140 24 10 94 131 104 38 160 162 6 81 192 98 160 93 168 81 189 83 71 130 175 79 122 200 178 52 146
90
2021 2013 2022 2019 2036 2011 2028 2011 2021 2012 2032 2016 2026 2034 2018 2034 2030 2031 2014 2019 2015 2015 2013 2013 2024 2024 2034 2028 2011 2015 2018 2026 2030 2029 2030 2016 2034 2019 2033 2016 2029 2036 2028 2017 2021 2029 2025 2020 2035 2011 2011 2017 2027 2017 2033 2024 2027 2016 2022 2010 2022 2021 2031 2030 2034 2034 2022 2029 2035 2022 2024 2011 2016 2013 2035 2017 2035 2029 2036 2027 2034 2020 2023 2035 2014 2012 2013 2021 2034 2029
2
2 9998
100
151 174 197 220 243 266 289 312 335 358 381 404 427 450 473 496 519 542 565 588 611 634 657 680 703 726 749 772 795 818 841 864 887 910 933 956 979 1002 1025 1048 1071 1094 1117 1140 1163 1186 1209 1232 1255 1278 1301 1324 1347 1370 1393 1416 1439 1462 1485 1508 1531 1554 1577 1600 1623 1646 1669 1692 1715 1738 1761 1784 1807 1830 1853 1876 1899 1922 1945 1968 1991 2014 2037 2060 2083 2106 2129 2152 2175 2198 2221 2244 2267 2290 2313 2336 2359 2382 2405 2428
10
2673 1434 501 1609 2830 3828 882 2680 3 725
100
2409 2242 1379 1102 2168 2270 3851 1439 1731 2392 2710 1689 2438 2398 236 3988 1240 2654 2163 74 917 1952 3866 1600 1733 1148 606 2219 2852 889 1391 2358 1063 3355 1868 2501 2065 1643 4035 1425 2934 540 2210 3510 1137 2023 2732 2239 1754 3471 134 684 1558 3736 2235 3710 2334 3885 1455 2519 1449 3816 2016 3713 1696 83 1058 3669 1001 3536 822 3912 273 1412 3381 222 525 2798 1481 3364 62 2761 1241 175 2044 1787 2202 3285 2556 2182 46 122 2427 2608 3063 2090 1300 1500 1342 1289
100
111 130 149 168 187 206 225 244 263 282 301 320 339 358 377 396 415 434 453 472 491 510 529 548 567 586 605 624 643 662 681 700 719 738 757 776 795 814 833 852 871 890 909 928 947 966 985 1004 1023 1042 1061 1080 1099 1118 1137 1156 1175 1194 1213 1232 1251 1270 1289 1308 1327 1346 1365 1384 1403 1422 1441 1460 1479 1498 1517 1536 1555 1574 1593 1612 1631 1650 1669 1688 1707 1726 1745 1764 1783 1802 1821 1840 1859 1878 1897 1916 1935 1954 1973 1992
100
2058 4019 1017 9067 5739 6264 3340 8691 5000 1900 9607 9351 4766 8051 7579 6439 8178 5024 2064 6169 576 4342 5095 5933 2046 4805 5835 1060 5253 6796 7238 7344 1485 4952 9147 6296 3071 6535 8085 1869 1755 7278 6686 8924 4330 2611 9499 6640 7910 2919 2485 1010 9606 4086 4016 4995 2921 9717 4951 6258 9118 3264 8285 3419 8046 8931 3615 4714 9257 5696 3714 3205 3062 6526 4242 1745 7971 4910 1098 2254 3845 4500 590 6352 167 7493 2027 7430 1747 8137 8044 379 66 5796 6645 2408 4956 5589 3865 6870
100
9659 9029 9534 9266 9023 9041 9209 9683 9259 9807 9108 9268 9230 9079 9426 9205 9825 9299 9804 9996 9549 9011 9616 9158 9432 9034 9971 9599 9608 9261 9981 9085 9994 9984 9257 9389 9728 9993 9112 9955 9484 9360 9666 9232 9397 9856 9814 9753 9355 9849 9355 9748 9715 9739 9994 9513 9057 9735 9876 9901 9748 9295 9728 9373 9872 9555 9631 9252 9782 9538 9540 9096 9319 9111 9892 9631 9187 9218 9396 9502 9542 9068 9043 9690 9313 9543 9312 9409 9153 9233 9508 9084 9504 9901 9236 9842 9440 9015 9174 9090
10
2878 3518 380 536 67 235 3812 2658 2804 256
92
9947 9888 9331 9250 9441 9265 9697 9862 9719 9878 9974 9117 9299 9689 9368 9424 9599 9713 9951 9174 9646 9708 9533 9907 9594 9677 9019 9888 9262 9209 9356 9184 9146 9959 9083 9289 9580 9345 9116 9148 9125 9805 9352 9337 9259 9973 9317 9798 9011 9745 9334 9099 9909 9142 9586 9670 9328 9677 9390 9691 9666 9161 9990 9884 9343 9942 9605 9151 9037 9571 9856 9246 9294 9473 9427 9780 9790 9358 9049 9529 9243 9195 9577 9586 9341 9610 9974 9584 9616 9990 9989 9690
3
1599 2222 1599
100
1185 1499 714 994 1575 3365 468 2787 1754 3746 2372 3715 1749 3779 231 626 3684 3173 3191 2601 1880 1917 2933 3672 1580 1460 3560 1568 157 2914 374 2734 3027 1872 2938 789 309 2105 1452 195 1942 1390 1118 2096 2153 3600 2819 1783 2723 2845 2774 3207 199 400 3971 3065 2984 1329 2193 768 1230 3769 2383 1337 513 3239 605 2499 1683 1425 889 1101 1449 763 625 1012 2692 3299 87 626 1633 1241 2740 1370 469 58 4022 737 3950 2414 3106 3226 226 3212 1859 1399 2088 2831 2034 2466
100
4882 7737 2956 4548 9258 8408 3516 7117 2555 9006 4161 6338 2680 7 7137 7182 8812 5422 4389 7118 3716 1671 7140 8213 8772 6075 7173 37 4358 9396 949 3813 4955 965 2352 2848 609 1081 5953 2384 4737 3834 3761 5364 4302 9312 3109 9223 8193 9123 5264 8328 1088 7200 9870 7357 5931 9787 9130 8483 7045 6372 5346 4444 9714 8157 7558 6461 9490 2377 6367 241 8264 4576 6196 3039 275 4055 1968 8484 3966 4600 5296 3847 8967 4195 8835 4351 3925 1747 2413 8128 2209 2421 3025 1301 2770 3138 8786 8097
97
9077 9346 9765 9965 9308 9413 9730 9994 9180 9848 9224 9854 9490 9233 9531 9568 9123 9899 9074 9792 9403 9480 9796 9438 9378 9538 9419 9144 9681 9678 9035 9254 9381 9537 9531 9178 9550 9402 9849 9627 9054 9094 9759 9703 9193 9983 9389 9141 9271 9091 9246 9388 9430 9288 9829 9116 9791 9632 9628 9828 9460 9282 9526 9202 9730 9886 9715 9517 9665 9711 9957 9305 9550 9044 9423 9831 9016 9758 9394 9073 9106 9228 9209 9620 9805 9221 9966 9966 9880 9165 9215 9340 9135 9539 9280 9423 9481
69
2012 2032 2030 2024 2022 2020 2022 2019 2035 2016 2020 2011 2024 2014 2034 2020 2031 2029 2019 2033 2014 2010 2035 2033 2030 2020 2027 2025 2029 2013 2019 2011 2021 2026 2017 2034 2035 2030 2018 2020 2012 2035 2025 2012 2028 2020 2022 2014 2010 2017 2010 2011 2013 2032 2020 2032 2014 2035 2021 2017 2020 2032 2023 2019 2025 2027 2016 2012 2014
100
1597 7089 1235 4729 5902 7186 1767 9551 8018 8916 8962 5902 1932 4110 3941 3400 9541 8866 7726 4888 8848 9268 5882 919 9076 6869 2755 871 4245 8427 4651 2232 6291 6135 8286 2377 5499 6713 7098 1198 2129 9118 5827 6262 2426 7135 214 5349 1252 2336 812 114 6007 8029 9298 3403 2405 4812 6837 9209 8277 4956 787 5861 9164 4450 9650 2130 8197 3769 7326 145 2935 9795 7272 7972 8613 4280 8877 9016 5101 5754 8687 2421 4590 9314 2255 7131 8571 3519 61 1382 7200 2856 6418 6867 3411 7664 5437 74
10
2877 747 1703 502 2783 1307 1982 1984 256 877
0
