65
2015 2019 2033 2022 2010 2021 2022 2036 2036 2023 2033 2021 2020 2025 2019 2036 2031 2012 2013 2013 2022 2031 2018 2012 2011 2021 2030 2015 2035 2013 2034 2010 2025 2036 2021 2010 2031 2019 2018 2022 2020 2014 2029 2035 2029 2011 2034 2013 2035 2030 2036 2014 2028 2022 2033 2031 2013 2024 2021 2016 2016 2019 2016 2021 2022
94
9579 9453 9952 9278 9099 9461 9327 9276 9448 9913 9460 9114 9488 9136 9208 9946 9510 9753 9009 9721 9956 9573 9456 9736 9180 9625 9772 9328 9374 9613 9621 9558 9258 9070 9007 9806 9932 9030 9043 9962 9948 9217 9679 9211 9349 9517 9826 9355 9931 9333 9589 9619 9440 9871 9028 9662 9963 9211 9087 9019 9196 9328 9557 9502 9747 9963 9720 9000 9507 9285 9003 9479 9997 9106 9048 9456 9902 9426 9665 9087 9973 9209 9953 9907 9053 9965 9507 9854 9359 9364 9438 9826 9918 9569
39
165 137 90 138 142 13 41 25 7 73 185 42 70 66 65 93 52 137 18 49 5 189 194 31 155 98 115 52 113 154 128 118 32 37 142 5 40 193 66
2
1 9997
10
1860 477 2248 2816 3395 1546 2902 3309 2429 1775
100
4812 3928 8953 394 4637 8743 4060 8549 1918 798 6862 8531 3707 573 226 7460 3466 4074 3837 2167 8693 978 4464 765 2338 1473 5754 8422 4273 6210 1393 815 2324 8365 184 8095 9538 3052 1062 6263 5158 2435 528 1654 2761 5031 2084 6194 3107 9055 8742 9264 6107 8194 445 6893 3399 1445 4006 4172 8094 321 4838 449 9304 820 4570 2276 6510 7754 7530 4828 1020 4789 9496 8580 2940 490 3088 2270 4613 7477 8646 9938 2237 4143 3491 1018 8721 6196 7966 6430 4194 8919 2442 7874 4044 5004 6633 3996
100
10 33 56 79 102 125 148 171 194 217 240 263 286 309 332 355 378 401 424 447 470 493 516 539 562 585 608 631 654 677 700 723 746 769 792 815 838 861 884 907 930 953 976 999 1022 1045 1068 1091 1114 1137 1160 1183 1206 1229 1252 1275 1298 1321 1344 1367 1390 1413 1436 1459 1482 1505 1528 1551 1574 1597 1620 1643 1666 1689 1712 1735 1758 1781 1804 1827 1850 1873 1896 1919 1942 1965 1988 2011 2034 2057 2080 2103 2126 2149 2172 2195 2218 2241 2264 2287
2
2023 2024
39
1 142 192 137 121 145 78 21 90 61 57 3 179 126 156 178 111 186 12 138 171 139 60 7 39 95 5 11 129 121 148 146 128 120 55 118 162 10 183
100
7903 1244 7173 7432 8942 6687 2916 1934 9547 2176 8721 8750 779 4950 5302 3131 232 5424 7207 5285 4097 6791 6098 4667 9421 2028 7468 7168 1016 5563 5806 5124 8066 9091 9470 8844 6339 7444 2918 6768 6066 3524 7373 1037 1329 9468 1674 3972 997 3018 5947 3140 3385 3290 6105 8692 7276 4522 8688 1652 3685 6195 9206 5372 1529 143 4903 3731 5121 3855 5391 3363 7660 4694 5995 9560 3710 8900 3173 6691 1992 1459 3230 2110 5322 204 6182 4921 9138 8498 2380 785 796 4475 889 8596 4649 1287 4402 5086
2
9999 1
100
169 191 213 235 257 279 301 323 345 367 389 411 433 455 477 499 521 543 565 587 609 631 653 675 697 719 741 763 785 807 829 851 873 895 917 939 961 983 1005 1027 1049 1071 1093 1115 1137 1159 1181 1203 1225 1247 1269 1291 1313 1335 1357 1379 1401 1423 1445 1467 1489 1511 1533 1555 1577 1599 1621 1643 1665 1687 1709 1731 1753 1775 1797 1819 1841 1863 1885 1907 1929 1951 1973 1995 2017 2039 2061 2083 2105 2127 2149 2171 2193 2215 2237 2259 2281 2303 2325 2347
100
83 100 117 134 151 168 185 202 219 236 253 270 287 304 321 338 355 372 389 406 423 440 457 474 491 508 525 542 559 576 593 610 627 644 661 678 695 712 729 746 763 780 797 814 831 848 865 882 899 916 933 950 967 984 1001 1018 1035 1052 1069 1086 1103 1120 1137 1154 1171 1188 1205 1222 1239 1256 1273 1290 1307 1324 1341 1358 1375 1392 1409 1426 1443 1460 1477 1494 1511 1528 1545 1562 1579 1596 1613 1630 1647 1664 1681 1698 1715 1732 1749 1766
2
123 4567
41
2024 2023 2026 2012 2014 2020 2033 2015 2011 2018 2032 2021 2011 2010 2017 2030 2036 2016 2019 2031 2022 2012 2022 2021 2034 2026 2019 2016 2011 2012 2034 2032 2035 2028 2024 2026 2015 2017 2030 2026 2021
37
2 114 174 34 145 61 121 70 154 29 15 70 197 93 44 126 130 55 101 2 172 41 129 93 166 192 99 190 178 113 46 126 115 58 89 19 124
77
2025 2031 2031 2033 2028 2016 2022 2024 2036 2021 2033 2024 2011 2034 2028 2031 2035 2017 2015 2020 2020 2020 2028 2025 2030 2014 2012 2026 2036 2021 2022 2010 2016 2031 2022 2011 2012 2013 2017 2021 2028 2016 2015 2035 2014 2014 2022 2017 2013 2021 2012 2024 2022 2011 2030 2012 2015 2029 2023 2026 2024 2016 2020 2016 2026 2012 2034 2010 2021 2030 2012 2011 2013 2018 2032 2027 2021
94
9924 9577 9077 9693 9988 9665 9708 9397 9812 9101 9594 9218 9092 9079 9915 9027 9704 9295 9933 9709 9521 9767 9229 9289 9860 9903 9288 9842 9179 9391 9068 9744 9013 9545 9585 9772 9065 9902 9650 9480 9271 9956 9102 9333 9027 9291 9884 9982 9801 9771 9141 9120 9636 9941 9833 9390 9375 9572 9247 9442 9195 9339 9177 9978 9727 9689 9675 9099 9193 9345 9226 9238 9007 9438 9539 9424 9734 9459 9886 9488 9915 9771 9679 9037 9453 9746 9570 9678 9512 9826 9025 9787 9936 9616
93
9574 9887 9171 9458 9249 9702 9866 9360 9575 9922 9850 9111 9779 9447 9184 9515 9129 9547 9022 9494 9335 9185 9865 9700 9490 9151 9081 9490 9254 9907 9302 9561 9525 9307 9503 9489 9258 9072 9662 9952 9760 9140 9146 9238 9011 9614 9990 9403 9194 9547 9558 9489 9605 9282 9635 9896 9471 9381 9166 9525 9295 9622 9517 9034 9232 9860 9764 9544 9463 9264 9057 9958 9446 9491 9391 9391 9438 9617 9894 9693 9778 9133 9799 9916 9332 9852 9235 9109 9515 9467 9190 9012 9364
100
1820 104 736 3157 126 1535 2769 316 2598 392 2721 1664 3052 1589 953 594 3309 2079 58 3028 499 2666 2270 3785 2380 2447 3067 2730 3555 244 3702 538 2810 2025 2587 325 2201 1105 2978 1144 936 572 3029 2411 2383 685 2263 3986 1457 3987 796 607 2425 3987 2659 2019 2544 1374 3736 3764 2156 2422 3541 1906 1764 840 4046 340 1911 1250 1773 58 3118 4022 1190 1215 1068 2511 1760 2466 3713 420 3976 694 1523 1653 3419 496 740 772 3652 3801 4026 3100 354 1315 1128 1291 423 2612
37
179 42 131 45 170 29 105 135 163 143 88 63 9 75 55 180 178 191 1 30 36 157 113 155 10 182 15 199 121 9 13 108 161 79 177 116 155
95
9885 9393 9474 9967 9401 9579 9307 9389 9405 9492 9548 9350 9901 9874 9302 9968 9609 9481 9996 9543 9881 9139 9853 9061 9895 9762 9036 9086 9550 9212 9029 9290 9774 9605 9016 9254 9081 9021 9152 9394 9757 9613 9348 9235 9681 9011 9010 9664 9142 9755 9161 9167 9175 9953 9146 9341 9059 9670 9376 9223 9429 9433 9165 9521 9340 9924 9346 9418 9639 9872 9994 9410 9593 9489 9576 9391 9993 9474 9214 9374 9794 9704 9433 9438 9945 9432 9247 9341 9509 9418 9651 9314 9183 9200 9544
2
3 9997
100
3380 3893 1706 3461 914 3055 2260 2589 1005 3787 3831 3182 3919 2900 1501 2924 3690 2393 347 4042 1857 552 897 338 2254 2835 3552 1929 1558 1320 137 3286 3687 1638 1401 480 2865 3389 1636 1926 1751 3878 3843 1265 2670 2442 3581 2809 3381 2468 598 3690 3891 2356 827 3150 113 1659 1868 3621 1944 2566 1254 2419 2553 2233 3863 1919 952 3005 2810 328 1192 1029 832 584 3980 2216 1574 2143 3778 1962 524 2789 2191 3033 1749 1429 2744 2995 2396 1662 3178 1733 3616 706 1651 3888 1197 1325
2
1 2
37
157 126 197 129 130 19 74 49 137 123 6 48 193 108 79 125 156 29 73 65 40 147 7 118 97 151 146 172 120 188 26 5 15 139 83 46 42
100
6477 1999 9848 2351 5161 1614 6350 5165 5658 1835 4382 9798 9483 3246 8761 3894 4969 3249 1706 1271 7779 7563 1728 6472 3854 9734 5763 8380 1074 3931 9284 3973 2905 3237 5108 4022 2542 6075 8982 6385 8543 8699 2603 6227 664 5308 9270 7423 6032 667 5977 7336 1920 9674 5292 7536 2897 150 2404 1755 2425 4929 3746 3730 6586 5120 117 2606 8985 3595 1676 9198 8137 5123 6693 4089 8730 4225 7475 6403 5943 1121 4283 5225 5587 1906 252 9067 2341 9714 6861 2833 6064 6523 1363 2999 4476 6530 5025 3567
100
118 141 164 187 210 233 256 279 302 325 348 371 394 417 440 463 486 509 532 555 578 601 624 647 670 693 716 739 762 785 808 831 854 877 900 923 946 969 992 1015 1038 1061 1084 1107 1130 1153 1176 1199 1222 1245 1268 1291 1314 1337 1360 1383 1406 1429 1452 1475 1498 1521 1544 1567 1590 1613 1636 1659 1682 1705 1728 1751 1774 1797 1820 1843 1866 1889 1912 1935 1958 1981 2004 2027 2050 2073 2096 2119 2142 2165 2188 2211 2234 2257 2280 2303 2326 2349 2372 2395
2
2025 2022
3
2024 2020 2023
10
78 2579 505 784 528 686 1412 1773 645 403
100
580 1172 507 970 2112 2871 3200 3422 2722 2455 3083 2210 616 2090 2309 1671 2466 3657 1236 479 765 669 3095 2023 2168 211 2375 672 2803 3492 1054 172 847 2783 2883 1354 2881 524 1355 3869 2460 468 1412 3913 2244 2300 747 570 1176 2246 3206 4 3171 1724 2983 312 248 1912 1605 2865 3951 282 2115 969 3718 2731 3235 498 1534 932 2796 570 1793 3854 3522 1112 11 898 2858 2402 110 2036 1223 3370 1465 2996 3696 3377 1009 1061 2842 3269 2588 216 677 538 7 437 3384 3442
100
109 136 163 190 217 244 271 298 325 352 379 406 433 460 487 514 541 568 595 622 649 676 703 730 757 784 811 838 865 892 919 946 973 1000 1027 1054 1081 1108 1135 1162 1189 1216 1243 1270 1297 1324 1351 1378 1405 1432 1459 1486 1513 1540 1567 1594 1621 1648 1675 1702 1729 1756 1783 1810 1837 1864 1891 1918 1945 1972 1999 2026 2053 2080 2107 2134 2161 2188 2215 2242 2269 2296 2323 2350 2377 2404 2431 2458 2485 2512 2539 2566 2593 2620 2647 2674 2701 2728 2755 2782
10
1638 3284 1649 2834 1446 3905 1812 1197 3000 712
100
6520 1627 501 3059 7242 5080 6759 2554 8397 7746 6859 1035 668 4091 5318 1500 1155 5262 8055 3460 6438 1210 4020 8803 1567 3406 5786 3363 6896 7678 5666 7407 5384 322 473 642 3426 5521 1810 7271 2927 856 3350 5732 2012 5161 9529 3585 4350 2533 7393 5969 2374 7159 9067 9183 7519 7014 343 7305 7900 9636 222 5188 6265 8639 4566 4114 2697 1618 7031 3259 5876 6444 6067 184 6525 1974 5438 5062 258 948 5062 9492 4788 3208 7667 463 3851 8027 5193 1850 7429 4361 2236 999 8152 7653 9435 1199
10
175 1719 1071 1664 1148 3555 3424 1004 2572 2430
100
148 2272 2361 3243 1485 1301 3481 3041 1145 708 2022 2177 3223 3589 3682 1517 2702 684 627 2539 1448 3934 1996 3353 3430 305 3807 1306 1771 855 2523 2211 650 3314 2220 1279 3178 3884 3690 138 189 1027 3258 882 2546 443 3742 1222 573 3004 3596 3853 3320 3512 1502 3010 377 1161 1936 2477 3982 1437 2705 1439 675 2920 909 1207 960 3705 258 701 1081 2102 652 173 333 154 1346 1449 2294 312 1052 1237 2096 1678 1901 2250 522 3805 3428 1386 3477 1594 44 1417 3295 2908 2252 3408
3
1599 2222 1599
100
2482 2366 983 3287 3811 770 2608 1683 454 1050 3506 1149 986 3336 3244 915 1781 3334 2924 2415 2976 2409 819 2082 1278 3729 2934 830 1871 2432 424 3382 2579 2936 2985 2437 2491 3362 2183 2134 1107 1896 2572 1509 1605 1629 3189 1268 85 1209 1587 3465 1198 587 3260 1598 1104 1779 1950 2093 2457 2675 545 759 3151 1558 3931 1226 3077 1211 218 1485 3871 617 2341 3216 719 2556 935 518 2715 1603 801 1487 943 2749 1795 2877 1595 3187 1071 2675 3137 3322 664 2794 1599 826 1893 328
100
6783 4618 7032 219 2005 4992 6111 7076 5836 746 1154 1285 4354 7237 6222 9540 7972 5448 9356 6841 6311 8453 1446 1648 7237 9661 7905 1009 9409 9596 850 5035 2354 4 5592 4876 7437 3637 6809 8653 3086 1818 3291 6483 2089 5295 1342 5984 3145 9250 7479 1878 1364 1818 2591 8059 4125 6592 7828 4250 9080 9422 5037 8494 1248 698 4061 4253 9535 9593 1587 9261 9259 508 4663 2219 5020 6180 9514 2138 7733 2133 1745 4393 5494 9699 3728 9647 1271 3533 1505 697 501 4523 4122 970 2444 8870 1218 8793
2
2 9998
96
9634 9977 9074 9702 9231 9973 9699 9869 9507 9945 9314 9553 9750 9020 9853 9577 9282 9258 9777 9903 9283 9564 9449 9086 9483 9302 9754 9265 9885 9618 9198 9424 9091 9185 9887 9890 9877 9752 9609 9435 9388 9202 9744 9855 9720 9549 9063 9221 9581 9982 9730 9226 9525 9816 9753 9985 9665 9784 9446 9599 9615 9440 9176 9892 9328 9251 9246 9584 9580 9300 9803 9252 9014 9469 9673 9962 9893 9977 9093 9498 9393 9116 9606 9060 9267 9684 9168 9076 9118 9352 9253 9930 9319 9227 9435 9602
8
2 2 3 3 4 4 5 1
4
7777 6666 8888 9999
10
3884 1350 8 3480 4028 3508 3457 1632 1751 89
0
