49 53
100 30
87 94
37 80
35 5
100 22
63 49
325819871654669025 100
71 728351505628610165
100 53
77 100
535652614867898882 89
89 64
-812988354063954758 72
38 7
31 39
55 43
27 59
54 94
61 56
16 45
0 64
64 89
-202972840043846068 52
69 57
387525592973487883 30
-53215557484671232 99
65 93
-845317049216844905 76
2 721586615645656721
91 29
49 53
96 855316313942084481
76 38
-677018272881916901 99
35 36
77 84
3 27
100 55
60 9
-134613490211350720 28
46 64
58 30
7 62
1 -615122592068980395
28 96
42 63
74 43
21 94
77 32
82 14
-34240221202154502 57
37 88
34 37
34 48
74 60
42 44
74 69
65 29
-425134180332735386 96
38 81
0 60
31 93
81 82
49 20
92 70
62 221185281554207035
62 79
85 62
18 31
86 58
101 91
44 7
151141837621459614 79
55 53
86 100
-901648937207916433 99
57 100
93 74
24 69
-862864874278342642 99
98 60
27 37
90 629907468580807574
64 74
95 17
-693777829342422091 99
50 17
77 70
24 24
65 79
34 61
-388845162547205136 99
24 76
55 77
55 17
76 45
26 29
29 96
99 700943465024539306
37 2
78 44
47 76
52 473650876093032759
82 13
-778126130943339037 99
-96449538321636458 82
-609428705260407779 99
13 796699831728295232
17 35
70 62
91 88
85 91
49 83
72 78
54 -607368473326439523
70 9
55 53
89 42
11 3
78 73
14 6
27 47
44 1
31 97
88 43
35 86
497870514924202449 100
36 65
57 81
53 11
-368671114486563485 79
79 35
74 39
91 8
75 32
11 60
14 18
813433342127663321 100
65 100
35 45
94 2
78 23
77 -673556208125874283
631760810886432482 66
89 18
-41483275944942932 99
368832375207958243 100
43 67
52 53
64 168946240288635980
90 59
97 38
54 25
38 8
73 40
17 74
14 96
24 795237680404742818
84 91
47 15
69 24
62 59
53 75
42 8
55 49
93 8
591556414756117573 63
39 7
95 67
-838499392959640110 99
61 4
75 73
27 82
56 49
46 34
30 37
85 552709176551422866
74 73
33 55
33 16
-810789769293844093 99
-245338511885765127 74
39 44
-329398451067260171 32
42 71
99 718832647506260632
80 -111945312899091150
55 74
0 123607030489462830
82 61
51 44
2 -91247550520683868
0 472659899745838472
21 78
21 63
100 95
34 88
-844118508186457430 93
87 43
