-751892494268373518 81
65 46
80 47
51 93
42 45
-125925444757703460 8
48 58
86 982687322778929342
44 27
-398098302888313298 99
77 388228754173484090
37 4
18 70
62 41
72 45
79 100
99 312007176934424862
59 14
51 8
50 11
7 10
69 72
18 60
37 923408797724960961
951805325623270612 100
88 34
18 100
56 88
19 55
-680633831481111172 74
55 50
17 87
26 68
3 -368221834682181449
34 170409111161834103
27 11
40 15
48 93
44 26
87 72
53 46
53 62
83 11
70 47
94 66
76 62
-388341899568475835 15
-567762293137762531 99
32 30
78 91
97 78
39 48
88 47
72 56
45 29
45 75
32 77
94 293858757563265576
59 7
55 92
-900052632047212068 99
21 79
73 23
937985062668775347 100
60 100
-170549628726821763 94
556101080552286893 100
63 12
34 58
82 92
99 553963109083692493
3 62
41 381163369957742723
78 87
25 40
58 68
45 21
-576937957357940785 85
97 56
28 62
23 40
100 18
25 55
0 479251882889263940
99 579066844317683080
71 46
29 48
28 43
59 38
35 93
66 -123523228127331333
90 69
49 79
53 82
55 43
17 96
30 91
27 45
37 40
74 75
44 28
80 52
38 22
90 67
22 52
70 26
9 63
34 85
11 32
74 94
38 93
37 0
60 16
67 83
16059424729652072 100
73 7
64 75
82 10
48 79
79 84
85 100
51 7
40 37
14 255802476910747124
98 72
19 18
767731478306351889 9
-414553403248053369 99
45 5
95 50
36 31
25 68
78 82
36 50
18 93
33302462788994027 49
0 27
71 98
71 66
83 5
88 2
398715101470899089 100
80 48
71 67
36 77
126547371301706072 32
71 66
35 260820584393999292
99 46
-223518463665794767 59
3 45
92 0
-968003590215663056 93
73 18
100 94
29 49
52 86
47 100
2 -89533692275359691
6 71
711715663339197330 66
77 83
40 71
54 94
833689229206185798 52
91 22
-7005868003971291 99
939121248383126232 100
87 69
55 10
100 53
100 69
72 73
6 44
10 2
66 3
24 94
-500358678786046754 99
-561455020622900175 54
81 15
73 26
98 80
-414775012630182537 99
-45538359676873476 99
-496743236138248017 99
25 746294135024771705
3 48
97 432389093057680261
86 6
11 31
84 74
28 1
968520590432346662 100
36 30
-476278437038507536 25
-513474132428421195 99
-440195215399776347 99
87 91
61 7
25 36
