745323072049664447 18
824634010776593262 100
44 73
58 63
0 35
87 81
33 84
88 53
-257629671695428711 99
67 20
71 11
100 32
57 93
76 9
95 71
21 81
3 49
41 96
11 77
90 74
-353116216341887871 60
48 46
21 22
35 68
97 881457419353357597
49 93
50 95
714390697407405262 100
-282686469956211943 28
684359356901684313 1
15 48
50 60
85 60
-676155067364427457 99
38 49
40 57
31 59
62 71
-490044427436849585 50
55 77
48 18
56 21
31 26
998688244831574229 100
-452432516348434507 99
87 49
45 28
65 33
-361875705591592565 99
51 64
56 83
26 70
101 68
49 76
25 60
53 442747217359709133
28 84
16 45
-619844768013595782 75
6 57
43 43
43 46
39 52
-427981974670009600 87
952321679830855775 0
37 6
51 45
21 64
89 78
101 25
57 97
82 63
54 49
39 77
65 58
841594669956623286 100
43 89
90 34
96 16
83 26
13 94
255384163953802513 90
64 73
95 8
-434110141009001780 97
38 96
91 6
508905154996918949 95
24 0
83 50
45 31
30 61
80 34
43 47
-545623703321280135 99
71 52
37 98
64 67
46 43
85 17
83 94
20 43
99 685640186356456214
61 296186745317719654
42 44
56 7
58 53
26 50
-32289489215078760 99
72 468824324561854159
38 56
34 35
-998419316805299354 99
20 67
77 34
83 483899952693093669
41 47
82 45
825683761562251251 84
86 917489663487667712
84 79
53 0
86 57
44 79
-272599566921103631 99
6 -104845579316022408
73 35
32 25
100 85
64 78
54 24
36 5
70 63
20 41
-691591210125793221 96
-33164297362870259 99
45 66
7 663273187426618567
96 12
90 -783452035415030181
-788200635920982850 99
-523197570145549503 43
260691725983151414 24
92 49
54 64
0 198108743474658025
98 23
14 70
74 37
95 79
74 83
27 12
65 72
21 739930829326154940
13 66
-553989709471516349 32
77 2
99 8140319881208126
72 83
95 100
80 23
-930714411371298898 87
75 12
25 48
0 569841991437107673
97 8
46 70
-936378106037389018 99
90 100
67 42
96 100
20 -57951360374945096
61 60
76 81
30 89
92 88
0 857891964334334006
19 9
86 16
29 697991644337349335
75 23
36 65
39 41
84 68
35 68
54 32
330319298920129355 99
25 81
47 76
47 79
100 65
0 53
37 18
34 40
22 36
60 323843754171909268
21 95
70 0
87 65
95 46
