31 29
43 23
100425935689940672 90
29 27
-103874691223521234 99
6 26
41 98
20 381604375938431634
61 -283353380314132739
54 7
38 32
-925241752047373966 99
36 56
70 100
38 92
-642514006615313572 99
49 89
85 81
53 1
93 21
10 64
65 78
36 76
49 684971421925521183
46 6
26 90
51 3
-333468536591727637 99
66 34
0 50
62 732347770264142135
20 33
95 8
399561057214601023 61
64 79
52 63
18 40
34 50
69 86
381675539194767493 100
28 61
43 4
57 2
57 31
91 10
81 33
100 11
80 75
-705612220693425395 99
91 19
39 100
16 785993286292026008
61 25
64 100
77 86
-681414160136998870 99
24 66
70 80
30 7
7 76
46 53
36 64
26 100
99 724080024619755286
5 49
95 57
49 32
100 77
90 1
99 88996887479840908
64 83
93 31
73 26
63 31
54 251914728082232912
20 32
53 75
-421890702753595744 99
84 222263626326788158
83 80
41 75
100 21
96 52
0 394553804112476182
5 -776007259861041215
84 94
68 74
69 15
-956145752104195571 99
46 63
59 82
0 925161679376238656
20 70
37 63751874861891519
51 80
64 42
44 44
85 928245157858237149
0 58
-388550808828669927 37
86 100
38 68
24 52
96 90
-583905569496005348 39
595279111350236339 69
87 24
57 320250396117805926
15 39
44 67
75 15
411226309387969859 5
62 68
83 76
-546042300094761041 90
577551556272710057 40
-344700603639111244 99
39 24
8 23
-734957066610505640 97
14 72
71 70
82 66
970098978480442063 100
70 39
40 75
62 45
21 48
33 66
0 371520017812071917
93 42
86 35
41 63
50 64
22 5
100 63
52 25
47 66
9 92
18 22
62 82
-886720030083884378 36
95 5
13 1
-895259593433260847 99
67 60
-944406255559454690 99
18 61
60 66
74 27
-738940549705603896 43
-493725749047754928 97
78 14
88 89
85 73
95 431272251446091294
85 507172320013121766
49 3
27 12
99 70
23 14
43 18
70 70
-389287186056406982 11
27 -634316838388354269
86 87
39 80
54 72
15 10
15 9
13 81
19 873595805946341926
75 38
80 315202519477663809
-677805299272104719 69
31 9
66 66
81 84
33 52
37 10
50 12
94 21
47 65
91 81
80 44
-249179429060965181 25
38 35
85 59
49 85
34 100
77 64
44 95
237419509173953734 66
10 25
94 51
44 28
20 59
11 63
38 884540587842782269
45 82
