NG
OK
NG
NG
7 0
NG
9 3
NG
NG
NG
3 0
NG
NG
NG
NG
NG
NG
NG
NG
NG
2 6
OK
NG
2 2
NG
44 278
NG
NG
NG
OK
NG
NG
NG
NG
5 27
2 0
2 0
NG
7 4
OK
OK
11 10
NG
6 7
1 0
OK
OK
1 0
1 0
OK
2 1
OK
1 0
2 0
2 0
2 1
OK
NG
OK
1 0
NG
NG
NG
32 0
NG
19 140
NG
16 237
21 239
13 15
5 46
6 268
5 90
4 8
10 45
23 8
19 46
18 60
24 2
24 259
31 254
4 1
1 39
8 5
NG
6 2
NG
3 2
2 0
3 42
3 0
OK
5 59
9 5
5 0
9 9
9 0
14 82
14 66
3 0
NG
7 0
2 19
2 0
1 36
OK
1 0
17 32
1 11
19 13
2 0
NG
11 20
12 22
9 31
3 85
6 3
OK
2 1
OK
5 2
7 57
2 1
3 0
1 0
2 74
4 31
1 0
3 5
4 1
2 17
4 0
OK
2 27
1 1
OK
1 2
4 0
4 0
5 14
6 29
2 1
6 2
6 0
3 0
5 20
4 4
4 5
OK
4 1
4 1
2 95
3 0
2 9
2 0
3 2
4 7
1 1
3 1
OK
OK
2 5
4 0
3 0
OK
6 3
3 3
4 0
2 6
OK
OK
3 0
OK
OK
4 6
2 4
5 0
OK
4 0
1 3
3 3
OK
OK
3 0
1 0
4 0
6 0
4 7
2 4
3 62
5 0
OK
4 6
3 34
OK
OK
1 3
6 63
2 0
6 4
6 9
3 0
4 16
OK
7 0
2 32
2 1
2 3
2 5
4 1
OK
3 0
6 24
3 10
4 26
3 35
OK
3 2
4 1
2 3
2 2
OK
3 15
5 4
6 24
3 0
8 19
3 0
NG
1 2
6 1
4 6
2 0
3 4
OK
OK
OK
3 4
3 11
3 0
3 7
1 8
OK
OK
2 0
3 0
6 21
1 15
3 5
3 10
OK
OK
2 0
1 0
5 17
4 10
2 49
2 3
5 0
3 11
5 21
OK
5 0
1 0
2 0
4 25
3 6
12 215
9 292
28 0
27 0
24 7
13 102
17 34
2 0
6 5
OK
4 6
