NG
NG
9 0
NG
NG
NG
NG
NG
NG
7 20
NG
NG
NG
NG
NG
NG
NG
NG
NG
NG
2 6
OK
NG
2 2
NG
NG
NG
NG
37 457
NG
14 52
2 104
NG
NG
1 0
2 31
9 24
10 89
NG
NG
2 19
7 86
14 0
3 29
OK
1 0
1 0
OK
2 1
OK
1 0
2 0
1 0
OK
OK
2 1
2 0
NG
OK
1 0
NG
NG
NG
25 40
NG
NG
NG
NG
NG
19 66
3 1
4 41
4 65
2 53
1 117
22 0
31 0
21 53
OK
25 1
OK
NG
18 139
21 5
10 10
NG
NG
9 42
6 3
8 0
2 18
4 109
3 12
OK
OK
4 82
OK
NG
OK
8 30
NG
5 0
OK
4 1
NG
OK
1 0
11 20
1 18
19 13
2 0
NG
16 30
16 30
OK
1 9
12 140
OK
7 0
6 0
OK
5 0
OK
OK
3 10
2 93
2 15
4 0
3 62
2 13
2 12
OK
2 3
2 0
OK
4 0
3 4
OK
2 1
2 6
1 3
2 2
1 0
2 17
5 5
5 21
OK
5 8
6 0
2 1
2 46
3 0
3 1
OK
1 1
2 12
5 0
OK
8 4
1 36
5 12
1 0
4 4
2 0
4 1
5 71
3 43
OK
OK
2 22
2 0
4 15
3 0
3 8
3 0
3 0
4 55
4 9
5 71
1 0
OK
OK
3 16
NG
3 0
OK
3 0
2 47
4 0
OK
3 0
1 11
6 3
3 4
2 15
4 6
3 6
OK
4 8
OK
5 56
4 0
2 1
3 0
4 5
2 1
5 6
2 1
3 0
5 0
OK
2 1
2 5
6 14
1 5
4 12
1 16
3 6
3 13
4 27
1 21
6 9
6 5
4 2
1 0
2 1
3 1
4 0
1 1
3 0
OK
OK
2 1
4 1
3 25
OK
2 19
3 2
4 3
2 1
4 15
4 34
NG
4 2
OK
4 20
1 81
3 117
5 37
7 1
5 44
3 1
2 6
2 13
OK
2 4
1 0
4 0
OK
3 13
5 1
2 60
1 2
1 0
3 0
3 0
2 0
5 0
14 291
12 33
24 226
15 248
NG
6 20
NG
5 84
4 0
7 12
