Yes
1 -3 6
6 1 -3
Yes
2 4 4
2 4 4
No
Yes
3 -1 4 -1 5 -9
-9 -1 -1 3 4 5
Yes
-50
-50
Yes
-70 -190 44 68 -218 74 -210 66 -204 68 -210 70 -208 68 -210 68 -206 66 -214 68 -216 78 -228 90 -238 102 -240 348 -488 348 -496 352 -490 340 -478 334 -478 330 -474 330 -474 330 -466 326 -468 318 -460 320 -458 322 -460 316 -464 318 -460 316 -456 312 -460 318 -200 50 -196 54 -194 44 -182 40 -188 48
-70 44 68 -218 74 -210 66 -204 68 -210 70 -208 68 -210 68 -206 66 -214 68 -216 78 -228 90 -238 102 -240 348 -488 348 -496 352 -490 340 -478 334 -478 330 -474 330 -474 330 -466 326 -468 318 -460 320 -458 322 -460 316 -464 318 -460 316 -456 312 -460 318 -200 50 -196 54 -194 44 -182 40 -188 48 -190
Yes
-54 189 -46 181 -38 181 -314 449 -312 447 -308 451 -314 455 -314 451 -314 168 -25 172 -29 176 -37 178 -43 192 -44 189 -46 191 -46 189 -54 195 -58 205 -70 207 -70 209 -354 491 -356 491 -348 483 -344 196 -59 198 -53 198 -60 199 -62 205 -68 213 -76 215 -80 218 -73 214 -65 212 -67 -60 201
189 -46 181 -38 181 -314 449 -312 447 -308 451 -314 455 -314 451 -314 168 -25 172 -29 176 -37 178 -43 192 -44 189 -46 191 -46 189 -54 195 -58 205 -70 207 -70 209 -354 491 -356 491 -348 483 -344 196 -59 198 -53 198 -60 199 -62 205 -68 213 -76 215 -80 218 -73 214 -65 212 -67 -60 201 -54
No
Yes
-54 99 -229 301 -163 77 -209 64 -192 305 -217 283 -415 561 -476 621 -502 581 -647 578 -619 607 -732 760 -745 690 -802 695 -636 564 -496 428 -280 207 -129 192 -141 238 -310 224 -285 214 -259 348 -283 412 -269 305 -292 433 -489 340 -367 491 -383 429 -372 284 -175 28 68 26 -47
99 -229 301 -163 77 -209 64 -192 305 -217 283 -415 561 -476 621 -502 581 -647 578 -619 607 -732 760 -745 690 -802 695 -636 564 -496 428 -280 207 -129 192 -141 238 -310 224 -285 214 -259 348 -283 412 -269 305 -292 433 -489 340 -367 491 -383 429 -372 284 -175 28 68 26 -47 -54
Yes
0 10 22 135 125 30 42 117 107 50 93 85 60 62 81 66 72 344 77 352 360 362 71 364 -201 372 -203 -213 -219 -221 -229 380 386 390 398 406 416 420 428 440 -233 -241 -247 -251 -261 444 -271 -277 -279 450 192 -291 200 206 -301 502 -307 -315 -53 -59 240 -20 -353 -365 -105 -14 161 151 143 -4
135 125 117 10 22 107 93 30 42 85 50 60 81 77 62 71 -201 -203 66 -213 -219 -221 72 -229 344 -233 352 360 362 364 372 -241 -247 -251 -261 -271 -277 -279 -291 -301 380 386 390 398 406 -307 416 420 428 -315 -53 440 -59 -353 444 -365 450 192 200 206 -105 161 502 240 -20 151 -14 -4 0 143
Yes
135 269 265 455 689 727 907 719 579 531 301 0 219 -140 281 179 5 49 -41 121 247 103 23 -201 -73 -164 -336 -209 -63 -133 -576 -117 -31 81 -682 -814 -81 -796 -662 -522 -412 -332 -166 -198 -30 -56 -44 -100 -156 -204 -10 66 120 174 60 112 52 6 68 -30
-140 -164 -336 -576 -682 -814 -796 -662 -522 -412 -332 135 -166 269 -198 -30 -56 -44 -100 -156 -204 -10 66 120 174 265 455 60 112 52 689 6 68 -30 727 907 0 719 579 531 301 219 281 179 5 49 -41 121 247 103 23 -201 -73 -209 -63 -133 -117 -31 81 -81
Yes
-341 200 -347 406 -365 426 -507 644 -787 838 -971 1099 -950 855 -930 1071 -928 925 -1014 939 -1070 1067 -1014 881 -892 817 -670 735 -698 631 -650 689 -604 705 -600 607 -532 393 -246 133 -184 159 -144 137 -90 -57 106 -211 218 -277 412 -323 462 -447 550 -405 506 -479 344 -471 376 -515 456
200 -347 406 -365 426 -507 644 -787 838 -971 1099 -950 855 -930 1071 -928 925 -1014 939 -1070 1067 -1014 881 -892 817 -670 735 -698 631 -650 689 -604 705 -600 607 -532 393 -246 133 -184 159 -144 137 -90 -57 106 -211 218 -277 412 -323 462 -447 550 -405 506 -479 344 -471 376 -515 456 -341
Yes
107 95 101 125 61 117 213 75 153 321 329 409 367 247 223 421 363 489 455 569 591 513 319 223 147 0 55 -9 -61 175 -104 71 -97 -174 -98 -120 18 -126 -140 -192 -264 -368 -288 -334 -296 -256 -302 -446 -388 -404 -432 -512 -610 -410 -196 -110 -4 -36 144 -44 -34 56
-104 -174 -98 -120 18 -126 -140 -192 -264 -368 -288 -334 -296 -256 -302 -446 -388 -404 -432 -512 -610 -410 -196 -110 -4 107 -36 144 -44 -34 95 56 0 101 125 61 117 213 75 153 321 329 409 367 247 223 421 363 489 455 569 591 513 319 223 147 55 -9 -61 175 71 -97
Yes
-131 -179 -241 -515 -665 -663 0 -639 70 -555 -383 92 -443 -391 -183 -109 -171 -359 -429 -337 -219 376 -41 13 65 233 149 231 459 429 251 167 207 295 273 518 540 195 85 147 -25 744 628 432 360 454 298 180 174 304 360 426 296 94 -70 50 -186 -194 -92 -314 -332 -360 -160 -176 -148 -284 -156 -216 -166 -94
70 92 376 518 540 744 -131 628 -179 432 360 -241 454 298 180 174 304 360 426 296 94 -515 -70 50 -186 -194 -92 -314 -332 -360 -160 -176 -148 -284 -156 -665 -663 -216 -166 -94 0 -639 -555 -383 -443 -391 -183 -109 -171 -359 -429 -337 -219 -41 13 65 233 149 231 459 429 251 167 207 295 273 195 85 147 -25
Yes
149 -99 0 -353 -14 -341 238 488 -63 206 200 -57 -45 -37 -33 -21 194 186 -15 -7 178 -3 1 168 160 9 19 29 152 37 47 57 146 142 63 73 -195 -187 136 130 118 -181 106 -173 102 90 -161 -157 -147 84 76 68 330 326 -141 320 308 300 292 288 141 6
-14 238 149 488 -99 206 -353 -341 200 -63 -57 194 186 178 168 160 -45 -37 152 146 -33 142 136 -21 -15 130 118 106 -7 102 90 84 -3 1 76 68 330 326 9 19 29 320 37 308 47 57 300 292 288 63 73 -195 -187 -181 6 -173 -161 -157 -147 -141 0 141
Yes
0 -4 -8 -16 145 -26 147 153 -34 161 171 -44 238 181 -97 234 222 -72 -78 -95 -85 -77 215 -88 -96 223 237 -102 -112 -120 243 251 -128 255 -132 -142 267 273 -150 -164 114 279 291 299 27 31 45 51 53 104 63 73 96 90 77 86 74 87 66 62 97 107 52 121 129 139 38 28 16 6
145 147 153 161 -4 171 -8 -16 181 -26 -34 -97 -95 -44 238 -85 -77 215 223 234 222 -72 -78 237 243 -88 -96 251 255 267 -102 -112 273 -120 279 291 -128 -132 299 27 31 -142 -150 -164 114 104 96 90 86 45 74 66 51 53 62 63 73 52 77 87 38 28 97 16 6 0 107 121 129 139
No
No
No
Yes
75 75 75 75 75 75 75 75 75 75 75 75 75 75 75 75 75 75 75 75 75 75 75 75 75 75 75 75 75 75 75 75 75 75 75 75 75 75 75 75 75 75 75 75 75 75 75 75 75 75 75 75 75 75 75 75 75 75 75 75 75 75 75 75 75 75 75 75 75 75
75 75 75 75 75 75 75 75 75 75 75 75 75 75 75 75 75 75 75 75 75 75 75 75 75 75 75 75 75 75 75 75 75 75 75 75 75 75 75 75 75 75 75 75 75 75 75 75 75 75 75 75 75 75 75 75 75 75 75 75 75 75 75 75 75 75 75 75 75 75
No
Yes
400 -356 387 -368 259 -154 261 -222 241 -238 321 -432 379 -394 358 -389 444 -557 616 -515 472 -569 421 -414 493 -578 447 -311 240 -275 132 -209 146 -5 -18 3 -78 159 -202 147 -166 199 -230 207 -60 151 -128 245 -356 323 -448 529 -418 552 -505 356 -335 452 -535 424 -539 438 -301
-356 387 -368 259 -154 261 -222 241 -238 321 -432 379 -394 358 -389 444 -557 616 -515 472 -569 421 -414 493 -578 447 -311 240 -275 132 -209 146 -5 -18 3 -78 159 -202 147 -166 199 -230 207 -60 151 -128 245 -356 323 -448 529 -418 552 -505 356 -335 452 -535 424 -539 438 -301 400
No
Yes
-304 205 -128 45 10 -109 228 -300 208
205 -128 45 10 -109 228 -300 208 -304
Yes
-62 207 -64 207 -68 203 -62 207 -68 211 -64 205 -68 211 -70 209 -62 205 -58 197 -339 482 -337 221 -78 215 -74 213 -68 207 -70 213 -76 213 -66 213 -66 201 -66 215 -70 213 -74 217 -72 213 -72 217 -68 -45 188 -43 180 -43 182 -308 181 -42 187 -40 181 -40 185 -38 181 -44 191 -56 199
207 -64 207 -68 203 -62 207 -68 211 -64 205 -68 211 -70 209 -62 205 -58 197 -339 482 -337 221 -78 215 -74 213 -68 207 -70 213 -76 213 -66 213 -66 201 -66 215 -70 213 -74 217 -72 213 -72 217 -68 -45 188 -43 180 -43 182 -308 181 -42 187 -40 181 -40 185 -38 181 -44 191 -56 199 -62
Yes
139 315 367 341 359 463 405 437 297 419 655 555 431 455 0 401 423 555 373 -192 411 629 567 557 549 527 633 417 275 501 517 327 -242 73 51 -242 -280 -406 -314 -448 -340 -386 -528 -558 -522 -474 -354 -516 -418 -450 -474 -494 -710 -546 -590 -522 -538 -546 -300 -406 -384 -452 -194 -84
-192 -242 -242 -280 -406 -314 -448 -340 -386 -528 -558 -522 -474 -354 139 -516 -418 -450 -474 315 -494 -710 -546 -590 -522 -538 -546 -300 -406 -384 -452 -194 367 -84 0 341 359 463 405 437 297 419 655 555 431 455 401 423 555 373 411 629 567 557 549 527 633 417 275 501 517 327 73 51
Yes
147 157 0 165 169 -79 -8 -18 -65 -57 -24 -26 -49 214 -39 202 -33 -23 -15 194 186 180 170 162 -5 5 -265 -259 -251 154 142 -247 39 138 41 404 49 -225 396 392 -217 -211 108 -199 104 100 88 362 360 87 97 348 101 107 60 48 46 42 111 123 34 135 26 12 143 2
-8 -18 147 -24 -26 214 157 165 202 194 169 -79 186 -65 180 -57 170 162 154 -49 -39 -33 -23 -15 142 138 404 396 392 -5 5 108 104 -265 100 -259 88 362 -251 -247 360 348 39 60 41 49 -225 -217 -211 48 46 -199 42 34 87 97 101 107 26 12 111 2 123 135 0 143
Yes
327 -311 337 -366 291 -245 333 -299 300 -285 200 -241 108 -50 -31 101 -120 65 -56 38 -33 76 -68 72 -36 -33 -27 39 61 29 -146 59 -138 248 -165 72 -11 115 -215 151 -272 317 -367 275 -228 134 -138 144 -138 65 -27 160 -127 127 -166 183 -52 -89 -60 29 -139 152 -279 359 -448
-311 337 -366 291 -245 333 -299 300 -285 200 -241 108 -50 -31 101 -120 65 -56 38 -33 76 -68 72 -36 -33 -27 39 61 29 -146 59 -138 248 -165 72 -11 115 -215 151 -272 317 -367 275 -228 134 -138 144 -138 65 -27 160 -127 127 -166 183 -52 -89 -60 29 -139 152 -279 359 -448 327
Yes
21 42 54 12 90 -146
54 42 12 90 -146 21
Yes
0 147 -12 232 508 -97 496 -369 -359 -351 210 200 192 -63 -55 184 -45 178 168 -39 154 152 -31 -19 -13 146 -11 136 3 130 5 11 128 13 17 124 23 120 31 114 104 45 94 82 70 53 58 52 65 77 87 91 48 101 111 119 38 26 20 127 137 10
147 -12 -97 -369 -359 232 -351 508 496 210 -63 -55 -45 200 192 -39 184 -31 -19 178 -13 -11 168 154 152 3 146 5 136 11 130 128 13 124 120 17 114 23 104 31 45 94 53 65 77 82 87 91 70 58 52 48 101 38 26 20 111 119 127 10 0 137
Yes
-99 -23 -191 0 -311 -355 -431 -541 -541 -525 -537 -265 -185 -43 209 299 279 79 -51 -227 -229 -143 -175 -115 -17 125 229 197 277 14 419 146 199 27 222 352 338 468 658 656 594 390 168 160 -82 -278 -300 -180 -24 136 304 110 112 90 132 -32 -150 -170 -274 -392 -326 -144
14 146 222 -99 352 338 468 658 656 594 390 168 160 -82 -278 -300 -180 -24 136 304 110 112 90 132 -32 -150 -170 -274 -392 -23 -326 -191 -144 0 -311 -355 -431 -541 -541 -525 -537 -265 -185 -43 209 299 279 79 -51 -227 -229 -143 -175 -115 -17 125 229 197 277 419 199 27
Yes
13 91 309 303 267 137 47 -23 -151 -69 -191 -291 -405 -335 -593 -631 -711 -699 -495 -435 -349 -169 -205 0 53 -65 -59 -101 -139 -237 40 -183 -208 -168 -149 -228 -266 -90 50 10 172 60 302 410 302 484 592 722 740 568 348 474 284 174 78 60 -58 -20 182 164 158 156
40 -208 -168 -228 -266 -90 50 10 172 60 302 410 302 484 592 722 740 568 348 474 284 174 78 13 60 -58 -20 182 164 158 91 156 309 303 0 267 137 47 -23 -151 -69 -191 -291 -405 -335 -593 -631 -711 -699 -495 -435 -349 -169 -205 53 -65 -59 -101 -139 -237 -183 -149
Yes
70 491 -344 487 -339 486 -336 481 -337 482 -343 483 -344 487 -339 475 -334 471 -331 188 -47 -102 245 -95 239 -98 237 -102 246 -108 249 -110 253 -112 259 -112 255 -119 260 -115 264 -121 259 -109 254 -106 247 -104 246 -108 244 -103 250 -106 256 -111 252 -375 510 -361 503 -354 492 -343 486 -337 480 -343
70 -344 487 -339 486 -336 481 -337 482 -343 483 -344 487 -339 475 -334 471 -331 188 -47 -102 245 -95 239 -98 237 -102 246 -108 249 -110 253 -112 259 -112 255 -119 260 -115 264 -121 259 -109 254 -106 247 -104 246 -108 244 -103 250 -106 256 -111 252 -375 510 -361 503 -354 492 -343 486 -337 480 -343 491
No
Yes
0 -8 -14 -20 147 153 -28 157 -36 167 171 183 -46 -56 195 -66 201 -72 -78 -88 -100 211 213 -112 -122 227 235 -130 247 -138 261 267 -140 -150 277 -154 72 279 66 289 54 291 48 65 38 71 83 30 89 99 105 28 24 111 113 18 117 123 16 127 139 10
147 153 157 167 -8 -14 171 -20 183 -28 -36 -46 195 201 -56 211 -66 213 227 235 247 -72 -78 261 267 -88 -100 277 -112 279 -122 -130 289 291 -138 65 71 -140 83 -150 89 -154 99 72 105 66 54 111 48 38 30 113 117 28 24 123 18 16 127 10 0 139
No
Yes
218 -347 240 -345 396 -315 346 -203 284 -372 387 -258 235 -140 285 -434 391 -522 619 -582 507 -466 351 -329 346 -341 314 -171 150 -231 370 -509 612 -583 474 -351 216 -265 396 -475 374 -303 326 -197 192 -337 348 -244 257 -270 217 -142 65 14 -63 -36 -13 26 -51 132 -233 232 -129 -20 -99
-347 240 -345 396 -315 346 -203 284 -372 387 -258 235 -140 285 -434 391 -522 619 -582 507 -466 351 -329 346 -341 314 -171 150 -231 370 -509 612 -583 474 -351 216 -265 396 -475 374 -303 326 -197 192 -337 348 -244 257 -270 217 -142 65 14 -63 -36 -13 26 -51 132 -233 232 -129 -20 -99 218
Yes
-68 165 -103 66 81
165 -103 66 81 -68
Yes
129 0 235 467 629 699 967 939 1087 997 1105 989 743 -94 745 821 941 699 -354 527 -506 431 331 95 -147 -107 -163 -149 -582 -95 -197 -848 -183 -167 -9 65 -89 -904 -131 -33 -968 -1108 -1012 -1032 -886 -670 -776 -842 -844 -646 -442 -330 -234 26 78 118 114 206 178 304 142 44 30 10 50 144
-94 129 -354 -506 -582 -848 -904 -968 -1108 -1012 -1032 -886 -670 235 -776 -842 -844 -646 467 -442 629 -330 -234 26 78 118 114 206 699 178 304 967 142 44 30 10 50 939 144 0 1087 997 1105 989 743 745 821 941 699 527 431 331 95 -147 -107 -163 -149 -95 -197 -183 -167 -9 65 -89 -131 -33
Yes
3 -43 -259 -247 -197 -71 27 109 175 185 -25 111 0 -91 9 39 89 233 291 -84 331 515 629 735 679 707 587 447 479 393 241 133 132 97 384 164 104 70 -174 -160 -266 -122 -84 22 16 2 -54 -146 -274 -332 -394 -526 -624 -792 -718 -582 -474 -470 -536 -312 -236 -210
-84 132 384 164 104 70 -174 -160 -266 -122 -84 22 3 16 2 -54 -146 -274 -332 -43 -394 -526 -624 -792 -718 -582 -474 -470 -536 -312 -236 -210 -259 0 -247 -197 -71 27 109 175 185 -25 111 -91 9 39 89 233 291 331 515 629 735 679 707 587 447 479 393 241 133 97
Yes
-75 -75 -75 -75 -75 -75 -75 -75 -75 -75 -75 -75 -75 -75 -75 -75 -75 -75 -75 -75 -75 -75 -75 -75 -75 -75 -75 -75 -75 -75 -75 -75 -75 -75 -75 -75 -75 -75 -75 -75 -75 -75 -75 -75 -75 -75 -75 -75 -75 -75 -75 -75 -75 -75 -75 -75 -75 -75 -75 -75 -75 -75 -75 -75 -75 -75 -75 -75 -75
-75 -75 -75 -75 -75 -75 -75 -75 -75 -75 -75 -75 -75 -75 -75 -75 -75 -75 -75 -75 -75 -75 -75 -75 -75 -75 -75 -75 -75 -75 -75 -75 -75 -75 -75 -75 -75 -75 -75 -75 -75 -75 -75 -75 -75 -75 -75 -75 -75 -75 -75 -75 -75 -75 -75 -75 -75 -75 -75 -75 -75 -75 -75 -75 -75 -75 -75 -75 -75
Yes
-59 -99 -85 -241 -415 -239 -211 -205 -171 -197 0 -179 -365 -517 -463 -575 -589 -533 -289 -211 -303 -271 -83 31 191 311 -50 211 75 97 155 211 245 42 98 147 336 276 140 294 120 264 84 320 386 474 512 704 448 396 250 260 160 168 6 -122 -232 -226 -180 -128 -142 -66 -170 -270
-50 42 98 336 276 140 294 120 264 84 -59 320 386 474 512 704 448 396 250 260 160 168 6 -122 -232 -226 -99 -180 -128 -142 -66 -170 -270 -85 -241 0 -415 -239 -211 -205 -171 -197 -179 -365 -517 -463 -575 -589 -533 -289 -211 -303 -271 -83 31 191 311 211 75 97 155 211 245 147
No
Yes
-117 20 115 -129 206 -341 355 -444 591 -650 710 -659 638 -579 463 -470 543 -520 491 -512 575 -528 425 -378 385 -518 539 -398 467 -488 485 -572 437 -516 557 -438 349 -298 149 -296 187 -92 107 2 -141 146 -61 -60 -7 131 -84 141 -172 139 -264 185 -98 193 -188 297 -338 375 -280 293 -160 79 44 -121 130
20 115 -129 206 -341 355 -444 591 -650 710 -659 638 -579 463 -470 543 -520 491 -512 575 -528 425 -378 385 -518 539 -398 467 -488 485 -572 437 -516 557 -438 349 -298 149 -296 187 -92 107 2 -141 146 -61 -60 -7 131 -84 141 -172 139 -264 185 -98 193 -188 297 -338 375 -280 293 -160 79 44 -121 130 -117
Yes
-369 324 -441 512 -465 460 -391 358 -411 538 -567 568 -439 354 -485 -75 532 -445 350 -493 354 -263 176 -153 272 -299 382 -245 102 -175 200 -59 82 27 -42 125 -150 193 -218 93 -144 17 -164 197 -336 468 -391 334 -259 338 -211 244 -232 199 -178 253 -246 309 -280 194 -231 310
324 -441 512 -465 460 -391 358 -411 538 -567 568 -439 354 -485 532 -75 -445 350 -493 354 -263 176 -153 272 -299 382 -245 102 -175 200 -59 82 27 -42 125 -150 193 -218 93 -144 17 -164 197 -336 468 -391 334 -259 338 -211 244 -232 199 -178 253 -246 309 -280 194 -231 310 -369
Yes
-276 421 -278 427 -282 421 -284 425 -290 155 -16 161 -18 159 -16 155 -16 161 -20 169 -20 -75 222 -87 222 -81 -42 189 -44 189 -54 197 -56 205 -62 -47 190 -45 188 -43 186 -49 188 -45 188 -47 188 -318 455 -312 453 -312 447 -304 443 -294 437 -294 443 -298 447 -310 451 -306 445 -300 437 -288 423
421 -278 427 -282 421 -284 425 -290 155 -16 161 -18 159 -16 155 -16 161 -20 169 -20 -75 222 -87 222 -81 -42 189 -44 189 -54 197 -56 205 -62 -47 190 -45 188 -43 186 -49 188 -45 188 -47 188 -318 455 -312 453 -312 447 -304 443 -294 437 -294 443 -298 447 -310 451 -306 445 -300 437 -288 423 -276
Yes
-222 81 -220 -69 79 -215 78 -213 73 -222 81 -218 69 -209 70 -218 71 -216 73 -208 58 -194 56 -199 64 -208 61 -197 53 -190 45 -180 38 -184 47 101 -236 88 -223 87 -234 89 -235 98 -239 92 -242 94 -236 97 -239 92 -241 99 -234 89 -230 86 -226 84 -229 80 -220 83 -220 85 -235 90 -229 87
81 -220 79 -69 -215 78 -213 73 -222 81 -218 69 -209 70 -218 71 -216 73 -208 58 -194 56 -199 64 -208 61 -197 53 -190 45 -180 38 -184 47 101 -236 88 -223 87 -234 89 -235 98 -239 92 -242 94 -236 97 -239 92 -241 99 -234 89 -230 86 -226 84 -229 80 -220 83 -220 85 -235 90 -229 87 -222
Yes
-149 -149 -149 -149 -149 -149 -149 -149 -149 -149 -149 -149 -149 -149 -149 -149 -149 -149 -149 -149 -149 -149 -149 -149 -149 -149 -149 -149 -149 -149 -149 -149 -149 -149 -149 0 0 0 0 0 0 0 0 0 0 0 0 0 0 0 0 0 0 0 0 0 0 0 0 0 0 0 0 0 0 0 0 0 0 0
0 0 0 0 0 0 0 0 0 0 0 0 0 0 0 0 0 0 0 0 0 0 0 0 0 0 0 0 0 0 0 0 0 0 0 -149 -149 -149 -149 -149 -149 -149 -149 -149 -149 -149 -149 -149 -149 -149 -149 -149 -149 -149 -149 -149 -149 -149 -149 -149 -149 -149 -149 -149 -149 -149 -149 -149 -149 -149
Yes
149 -121 0 -113 -103 -10 -95 256 -93 -87 -81 250 -75 215 242 223 236 225 230 228 231 241 220 -70 -76 -82 255 267 275 287 -86 291 -94 -106 -120 -128 31 -140 37 45 47 -146 -152 53 110 65 100 79 96 85 93 94 103 82 70 62 52 109 121 127 42 38 26 139 20 10
-10 256 149 250 242 -121 236 -113 230 228 220 -103 -70 -76 -95 -82 -93 -86 -87 -81 -94 -106 -75 215 223 225 -120 -128 -140 -146 231 -152 241 255 267 275 110 287 100 96 94 291 31 82 37 70 45 62 47 52 42 53 38 65 79 85 93 26 20 10 103 109 121 0 127 139
Yes
123 187 347 265 325 493 245 125 21 101 321 373 253 429 0 351 -54 113 233 215 5 -67 43 99 55 -41 -9 115 211 117 97 47 -240 19 -346 -194 -464 -352 -148 -134 -52 -250 -286 -230 -356 -406 -226 -92 -354 -148 122 78 -182 -136 30 24 14 -98 -226 -80 -156 20
-54 -240 -346 -194 -464 -352 -148 -134 -52 -250 -286 -230 -356 -406 123 -226 187 -92 -354 -148 122 78 -182 -136 30 24 14 -98 -226 -80 -156 20 347 0 265 325 493 245 125 21 101 321 373 253 429 351 113 233 215 5 -67 43 99 55 -41 -9 115 211 117 97 47 19
Yes
145 159 0 167 -10 179 -22 -30 191 -42 -52 199 -60 207 215 225 -72 229 237 245 -76 -15 -86 -3 3 -88 11 19 -96 -110 25 33 39 43 150 55 67 144 132 126 75 83 91 120 110 99 108 102 101 94 82 113 74 119 127 60 52 48 42 34 26 16 135 10
-10 -22 145 -30 159 -42 167 179 -52 191 199 -60 207 -72 -76 -86 215 -88 -96 -110 225 150 229 144 132 237 126 120 245 -15 110 108 102 94 -3 82 74 3 11 19 60 52 48 25 33 42 39 43 34 55 67 26 75 16 10 83 91 99 101 113 119 127 0 135
Yes
-75 -187 42 -189 50 -196 312 -451 302 -449 301 -449 314 -462 318 -463 315 -462 325 -468 327 -471 332 -469 322 -464 321 -183 40 -184 39 -188 43 -192 47 76 -222 73 -216 67 -210 310 -197 55 -195 48 -187 52 -191 53 -192 49 -191 50 -188 42 -182 43 -185 42 -183 42 -184 41 -189 40
-75 42 -189 50 -196 312 -451 302 -449 301 -449 314 -462 318 -463 315 -462 325 -468 327 -471 332 -469 322 -464 321 -183 40 -184 39 -188 43 -192 47 76 -222 73 -216 67 -210 310 -197 55 -195 48 -187 52 -191 53 -192 49 -191 50 -188 42 -182 43 -185 42 -183 42 -184 41 -189 40 -187
No
Yes
-121 -73 -159 -107 -87 45 113 0 375 6 305 255 45 -15 39 45 221 263 515 483 543 673 751 625 619 557 607 661 649 517 18 595 511 377 319 53 128 124 16 12 -242 -374 -328 -140 86 106 -158 -158 -266 -410 -404 -522 -570 -762 -760 -718 -602 -464 -672 -574 -600 -654 -514 -468 -352 -200
6 18 128 124 16 12 -242 -121 -374 -73 -328 -140 86 106 -158 -158 -266 -410 -404 -522 -570 -762 -760 -718 -602 -464 -672 -574 -600 -654 -159 -514 -468 -352 -200 0 -107 -87 45 113 375 305 255 45 -15 39 45 221 263 515 483 543 673 751 625 619 557 607 661 649 517 595 511 377 319 53
Yes
-141 -367 0 226 -359 224 212 -347 -341 -333 -327 200 -321 198 -317 -313 -301 -297 186 184 -287 178 -277 174 -271 164 156 -261 152 -253 138 130 -249 124 -243 118 108 102 -233 -225 94 88 -217 -207 78 -205 72 64 -203 62 60 -195 -193 52 46 40 -183 -181 71 -177 -167 36 -155 36 28 97 20 10
226 224 -141 -367 212 -359 -347 200 198 186 184 -341 178 -333 174 164 156 152 -327 -321 138 -317 130 -313 124 -301 -297 118 -287 108 -277 -271 102 -261 94 -253 -249 -243 88 78 -233 -225 72 64 -217 62 -207 -205 60 -203 -195 52 46 -193 -183 -181 40 36 36 28 20 71 10 -177 -167 0 -155 97
Yes
0 -2 -141 -8 -137 -131 -14 -127 -22 -117 -30 -111 -36 -101 -46 -56 -66 -68 -91 -83 -75 -71 -76 -86 -61 -55 -51 -88 -92 -43 -31 -106 -19 -118 -130 -5 5 11 -144 23 35 -152 -160 -170 41 -178 47 -184 55 -192 -198 57 -206 351 -498 359 361 365 -502 -504 107 -242 -145 8
-141 -137 -2 -131 -8 -14 -127 -22 -117 -30 -111 -36 -101 -46 -91 -83 -75 -71 -56 -66 -68 -76 -61 -55 -86 -88 -92 -51 -43 -106 -118 -31 -130 -19 -5 -144 -152 -160 5 -170 -178 11 23 35 -184 41 -192 47 -198 55 57 -206 351 -498 359 -502 -504 -242 361 365 8 107 0 -145
Yes
115 -56 65 -172 245 -148 209 -116 111 -84 147 -234 323 -326 439 -520 557 -684 573 -468 -44 609 -704 833 -696 712 -689 729 -878 739 -886 804 -731 726 -721 618 -555 472 -409 308 -263 114 -65 -18 13 -124 85 -192 211 -259 156 -117 76 -89 -56 -69 200 -141 182 -146 193 -178 197 -190
-56 65 -172 245 -148 209 -116 111 -84 147 -234 323 -326 439 -520 557 -684 573 -468 609 -44 -704 833 -696 712 -689 729 -878 739 -886 804 -731 726 -721 618 -555 472 -409 308 -263 114 -65 -18 13 -124 85 -192 211 -259 156 -117 76 -89 -56 -69 200 -141 182 -146 193 -178 197 -190 115
Yes
41
41
Yes
59 183 243 -5 31 -101 101 141 157 0 85 -119 -38 -29 -37 69 101 -13 -11 -17 -211 -383 -281 -203 -279 -185 -185 -283 -141 -255 -85 -127 43 -35 -154 -121 -122 54 -6 2 -250 -118 -128 -30 94 124 74 -168 -2 40 -108 124 274 350 318 148 274 174 182 186 192 188 78 58 -98 -22
-38 -154 -122 54 -6 2 -250 -118 -128 59 -30 94 183 124 74 -168 -2 40 -108 124 274 350 318 148 274 174 182 186 192 188 78 58 -98 -22 243 0 -5 31 -101 101 141 157 85 -119 -29 -37 69 101 -13 -11 -17 -211 -383 -281 -203 -279 -185 -185 -283 -141 -255 -85 -127 43 -35 -121
Yes
639 -742 595 -576 533 -542 563 -620 705 -610 601 -472 -39 507 -532 401 -315 345 -364 248 -383 284 -391 296 -257 140 -95 101 -4 59 52 -17 -48 54 8 -137 53 -116 58 -207 137 -95 5 -103 98 -107 100 31 -43 -78 172 -307 376 -256 125 -204 315 -286 216 -193 322 -321 420 -518
-742 595 -576 533 -542 563 -620 705 -610 601 -472 507 -39 -532 401 -315 345 -364 248 -383 284 -391 296 -257 140 -95 101 -4 59 52 -17 -48 54 8 -137 53 -116 58 -207 137 -95 5 -103 98 -107 100 31 -43 -78 172 -307 376 -256 125 -204 315 -286 216 -193 322 -321 420 -518 639
No
No
No
No
Yes
46 -283 213 -143 273 -179 235 -211 153 -41 115 -29 33 -17 -41 77 -19 -57 -83 -33 53 81 -101 35 -107 29 -101 -17 -29 -3 65 -171 209 -243 281 -143 -7 -111 235 -141 75 -187 61 -91 25 93 -203 309 -309 263 -281 423 -305 167 -227 245 -233 299 -363 437 -391 265 -353 269 -209 239
46 213 -143 273 -179 235 -211 153 -41 115 -29 33 -17 -41 77 -19 -57 -83 -33 53 81 -101 35 -107 29 -101 -17 -29 -3 65 -171 209 -243 281 -143 -7 -111 235 -141 75 -187 61 -91 25 93 -203 309 -309 263 -281 423 -305 167 -227 245 -233 299 -363 437 -391 265 -353 269 -209 239 -283
Yes
176 72 -43 -106 -37 -102 -45 -100 -47 -100 -45 186 -329 188 -327 190 -333 188 -335 194 -72 -69 -76 -63 -76 -63 -80 -69 -76 -69 -68 -79 -70 -69 -74 -69 -74 -63 -72 -69 -72 -73 -74 -67 178 -319 174 -315 178 -323 176 -317 174 -321 178 -315 178 -317 172 -307 168 -307 166 -313 172 -317 172 -317 182 -321
-43 72 -106 -37 -102 -45 -100 -47 -100 -45 186 -329 188 -327 190 -333 188 -335 194 -72 -69 -76 -63 -76 -63 -80 -69 -76 -69 -68 -79 -70 -69 -74 -69 -74 -63 -72 -69 -72 -73 -74 -67 178 -319 174 -315 178 -323 176 -317 174 -321 178 -315 178 -317 172 -307 168 -307 166 -313 172 -317 172 -317 182 -321 176
Yes
71 491 -351 497 -353 489 -339 477 -329 467 -319 461 -325 465 -329 479 -331 475 -329 479 -337 483 -337 473 -329 475 -331 477 -327 467 -323 461 -311 451 -315 451 -305 187 -41 183 -41 177 -35 185 -41 179 -31 175 -27 175 -39 183 -35 183 -45 189 -45 195 -55 195 -51 199 -53 -63 213 -345 491 -349
71 -351 497 -353 489 -339 477 -329 467 -319 461 -325 465 -329 479 -331 475 -329 479 -337 483 -337 473 -329 475 -331 477 -327 467 -323 461 -311 451 -315 451 -305 187 -41 183 -41 177 -35 185 -41 179 -31 175 -27 175 -39 183 -35 183 -45 189 -45 195 -55 195 -51 199 -53 -63 213 -345 491 -349 491
Yes
-3 79 36 -83 157 -84 88
79 36 -83 157 -84 88 -3
Yes
-133 -115 -35 -87 -221 -241 -227 0 -365 -467 -317 -227 -147 45 127 23 57 18 39 145 185 213 -49 -195 -53 -185 101 -37 -69 -131 -135 -55 213 129 62 -50 230 300 98 318 322 414 258 272 24 -118 -8 -112 -128 -156 -160 -276 -92 144 60 78 48 -66 24 52 74 62 -82 -96
18 62 -50 230 300 98 318 -133 322 414 258 272 24 -118 -8 -112 -128 -115 -156 -160 -276 -92 144 60 78 48 -66 24 52 74 62 -82 -96 0 -35 -87 -221 -241 -227 -365 -467 -317 -227 -147 45 127 23 57 39 145 185 213 -49 -195 -53 -185 101 -37 -69 -131 -135 -55 213 129
Yes
133 0 125 -272 123 -266 -258 -256 115 -250 -244 113 -236 -228 103 -222 101 91 -210 85 -204 -194 -186 75 63 -176 -170 -444 55 -438 49 -142 41 -132 -120 31 307 297 -114 291 -5 -15 -100 -23 -96 -35 -43 -53 -61 -88 -76 -66 -73 -77 -60 -87 -48 -99 -107 -117 -125 -135 -36 -30 -20 -137 -12 -6
-272 133 -266 125 -258 123 115 113 -256 103 101 -250 91 85 -244 75 -236 -228 63 -222 55 49 41 -210 -204 31 307 297 -194 291 -186 -5 -176 -15 -23 -170 -444 -438 -35 -142 -132 -120 -43 -114 -53 -100 -96 -88 -76 -61 -73 -77 -66 -60 -87 -48 -99 -36 -30 -20 -12 -6 -107 -117 -125 0 -135 -137
No
Yes
59 -37 156 -196 131 -86 115 -112
59 156 -196 131 -86 115 -112 -37
Yes
-58 88 -4 -13
-58 -4 -13 88
Yes
149 159 0 -12 171 181 187 -24 193 -32 -42 -33 -25 -44 -257 -255 -50 -249 -9 172 -5 164 400 396 -1 7 154 152 13 17 146 140 25 39 134 128 120 45 110 100 96 90 86 51 55 72 63 62 75 -157 298 -153 290 280 -143 -135 276 272 12 -131 -123 133 137 10
-12 -24 149 159 -32 -42 -44 171 -50 181 187 172 164 193 400 396 -33 154 152 -25 146 -257 -255 -249 140 134 -9 -5 128 120 -1 7 110 100 13 17 25 96 39 45 51 55 63 90 86 75 72 -157 62 298 -153 290 -143 -135 280 276 -131 -123 133 272 12 10 0 137
Yes
0 -12 -137 -16 -129 -125 -115 -109 -20 -355 -28 214 210 202 194 180 -349 -339 168 -329 -317 -305 -303 -301 162 160 158 -297 -285 -275 -269 148 136 128 124 114 -259 -255 110 -251 -245 104 102 -243 96 84 -231 -219 -215 74 -205 -191 66 -185 -179 -175 56 46 40 36 28 -165 20 18 -161 -155 -149 12
-137 -129 -12 -125 -16 -20 -28 214 -115 210 -109 -355 -349 -339 -329 -317 202 194 -305 180 168 162 160 158 -303 -301 -297 148 136 128 124 -285 -275 -269 -259 -255 114 110 -251 104 102 -245 -243 96 -231 -219 84 74 66 -215 56 46 -205 40 36 28 -191 -185 -179 -175 -165 20 -161 -155 18 12 0 -149
No
Yes
146 -39 -1 -28 154 -195 131 -230 168 -33 -32 -117 144 -210 282 -170 97 -38 -40 -76 85 -176 91 10 -95 225 -97 57 -184 66 -192 112 -176 303 -248 383 -331 469 -440 347 -296 241 -255 184 -269 365 -274 329 -349 356 -312 185 -122 -3 31 -11 75 -148 25 -151
-39 -28 -1 154 -195 131 -230 168 -33 -32 -117 144 -210 282 -170 97 -38 -40 -76 85 -176 91 10 -95 225 -97 57 -184 66 -192 112 -176 303 -248 383 -331 469 -440 347 -296 241 -255 184 -269 365 -274 329 -349 356 -312 185 -122 -3 31 -11 75 -148 25 -151 146
No
No
Yes
24 -145 246 -241 100 -143 270 -397 308 -319 412 -465 380 -453 478 -339 394 -341 240 -247 242 -206 169 -240 133 -56 -59 68 -95 -36 87 -92 123 -232 117 -142 57 -192 63 -64 43 90 -185 252 -315 214 -281 218 -315 350 -377 398 -419 376 -409 318 -219 154 -157 160
24 246 -241 100 -143 270 -397 308 -319 412 -465 380 -453 478 -339 394 -341 240 -247 242 -206 169 -240 133 -56 -59 68 -95 -36 87 -92 123 -232 117 -142 57 -192 63 -64 43 90 -185 252 -315 214 -281 218 -315 350 -377 398 -419 376 -409 318 -219 154 -157 160 -145
Yes
75 -77 217 -75 215 -65 211 -67 211 -71 217 -71 211 -63 201 -57 203 -61 203 -67 213 -77 219 -69 217 -73 209 -63 203 -55 199 -49 185 -49 195 -53 201 -51 195 -45 189 -49 187 -45 -69 213 -73 213 -67 217 -77 225 -89 233 -83 229 -93 229 -85 233 -93 233 -91 227 -81 221 -83 221
75 217 -75 215 -65 211 -67 211 -71 217 -71 211 -63 201 -57 203 -61 203 -67 213 -77 219 -69 217 -73 209 -63 203 -55 199 -49 185 -49 195 -53 201 -51 195 -45 189 -49 187 -45 -69 213 -73 213 -67 217 -77 225 -89 233 -83 229 -93 229 -85 233 -93 233 -91 227 -81 221 -83 221 -77
Yes
0 149 155 -8 -18 -28 -38 -48 -60 -62 -64 -68 -76 167 -80 177 187 197 203 -84 -90 -98 205 -106 209 -114 -118 215 -128 -142 -144 221 -158 -168 223 231 -178 233 247 -184 253 -190 257 265 -198 277 -206 285 -208 293 305 315 325 327 337 -216 343 349 355 363 365 -222 -228 377 -240 387 -252 395 137 -260
149 -8 -18 155 167 177 187 197 203 205 209 215 221 -28 223 -38 -48 -60 -62 231 233 247 -64 253 -68 257 265 -76 277 285 293 -80 305 315 -84 -90 325 -98 -106 327 -114 337 -118 -128 343 -142 349 -144 355 -158 -168 -178 -184 -190 -198 363 -206 -208 -216 -222 -228 365 377 -240 387 -252 395 -260 0 137
No
Yes
0 -137 -129 -119 -6 -109 -101 -93 -85 -18 -77 -65 -55 -30 -34 -49 -41 -48 -50 -60 -70 -39 -82 -92 -94 -27 -23 -17 -102 -108 -5 1 5 15 21 23 -118 -124 -132 33 37 -138 -144 -223 -154 -158 -164 -172 -176 -211 -201 -195 84 -185 74 62 58 -177 48 -169 36 -161 -147 30 22 12
-137 -6 -18 -30 -129 -34 -48 -50 -60 -119 -70 -82 -92 -109 -101 -94 -102 -93 -85 -77 -65 -108 -55 -49 -41 -118 -124 -132 -39 -27 -138 -144 -154 -158 -164 -172 -23 -17 -5 -176 84 1 5 74 15 21 23 33 37 62 58 48 -223 36 -211 -201 -195 30 -185 22 -177 12 0 -169 -161 -147
Yes
59 78 71 70 73 62 85 58 85 56 85 58 79 70 71 74 63 82 55 90 -52 49 96 53 88 51 90 59 82 65 84 57 86 51 92 49 100 35 104 33 110 31 -163 310 -173 310 -165 308 -159 31 106 29 -165 308 -163 310 -163 298 -153 302 -161 62 75 74 65 72 65 80 65 80
78 71 70 73 62 85 58 85 56 85 58 79 70 71 74 63 82 55 90 49 -52 96 53 88 51 90 59 82 65 84 57 86 51 92 49 100 35 104 33 110 31 -163 310 -173 310 -165 308 -159 31 106 29 -165 308 -163 310 -163 298 -153 302 -161 62 75 74 65 72 65 80 65 80 59
Yes
-201 205 -299 255 -219 183 -83 165 -311 291 -183 269 -135 193 -233 105 -101 -39 127 -103 215 -313 437 -329 229 -127 131 -105 235 -191 55 65 -123 -19 41 -107 113 -141 159 -115 195 -305 259 -373 281 -167 37 -109 225 -271 133 -101 27 -11 -57 63 -111 1 -113 81 47 -163 59
205 -299 255 -219 183 -83 165 -311 291 -183 269 -135 193 -233 105 -101 -39 127 -103 215 -313 437 -329 229 -127 131 -105 235 -191 55 65 -123 -19 41 -107 113 -141 159 -115 195 -305 259 -373 281 -167 37 -109 225 -271 133 -101 27 -11 -57 63 -111 1 -113 81 47 -163 59 -201
Yes
-137 -341 -331 -583 -695 0 -667 -883 -697 -629 -695 -565 -575 -547 -445 -209 -189 -149 45 145 329 303 381 383 167 274 95 103 27 -43 198 -73 13 35 -11 434 650 790 742 834 714 636 564 698 426 474 344 102 178 22 -122 -266 -424 -386 -416 -240 -86 -8 -4 -22 106 14 110 44
274 198 434 650 790 -137 742 834 714 636 564 698 426 474 344 102 178 22 -122 -266 -424 -386 -416 -240 -86 -341 -8 -4 -22 106 -331 14 110 44 0 -583 -695 -667 -883 -697 -629 -695 -565 -575 -547 -445 -209 -189 -149 45 145 329 303 381 383 167 95 103 27 -43 -73 13 35 -11
Yes
-208 97 16 -95 196 -187 86 -75 54 -165 286 -267 325 -190 95 -63 128 15 -116 96 -131 99 -190 109 -70 -79 202 -221 364 -303 280 -411 314 -179 46 73 2 -32 77 -192 99 24 -77 134 -255 136 -35 -50 149 -70 139 -46 97 22 -131 28 53 -124 153 -210 313 -286 201 -128 215 -74 159
97 16 -95 196 -187 86 -75 54 -165 286 -267 325 -190 95 -63 128 15 -116 96 -131 99 -190 109 -70 -79 202 -221 364 -303 280 -411 314 -179 46 73 2 -32 77 -192 99 24 -77 134 -255 136 -35 -50 149 -70 139 -46 97 22 -131 28 53 -124 153 -210 313 -286 201 -128 215 -74 159 -208
No
No
Yes
30 -71 15 59 -181 41 -169 105 -45 -21 -103 99 -197 111 -195 143 -133 271 -223 253 -253 277 -187 165 -191 119 -77 109 -89 -43 13 -105 -31 137 -13 -115 61 -195 83 -221 73 65 -9 -55 85 -137 131 -35 183 -101 -23 17 119 19 -65 195 -191 75 -89 225 -121 -9
30 15 59 -181 41 -169 105 -45 -21 -103 99 -197 111 -195 143 -133 271 -223 253 -253 277 -187 165 -191 119 -77 109 -89 -43 13 -105 -31 137 -13 -115 61 -195 83 -221 73 65 -9 -55 85 -137 131 -35 183 -101 -23 17 119 19 -65 195 -191 75 -89 225 -121 -9 -71
Yes
-57 -189 -333 -395 -251 -309 -323 -319 0 -99 -249 -253 -229 -347 -123 125 71 47 1 -93 -267 -437 -303 -119 -293 -103 -101 -271 -133 19 147 130 336 446 274 390 286 260 238 200 118 284 340 232 -4 -140 2 -112 -26 230 400 398 232 168 224 92 208 164 120 -82
130 336 446 274 390 286 260 238 -57 200 118 284 340 232 -4 -140 2 -112 -26 230 400 398 232 168 224 92 208 164 120 -82 0 -189 -333 -395 -251 -309 -323 -319 -99 -249 -253 -229 -347 -123 125 71 47 1 -93 -267 -437 -303 -119 -293 -103 -101 -271 -133 19 147
Yes
35 0
0 35
No
Yes
-42 -42
-42 -42
Yes
33 67 127 -145 -71 -169 -321 -403 -607 -583 0 -615 -487 -479 -409 78 -315 -149 -173 -263 -295 -463 -421 -467 -375 -427 -317 -131 -51 9 157 131 20 101 -35 6 8 104 262 344 544 662 480 496 522 362 288 188 102 274 392 432 384 368 402 494 414 246 34 114 -12 -130 -150 -92
78 20 6 8 104 262 344 544 662 480 33 496 522 362 288 67 188 102 274 392 432 384 368 402 494 414 246 34 114 -12 -130 -150 127 -92 0 -145 -71 -169 -321 -403 -607 -583 -615 -487 -479 -409 -315 -149 -173 -263 -295 -463 -421 -467 -375 -427 -317 -131 -51 9 157 131 101 -35
Yes
-66 423 -430 306 -402 260 -142 157 -25 -34 73 63 1 -1 123 -125 45 48 -30 -62 27 89 -189 273 -270 348 -218 248 -126 -8 45 -174 312 -280 136 -46 0 -132 138 -146 66 8 124 -86 -42 3 46 -104 80 -162 200 -269 221 -263 163 -291 439 -553 442 -346
-66 -430 306 -402 260 -142 157 -25 -34 73 63 1 -1 123 -125 45 48 -30 -62 27 89 -189 273 -270 348 -218 248 -126 -8 45 -174 312 -280 136 -46 0 -132 138 -146 66 8 124 -86 -42 3 46 -104 80 -162 200 -269 221 -263 163 -291 439 -553 442 -346 423
Yes
70 -68 204 -56 206 -62 208 -70 220 -70 214 -76 214 -70 208 -62 208 -72 212 -70 212 -68 210 -72 216 -66 212 -70 208 -58 200 -56 200 -56 202 -58 208 -72 208 -62 208 -62 208 -66 202 -52 196 -50 192 -46 188 -50 -96 236 -90 238 -88 226 -88 234 -96 244 -96 232 -94 232 -82 220 -72 218
70 204 -56 206 -62 208 -70 220 -70 214 -76 214 -70 208 -62 208 -72 212 -70 212 -68 210 -72 216 -66 212 -70 208 -58 200 -56 200 -56 202 -58 208 -72 208 -62 208 -62 208 -66 202 -52 196 -50 192 -46 188 -50 -96 236 -90 238 -88 226 -88 234 -96 244 -96 232 -94 232 -82 220 -72 218 -68
Yes
-109 220 -127 27 134 -254 136 -6 -99 24
220 -127 134 27 -254 136 -6 -99 24 -109
No
