3
7 -2 3
3
4 8 8
4
1 2 4 8
6
-6 -2 3 2 9 -4
1
-100
70
-140 -146 112 -150 -144 -136 -144 -138 -136 -142 -140 -138 -140 -142 -142 -138 -140 -148 -146 -148 -138 -150 -138 -148 -136 -138 108 -140 -140 -148 -144 -138 -150 -138 -144 -144 -148 -144 -144 -144 -144 -136 -140 -142 -150 -142 -140 -138 -136 -138 -144 -148 -146 -142 -144 -140 -144 -148 -142 118 -150 -146 -142 -140 -150 -138 -142 -148 -140 -142
69
135 143 135 143 143 -133 135 137 135 139 143 137 141 141 137 137 -146 143 147 143 147 139 141 135 149 148 145 143 145 145 143 135 141 137 147 135 137 137 139 -145 137 135 135 143 135 139 -148 137 139 145 145 138 139 137 143 137 145 137 139 135 138 145 141 149 147 145 -127 141 147
68
-141 -145 -149 -143 -139 -141 -137 -139 -139 -135 -135 -141 -135 -141 -145 -137 127 107 -139 -137 -139 -139 -135 -145 -139 -141 -147 133 -143 -137 -135 123 91 -135 -139 -141 -147 -135 -137 -139 -143 -143 -141 -139 -141 -145 -135 -139 -143 -137 -149 -137 -145 -137 -139 -145 -135 -139 -139 -139 -139 -147 -141 -137 -141 -137 -145 -137
63
45 -130 72 138 -86 -132 -145 -128 113 88 66 -132 146 85 145 119 79 -66 -69 -41 -12 -125 28 15 -55 -112 -107 59 -72 68 -68 148 -73 78 63 51 97 -72 -86 -61 -71 -45 89 65 129 143 36 13 141 -56 -149 -27 124 108 46 57 -88 109 -147 96 94 -21 -101
70
135 135 139 145 147 137 135 147 149 135 143 145 141 139 143 137 -129 141 143 139 141 141 143 135 143 139 149 147 143 143 143 139 139 139 137 135 139 141 137 139 147 145 143 147 145 137 145 143 149 135 139 149 141 -147 143 137 143 -123 147 147 135 141 149 -125 -125 137 147 147 143 139
60
-5 105 -71 -121 7 -87 111 57 57 119 -31 135 53 129 83 149 -51 5 -141 -35 43 93 89 -81 101 101 119 -149 49 -81 113 -111 37 51 45 93 -81 -77 -83 9 -111 -113 115 -19 -25 -7 -85 21 91 -101 13 -135 47 -35 -3 -21 -65 -25 149 -111
63
-141 -147 59 41 61 -81 137 -143 51 -133 128 149 -95 -75 141 143 -3 -89 -75 -131 -3 53 -133 -11 -75 147 65 37 -67 -19 39 85 101 105 7 75 -139 147 -113 -51 -25 15 -7 47 -147 49 -105 7 -59 135 89 139 15 103 145 101 27 -135 -127 -95 -139 -59 115
62
3 -79 3 5 79 -9 73 -117 -111 -47 41 75 71 -9 -79 -25 -25 85 23 57 -19 103 123 113 143 107 19 135 -105 141 -9 127 -97 -73 27 -59 135 87 -65 -39 57 -39 121 33 -49 -33 119 -83 101 51 137 79 -97 -91 27 37 51 -45 83 131 37 -41
70
-61 -87 135 3 -125 81 -131 -11 -109 -123 -23 -149 11 -93 -3 65 133 1 -3 -41 -125 -139 -111 63 -121 39 57 -83 127 69 91 -9 59 11 117 -147 -123 -21 -81 53 -25 105 73 49 -83 63 115 71 3 -55 -69 89 77 53 -57 115 47 -45 139 145 97 -109 7 31 147 -11 39 -131 -19 -119
62
135 139 149 135 -113 -135 -115 147 137 143 143 137 141 141 135 139 149 149 137 139 145 139 137 147 145 139 137 135 145 139 137 141 143 143 139 141 135 139 145 149 147 139 143 135 149 147 139 135 141 147 149 -127 143 145 -135 147 147 143 145 147 141 147
70
145 143 145 145 141 145 139 137 147 135 137 -141 143 137 141 149 145 143 145 139 137 -149 137 149 147 135 141 149 143 147 141 139 145 135 147 149 139 141 149 -137 145 137 141 135 141 135 141 141 139 149 137 139 147 143 139 149 147 139 143 149 135 135 149 137 135 139 145 149 145 145
64
-139 -135 -143 -137 -141 -137 -143 -143 -135 -145 -147 -137 -147 -135 -147 -141 -137 -147 -139 -143 -137 -141 -139 -143 -139 -143 -135 -141 -145 -143 -145 -149 -143 -143 -143 -137 -135 -137 -139 -141 -145 -143 -137 -143 -141 -137 -149 -147 -149 -147 -137 -135 -141 -149 -139 -141 -147 -145 -137 -135 -135 143 -145 -143
61
-113 147 81 -99 37 137 111 -5 -43 73 49 135 -29 93 -19 -41 -141 139 -63 71 131 137 -45 17 61 105 -79 21 15 41 -101 61 17 89 -121 63 -149 35 45 33 -73 67 73 -15 -51 -117 109 149 105 -91 -81 47 37 49 75 -143 -137 15 -101 -123 89
66
135 143 135 147 149 149 145 137 143 143 147 141 -91 137 145 -97 143 147 139 139 143 145 139 141 149 147 143 147 141 139 139 -105 143 147 143 139 149 145 145 141 147 143 149 145 141 139 141 135 147 139 137 149 149 137 145 149 139 143 143 147 135 141 139 145 141 149
70
150 150 150 150 150 150 150 150 150 150 150 150 150 150 150 150 150 150 150 150 150 150 150 150 150 150 150 150 150 150 150 150 150 150 150 150 150 150 150 150 150 150 150 150 150 150 150 150 150 150 150 150 150 150 150 150 150 150 150 150 150 150 150 150 150 150 150 150 150 150
64
-135 89 141 29 -99 119 5 117 -75 35 -83 -35 -87 107 -123 61 -61 63 149 -89 11 97 149 133 7 29 137 -113 75 83 17 -141 131 -105 -55 -49 -87 -111 21 -133 -25 -103 5 73 -1 65 -109 61 81 -121 -13 -47 -93 -137 79 -131 -1 143 -45 85 -39 -7 109 -71
63
44 31 19 -109 105 107 39 19 3 83 -111 -53 -15 -36 -31 55 -113 59 101 -43 -97 -148 7 79 -85 -131 136 -71 -35 -143 -77 -63 141 -23 -15 -75 81 -43 -55 -19 33 -31 -23 147 91 23 117 -111 -33 -125 81 111 134 47 -149 21 117 -83 -111 -115 -101 137 99
64
-149 -139 -135 115 -137 -147 -139 -135 -143 -149 -143 -147 -135 -135 -145 -139 -147 -143 -149 -139 -141 137 -143 -145 -149 -135 119 -139 -141 -143 -141 -139 -141 -141 -145 -141 107 -145 -147 -141 -141 -143 -143 129 -139 -141 -147 -145 -137 -137 -139 -149 -143 -147 -143 -135 -137 -145 -137 -145 -147 -141 -141 -149
9
-99 77 -83 55 -99 119 -72 -92 -96
69
145 143 143 139 135 141 145 139 143 147 141 137 143 141 139 147 143 147 139 -142 143 145 -116 143 137 141 139 145 139 137 143 137 137 147 147 147 135 135 149 145 143 139 143 145 141 141 145 149 -113 143 145 137 137 139 -126 -127 139 145 147 141 141 145 147 143 137 147 135 143 137
64
-53 73 125 61 -47 149 -43 97 -89 -109 97 33 -43 101 139 -115 5 105 -101 123 -83 -81 21 -33 27 -11 87 117 -131 117 65 133 125 -11 51 99 79 57 91 -11 -43 33 127 -3 -91 -19 47 -93 137 -77 -63 135 -143 11 -41 5 95 -129 -25 95 133 -125 -121 -33
66
139 139 147 141 143 135 149 147 137 137 145 -105 137 149 141 145 137 139 139 145 147 147 147 147 137 143 139 137 141 149 147 -139 143 -127 141 145 137 137 145 145 143 137 147 -139 145 149 -137 145 149 135 143 149 143 141 147 145 147 149 137 135 145 137 149 147 143 145
65
16 26 -29 -75 46 88 34 1 15 -85 -41 -133 58 -81 70 -19 -55 9 -18 5 43 8 4 36 -69 -60 12 100 90 -117 -87 -79 110 83 -93 61 104 -100 -64 -121 45 -50 -92 47 -94 -4 6 6 -73 38 133 33 0 -39 17 131 -141 -149 -31 -110 13 -127 80 -89 -121
6
75 84 66 102 -56 -125
62
147 135 -109 -137 149 135 145 139 137 -141 147 145 147 137 137 145 139 147 149 139 141 141 137 135 139 149 135 141 139 141 135 139 141 137 137 141 137 143 135 145 149 139 147 147 147 135 145 143 135 135 139 139 149 139 137 139 149 145 147 137 137 147
62
-85 123 31 -99 41 -17 37 117 115 69 -147 -97 -25 -125 -69 -1 99 55 85 77 -119 -31 -85 17 -49 -25 59 -77 -115 -9 93 -45 55 27 -89 -3 -93 -73 117 131 57 125 -17 117 127 21 -21 -101 -75 -91 75 -33 -63 -25 115 93 79 27 3 27 -127 -117
62
53 -117 141 75 1 47 97 -13 21 -9 111 119 -103 149 -1 91 29 -131 -147 39 -65 5 -127 13 113 -123 -79 81 25 -79 131 -27 101 135 -149 39 -129 -43 27 -141 103 -131 11 5 -33 -109 -39 11 41 73 -87 125 115 -31 131 -5 -117 -121 43 -73 -25 7
68
140 147 143 148 147 150 145 144 145 139 140 139 143 148 136 141 137 140 -143 141 -149 143 150 144 141 139 135 144 138 141 139 143 141 147 147 143 136 141 145 149 143 138 150 145 148 141 143 142 138 136 141 147 144 150 145 141 -123 135 149 142 149 138 149 143 149 143 137 148
68
-141 -149 -145 -139 -135 -147 -135 -135 -143 -147 135 -147 -143 -135 -143 -145 -145 -141 -137 -149 -137 -139 -137 -143 -149 -147 -145 -143 -149 -147 -149 -141 -137 -139 -149 -139 -137 -141 -137 -147 -143 -149 -147 -143 -135 -139 -145 -143 -147 -141 -145 -147 -149 -145 -139 -137 -147 -145 -141 -145 -145 -143 -141 -141 -141 -137 -141 -141
62
147 145 143 147 139 139 143 137 147 139 135 137 149 145 139 145 135 141 149 147 147 139 135 149 145 139 135 147 135 141 139 137 149 141 139 -89 143 139 149 139 143 137 147 137 143 137 137 141 137 137 135 141 141 139 137 141 135 139 143 137 139 149
1
-55
65
-129 -107 -105 51 81 31 143 81 -88 15 129 -23 95 145 -149 -43 -131 97 37 -75 41 -115 22 17 5 -27 143 -21 -81 139 -139 103 29 -109 123 -135 -49 131 -79 -101 71 23 129 -5 -145 11 104 13 -13 -53 75 -77 79 -49 -99 -49 13 -25 81 -101 -1 103 -149 -119 119
5
97 62 -37 147 13
66
35 129 -119 -39 47 -149 63 -29 -21 -15 73 103 73 141 -31 -21 97 53 113 85 123 101 97 121 -69 11 -49 57 117 83 107 119 -41 -123 21 75 -39 35 13 -33 119 -111 93 -43 -143 75 45 99 -145 -119 -11 1 -139 -121 -29 -45 -35 111 -19 121 -25 35 95 -79 -81 111
62
-81 89 125 -83 -93 -1 -147 -51 -91 63 -109 133 3 -75 11 -15 -57 -41 -41 -127 -63 -11 5 -57 -39 125 113 -23 -57 81 5 -77 -127 97 137 -33 33 97 -65 15 -81 -147 27 -69 25 41 35 87 17 -1 121 103 111 -113 -11 5 -27 9 -143 -71 -103 -113
69
-150 -150 -150 -150 -150 -150 -150 -150 -150 -150 -150 -150 -150 -150 -150 -150 -150 -150 -150 -150 -150 -150 -150 -150 -150 -150 -150 -150 -150 -150 -150 -150 -150 -150 -150 -150 -150 -150 -150 -150 -150 -150 -150 -150 -150 -150 -150 -150 -150 -150 -150 -150 -150 -150 -150 -150 -150 -150 -150 -150 -150 -150 -150 -150 -150 -150 -150 -150 -150
64
-109 -57 13 95 -139 -99 83 -85 93 -113 -59 141 21 -43 49 129 -141 -137 -39 49 -143 -103 -77 -91 -41 85 -149 31 -53 -45 89 41 -25 -43 -143 147 -79 37 -71 89 -51 67 -95 -45 -131 11 -63 115 -85 107 39 -43 -111 85 37 69 79 -15 -105 -31 13 145 75 -123
70
-135 -141 -149 -143 -143 -147 -149 -141 -147 -143 -149 113 -139 -149 -143 -139 -145 -141 -141 149 -137 143 -137 -141 -149 -145 -141 -137 -139 -139 -139 -147 -139 -139 -139 -149 -135 -147 -141 -147 -145 -143 -149 -135 -143 -143 -143 -139 -147 141 -141 -143 -135 -135 -141 -145 -137 -137 -143 -143 -137 -137 -143 -149 -147 -139 127 -143 -141 -145
69
-97 135 -14 77 -135 14 -89 147 -59 60 51 -21 59 -116 -7 73 23 -29 -21 63 47 -103 47 7 -133 21 141 69 -21 -3 -87 -135 -79 41 119 -89 51 -149 -147 -109 95 15 109 -139 5 85 -121 -67 124 47 57 -31 -33 -125 -79 87 95 5 109 -41 37 95 13 133 -81 123 -77 9 13
62
-45 -117 71 47 -5 69 -33 -53 127 -29 1 129 -85 -131 47 -150 87 -95 -143 -139 91 -87 23 119 -27 83 137 -143 -73 25 141 23 109 -15 83 -25 43 -25 -125 -51 -127 -147 33 -139 132 77 -57 75 79 127 33 12 -33 21 75 7 63 29 -86 -37 79 -59
69
145 143 149 145 139 137 141 135 -135 139 145 143 141 143 139 139 145 141 149 149 -95 147 135 135 141 -123 147 145 145 135 143 141 149 143 -109 143 145 143 145 143 137 139 143 143 141 141 -130 137 143 141 141 135 143 139 149 143 143 149 145 149 137 141 145 139 145 137 149 135 147
70
-141 -139 -141 -138 -136 -137 -135 -140 -149 -141 -137 -149 -140 -139 -148 -147 -145 -143 -135 -150 -136 -138 -143 -135 -144 -147 -136 -144 -137 -145 -135 -142 -146 -137 148 -135 -148 -135 -136 -147 -145 -146 -137 -141 -147 -150 -148 -142 -139 -142 -147 -149 -142 -135 -145 -141 -144 -140 -142 -145 -149 -140 -137 -137 -135 -150 -145 -139 -142 -135
70
-149 -149 -149 -149 -149 -149 -149 -149 -149 -149 -149 -149 -149 -149 -149 -149 -149 -149 -149 -149 -149 -149 -149 -149 -149 -149 -149 -149 -149 -149 -149 -149 -149 -149 -149 -149 -149 -149 -149 -149 -149 -149 -149 -149 -149 -149 -149 -149 -149 -149 -149 -149 -149 -149 -149 -149 -149 -149 -149 -149 -149 -149 -149 -149 -149 -149 -149 -149 -149 -149
66
139 135 149 137 139 -131 141 143 137 141 139 147 -145 139 147 141 143 139 143 147 137 135 145 145 147 143 135 139 135 141 145 139 147 149 147 147 141 147 137 141 141 145 -121 135 147 135 145 141 143 137 135 147 141 147 149 147 145 135 141 137 145 147 147 139 147 149
62
69 -53 1 71 -139 141 97 -9 -31 -149 35 143 -103 23 123 125 133 21 -121 67 127 11 -139 -37 85 -17 5 17 -15 37 -59 67 107 19 -81 131 29 -107 -23 -113 49 71 87 23 73 -55 -113 141 -139 -143 55 121 -83 -81 -11 15 129 113 -109 17 -109 39
64
135 137 145 137 149 137 145 149 139 149 147 139 147 135 139 139 143 141 141 135 149 135 143 141 135 149 137 139 149 -125 135 141 141 137 147 137 141 147 143 145 135 135 139 145 143 141 147 145 135 149 149 139 149 135 137 143 143 147 143 147 145 143 135 145
66
-150 -145 -147 -139 -146 116 -139 -149 -147 -148 -148 -135 -148 -144 -145 -148 -147 -137 -143 -141 -144 -139 -137 -147 -142 -143 138 -143 -144 -145 -149 -145 -149 -145 123 -146 -149 -143 -149 -143 100 113 -142 -140 -147 -139 -135 -139 -138 -139 -143 -142 -141 -138 -146 -140 -139 -142 -143 -141 -141 -142 -143 -148 -149 -147
70
-143 -141 -139 -147 -143 -135 -147 -139 -147 -137 -143 -141 -139 -141 -135 -147 -145 -135 -141 135 -141 -141 -147 -135 -145 -141 -141 -145 -147 -135 139 -137 -137 -145 -147 -143 -137 -141 -135 -145 -141 -137 -137 -145 -149 -149 -149 -137 -137 -143 -135 -135 -149 -149 -147 -149 123 -141 -141 -139 -139 -143 -145 -135 -141 -139 -145 -139 -141 -141
66
-115 -55 -31 17 -71 57 -129 -121 1 -67 -23 115 131 91 -119 -113 -45 -147 111 -39 -27 -89 -9 -93 17 93 -65 87 49 -137 -141 81 43 25 119 53 21 37 61 125 133 -69 -73 -95 71 145 -113 63 -3 105 79 21 103 -11 -135 -99 -45 143 -11 75 -83 -59 -3 -91 -33 -147
68
85 -143 -141 -141 -147 -135 -135 -147 -143 -147 -143 -141 -143 -135 -143 -149 -145 -145 -141 -137 -149 -139 -147 -139 -147 -137 -141 -143 -135 -145 -139 -141 -147 -137 -149 -135 -141 -141 -145 -147 -139 -137 -145 -143 -139 -143 -135 -141 -143 -141 -135 -143 -147 -141 -137 -141 -143 -145 107 -149 -147 107 -145 -141 -139 97 -135 107
64
-141 -139 -143 -139 -145 -145 -141 -149 -139 -147 -141 -147 -137 -147 -137 -139 -141 -139 -147 -149 -143 -147 -137 -141 -147 -143 -143 -139 -135 -149 -149 -137 -149 -137 -135 -149 -147 -149 -139 -147 -143 -141 -137 -135 -143 -137 -145 -137 -143 -137 -141 -149 145 -147 -139 -143 -143 123 -141 -139 115 -135 -145 -137
64
59 9 -107 73 97 61 93 -5 27 63 -87 89 -3 113 -81 37 -127 -111 105 141 -88 -95 129 137 16 23 40 -149 -139 -147 -82 73 -5 5 -103 63 -83 63 -101 45 -149 49 -83 -5 -111 -39 -107 19 -48 -103 39 -41 -13 -145 -125 131 59 41 36 47 15 19 7 -75
1
82
66
21 29 121 49 25 -99 -149 23 29 59 55 -25 145 95 37 -99 99 27 -119 107 63 -33 37 -55 -5 -11 -3 -97 51 -67 -7 -69 -55 -57 89 -121 -127 85 -107 103 -109 39 -43 -149 65 87 143 -67 -15 29 -125 -87 -109 69 115 -131 89 -11 -101 45 -63 103 -49 101 -133 -143
64
-103 -147 19 -43 -9 21 -57 85 95 -9 129 35 -78 -25 -131 86 30 -19 -116 -135 -99 -107 -95 39 -117 45 6 97 55 111 35 -65 6 62 -129 -84 -63 -58 -149 -70 42 -90 -98 -5 -9 -7 131 -12 -121 94 -135 69 120 -131 -79 111 29 -70 23 129 1 99 -98 121
68
-147 -141 -135 -135 -149 -143 -145 -135 -143 -143 -147 -139 131 -145 -145 133 -139 -145 -149 -139 -137 -145 -143 -147 -143 -135 -137 141 -147 -145 -145 -145 -137 -145 -139 -135 -149 -141 -139 -137 -139 -139 -147 -149 -149 -141 -143 -135 -149 -145 -135 -145 -143 -137 -137 -135 -145 -149 -143 -147 -143 -147 -143 -141 -143 -149 -137 -135
66
121 -147 -145 -147 -137 -143 -139 -143 -137 139 127 -139 127 -141 -139 -149 -141 -149 129 -135 -139 -149 -145 -149 -141 -147 -147 -145 -149 -141 -145 -149 -135 -139 -139 -147 -135 -145 -139 -145 -141 -147 -149 -143 -149 -141 -141 -139 -145 -135 -149 -143 -135 -137 -143 -135 -135 -145 -141 -137 -149 -139 -147 -147 -141 -147
70
-147 -145 -141 -139 -145 -145 -149 -147 -141 -135 -145 -145 -145 -145 -147 -139 -143 -145 -145 -137 -141 -145 -145 -145 -145 -137 -135 -149 -139 -141 -143 -143 -149 -147 -149 137 -149 -139 -137 -147 -139 -145 -145 -139 -149 -139 -149 -137 -145 -147 -145 -135 -139 -137 -143 -145 -143 -135 -147 -145 -141 -135 -149 -141 -141 -147 -139 -147 -137 -143
64
-149 -135 -145 -143 -145 -141 -149 -143 -143 -139 101 -141 -149 -137 -147 -135 -139 -149 -149 -147 -139 -141 -139 -141 -141 -147 -137 -145 -135 -145 -141 -141 -143 -141 -135 125 -135 133 -141 -145 -139 -143 -135 -145 -145 -137 -143 -141 -147 -149 -135 -143 -149 -141 -135 -141 -149 -141 -139 -145 -147 -139 -137 -145
66
92 -70 70 130 94 56 24 -58 112 74 86 4 16 -58 36 58 -76 -140 -116 20 134 -20 -66 -72 -78 -72 -118 -46 -32 62 -106 38 -34 38 138 -150 -118 124 94 -66 -112 -126 -30 -66 118 -110 106 0 -46 -18 142 118 -138 -60 18 12 66 -64 74 46 -126 -88 -84 60 30 -44
70
133 144 -149 -143 -139 -147 -145 -147 -147 -145 141 -143 -141 -139 -137 -143 -145 -147 -141 122 -141 -145 -139 -139 -139 -143 -149 -145 -145 -137 -147 -149 -139 -143 -143 -143 -137 -135 -141 -141 -145 -147 -141 111 -141 -145 -141 -137 -145 -147 -141 -143 -147 -143 -137 -137 -139 -145 -135 -139 -139 -141 -147 -141 -145 -145 -145 -135 -139 -145
68
142 140 146 144 136 150 138 148 138 148 142 136 140 136 150 148 144 146 150 142 146 146 136 144 146 144 146 150 140 144 138 150 140 136 136 146 -118 146 142 142 136 142 150 144 138 148 144 148 148 136 144 148 148 138 144 144 150 140 140 144 148 146 -116 150 -132 146 142 142
7
76 115 -47 74 73 4 85
64
-115 -53 -85 143 79 -143 91 -133 -43 -53 -59 45 -123 -73 119 -89 -71 -97 -117 -15 -91 121 95 -135 25 -137 35 -13 -17 -57 -73 -137 117 129 27 -137 9 59 -129 -47 -145 97 31 125 69 9 15 -55 -89 -11 25 -63 -141 -51 7 -107 149 -103 -45 -79 -61 7 131 33
68
-139 133 -141 -147 -135 -143 -143 -143 -141 -147 -143 -137 -145 -143 -141 -147 -135 -137 -147 -137 -149 -145 -145 -135 -141 -145 137 -147 -139 -147 -137 -147 -135 -147 -143 -139 -137 -141 -149 149 -137 -135 -143 -137 -149 -135 -139 -141 -137 -149 -149 -143 -139 -137 -147 -135 -147 -135 -137 -137 -137 -141 -143 -147 -145 -137 -147 -143
62
141 135 143 147 139 139 143 149 149 137 135 135 -129 139 137 143 139 145 141 137 137 143 139 149 135 141 -131 149 141 145 139 -103 143 143 135 135 145 141 135 147 149 139 147 143 147 143 141 137 -121 139 147 147 139 141 149 143 141 135 137 -137 141 143
8
118 119 -40 -65 45 29 3 -149
4
-116 84 -17 75
64
137 135 149 147 139 139 143 147 143 149 145 139 139 149 143 141 -83 -95 143 147 141 -93 145 147 139 141 145 147 141 137 145 147 135 139 147 145 145 141 149 145 147 145 149 141 141 147 135 -95 137 141 145 137 147 145 137 141 145 149 145 141 -111 143 137 147
68
-137 -141 -149 -141 -145 -145 -143 105 -135 -145 -137 -141 -139 -137 -135 -137 -147 -145 -137 -149 -149 -143 -143 -143 -141 -141 -139 -149 -149 -147 -145 -137 -139 -141 -135 -141 -145 -145 -141 -147 -143 -141 -141 -147 -135 -135 -147 -145 -149 -141 -149 -145 -139 -145 -143 -147 -135 -139 -139 -139 -137 -145 -141 -137 -143 -143 -149 -137
2
-83 -85
60
107 -67 -2 126 -41 -64 -99 -62 135 -65 -149 27 -66 72 112 -73 59 -78 -116 9 -91 -85 101 -85 130 128 -40 -127 -118 -126 -80 -64 127 55 135 52 138 29 -93 51 -55 -14 -71 -85 96 91 55 -20 7 44 -127 63 -125 28 20 64 -73 -123 -126 -5
70
9 -79 137 65 3 -25 -59 -149 -11 -23 -93 123 75 -121 31 61 55 105 15 89 -119 -21 -35 -143 29 -91 -69 -1 35 -19 27 93 -149 39 -81 13 83 -125 123 -51 67 -81 -117 -41 -17 47 117 139 -11 127 -55 77 -147 101 -59 -1 -149 55 119 -7 -101 -51 -107 83 19 129 109 -89 -15 -99
62
-135 111 -143 -143 -145 -147 -139 -141 -143 -147 -139 -145 -149 -145 -137 -149 -149 -147 -137 -141 -147 -139 -145 -139 -141 -139 -143 -141 101 -141 -139 -147 -135 -139 -143 -143 -149 -139 -147 -135 109 -145 -143 -135 -145 -147 -145 -141 -135 -141 -143 -141 -137 -135 -145 -141 -145 -149 -137 -135 -141 -149
60
48 101 5 -141 -43 127 -127 -89 -11 93 -53 -85 -73 25 139 55 53 -101 -7 -5 36 -37 -71 -107 77 -115 9 -27 -131 51 -5 31 -109 -115 -25 -85 -135 -129 -1 -21 133 -95 67 -63 -101 -67 -63 -97 35 -27 21 -21 -43 -33 -91 99 -65 -3 3 15
68
150 140 142 140 150 146 144 144 140 146 146 140 148 138 144 146 142 142 136 146 136 142 150 148 144 136 146 140 148 144 150 136 136 146 142 148 150 144 150 144 140 138 142 -114 144 140 140 146 150 140 148 136 144 150 146 136 136 144 148 140 140 142 136 146 140 138 138 144
70
149 141 137 147 149 149 149 149 143 143 145 147 145 139 143 139 139 137 141 147 143 149 141 147 141 143 147 139 149 143 149 141 147 147 139 141 147 135 141 143 139 147 139 137 145 135 143 141 147 135 137 137 141 137 139 147 137 141 139 141 137 143 149 137 147 135 143 135 137 -123
66
-147 -143 -137 -137 -137 -135 -149 -135 -137 -143 139 -135 -145 -143 -139 -137 -149 -135 -143 -139 -137 -135 -139 -139 -141 -145 -137 -143 -149 -135 -135 -149 -135 -145 -143 -145 -141 -143 -147 -139 -137 -139 -139 -145 -149 -149 -145 -147 -141 -143 -141 -141 -135 -147 -145 -149 -137 -137 -141 -145 -149 -149 -143 -143 -137 -137
66
-137 -143 -147 -149 -135 -143 -149 -143 -145 -137 -147 -147 -147 -139 -135 -143 -143 -141 -135 -137 -135 -147 -137 -141 -135 -145 -147 -149 -141 -135 -143 -143 -149 -143 -143 -149 -141 -141 -137 -143 121 -137 -139 -149 -139 -137 -141 -139 -139 -149 -143 -147 -139 -149 -137 -139 -137 -147 -137 -147 -141 -149 -147 -139 -139 -135
70
137 149 141 143 135 147 143 143 141 141 143 137 149 141 145 137 145 137 145 139 -104 145 149 141 139 141 149 141 147 149 141 143 137 143 141 149 135 139 137 143 141 -132 147 137 137 145 143 149 -128 137 135 -136 143 145 147 147 135 145 149 141 -99 137 149 139 137 137 145 145 145 139
63
4 -94 -44 36 -36 100 82 -146 -20 108 86 134 58 -40 -128 4 -140 88 24 112 -98 124 108 -100 102 4 26 130 44 -136 120 -58 -142 22 -66 6 -28 18 44 80 -110 -46 -114 -92 114 -130 -72 116 -46 -138 32 -74 16 -68 6 -48 -110 -112 -32 128 -116 -104 -142
64
137 -143 103 67 95 -137 75 -49 17 7 -131 133 -149 -73 -101 -107 -11 -127 -77 -121 -95 -83 -35 143 81 -67 87 99 5 63 -133 -59 123 79 -11 -149 -45 123 -141 137 85 -59 -1 123 -121 29 135 -87 29 67 23 63 -121 -5 -33 -73 9 95 23 -65 33 27 145 33
67
-111 113 -79 101 9 -101 11 -21 -111 121 19 58 135 -95 32 65 143 -101 -20 -35 -32 -91 -81 39 -149 123 -19 143 61 -23 -131 -97 135 -133 119 75 -30 45 -115 -93 123 -53 57 -121 -119 101 -85 99 79 69 93 51 119 -109 -103 81 -71 29 -57 103 27 -85 73 87 141 85 -49
69
-79 25 129 -39 79 115 137 -126 36 -9 -3 -59 -61 -41 -48 -139 -15 65 66 -7 -124 109 145 -133 -139 107 77 -50 107 61 1 -20 -3 35 -109 -150 -29 87 41 -33 91 30 13 93 19 -102 19 -27 -21 66 -41 -9 -127 68 -53 -77 -39 -17 53 -27 -135 -75 27 105 49 145 27 -13 83
67
3 19 127 -81 -19 17 -55 -79 77 -97 -101 13 -93 147 -93 -101 17 47 -147 -59 139 -75 -83 -45 61 -109 -123 69 19 107 -119 135 55 49 119 19 -53 133 -57 29 21 79 -109 81 123 21 95 65 -61 -127 -79 -3 -123 125 67 -101 -103 -117 -121 27 97 -131 -145 -25 149 -17 -17
62
60 -56 74 -122 -140 -128 -64 60 -66 -124 -4 -98 -86 -84 -52 10 138 48 30 0 24 90 -22 -26 -72 42 32 20 -132 -30 -92 -136 106 124 -128 -54 -134 -112 -138 -148 138 56 -64 30 -52 -6 96 148 82 -124 -6 136 138 -46 130 4 -116 -14 136 104 -130 -80
60
73 147 113 -121 139 -23 -63 -81 -57 101 -131 31 111 -115 -127 -15 73 -65 -25 137 133 -39 -71 49 -69 -11 107 -107 -13 -63 147 -59 3 51 23 81 -37 -59 139 -49 -135 55 -7 109 121 -69 49 -111 -119 -37 -37 95 113 -125 121 -9 -63 31 139 65
2
35 35
62
143 135 135 143 145 147 137 141 135 135 143 145 141 143 143 137 137 139 137 135 147 145 149 135 137 147 143 137 143 145 149 139 147 149 147 143 145 137 139 135 141 139 149 141 147 139 149 135 139 145 139 145 143 137 143 -133 143 137 145 147 139 135
2
-84 -84
64
111 87 133 -137 33 93 23 141 55 -103 33 -119 35 -117 -121 145 -127 -47 101 129 137 -79 -53 -65 119 -13 -71 -97 63 -3 27 -19 147 9 -35 -139 -63 -65 -59 -59 -63 79 -135 9 43 -47 -27 39 -71 11 97 -31 -37 -99 27 67 97 115 -17 123 145 1 -49 -127
60
-132 -7 -124 -96 -142 118 15 132 -59 39 136 64 0 122 -2 -80 93 18 -92 -35 116 -100 84 3 78 130 30 122 -134 37 -129 138 32 -144 90 -46 -132 6 -8 -80 74 132 38 -128 -39 49 -58 -24 -82 38 -69 -48 -42 -100 -128 148 -114 -111 96 77
70
140 136 148 150 144 146 138 150 150 144 138 138 144 138 146 146 136 140 142 142 144 142 138 144 150 146 142 138 150 142 144 144 144 146 144 150 136 136 146 146 146 146 142 136 150 144 146 142 146 142 138 -146 140 146 148 150 138 138 146 138 148 148 136 138 138 150 138 148 146 150
10
111 93 7 54 -120 -118 130 -105 -75 -85
69
149 149 149 149 149 149 149 149 149 149 149 149 149 149 149 149 149 149 149 149 149 149 149 149 149 149 149 149 149 149 149 149 149 149 149 149 149 149 149 149 149 149 149 149 149 149 149 149 149 149 149 149 149 149 149 149 149 149 149 149 149 149 149 149 149 149 149 149 149
0
