Yes
1 -3 6
6 1 -3
Yes
2 4 4
2 4 4
No
Yes
3 -1 4 -1 5 -9
-9 -1 -1 3 4 5
Yes
-50
-50
No
Yes
59 -192 99 -26 -64 175 -243 94 -215 120
59 99 -26 -64 175 -243 94 -215 120 -192
Yes
325 -180 327 -186 333 -198 343 -206 349 -204 345 -204 75 64 79 68 73 62 79 64 77 64 81 68 77 62 83 -65 52 89 -213 362 -213 356 -215 350 -215 358 -221 102 39 96 51 92 57 90 49 -180 319 -178 317 -170 317 -168 311 -174 315 -168 311 -164 305 -168 313 -166 311 -170 319 -170 315 -176
-180 327 -186 333 -198 343 -206 349 -204 345 -204 75 64 79 68 73 62 79 64 77 64 81 68 77 62 83 52 -65 89 -213 362 -213 356 -215 350 -215 358 -221 102 39 96 51 92 57 90 49 -180 319 -178 317 -170 317 -168 311 -174 315 -168 311 -164 305 -168 313 -166 311 -170 319 -170 315 -176 325
Yes
-10 -17 163 -119 237 -101 209 -235 127 -155 21 47 -95 19 17 13 -71 -79 121 -165 235 -321 233 -189 249 -117 199 -215 213 -219 239 -311 209 -183 251 -243 143 -151 9 131 -125 43 -89 173 -235 197 -171 293 -347 471 -371 307 -247 221 -329 337 -361 425 -365 455 -509 431 -523 451 -319 329 -211 163
-10 163 -119 237 -101 209 -235 127 -155 21 47 -95 19 17 13 -71 -79 121 -165 235 -321 233 -189 249 -117 199 -215 213 -219 239 -311 209 -183 251 -243 143 -151 9 131 -125 43 -89 173 -235 197 -171 293 -347 471 -371 307 -247 221 -329 337 -361 425 -365 455 -509 431 -523 451 -319 329 -211 163 -17
Yes
-97 -10 74 99 -26 55 -46 -36
-10 99 74 -26 55 -46 -36 -97
Yes
-147 -157 -165 0 12 18 -177 28 -187 38 50 -195 54 -197 58 -207 68 -213 -223 76 88 -233 94 -237 96 -241 380 -523 382 -259 120 126 132 -267 -271 138 -279 142 -283 148 162 -287 -297 -307 172 178 -317 -325 -79 -81 184 -62 -83 -60 -54 -91 -93 -50 -101 -46 -111 -115 -127 -36 -30 -20 -137 -12
12 18 28 -147 -157 -165 38 -177 50 -187 -195 54 -197 58 -207 68 -213 76 88 -223 -233 94 -237 96 -241 380 -523 382 -259 120 -267 -271 -279 126 132 -283 138 -287 142 -297 -307 148 162 172 -317 -325 178 184 -62 -60 -79 -81 -54 -83 -91 -50 -46 -93 -36 -101 -30 -20 -12 -111 -115 -127 0 -137
Yes
-143 -155 0 -163 8 -169 18 26 -175 -187 -199 32 38 52 -205 62 -209 -211 64 68 74 -221 82 -231 -235 92 -241 98 100 -249 -259 114 -267 122 -273 -283 128 138 -295 -303 148 -309 -311 156 -321 -57 164 -67 -75 168 -79 174 186 -81 -78 -89 -74 -99 -66 -62 -113 -60 -119 -50 -36 -133 -28 -141 -16 -6
8 18 -143 26 -155 32 -163 -169 38 52 62 -175 -187 -199 64 -205 68 74 -209 -211 -221 82 -231 92 98 -235 100 -241 -249 114 122 -259 128 -267 138 148 -273 -283 156 164 -295 168 174 -303 186 -78 -309 -74 -66 -311 -62 -321 -57 -60 -67 -50 -75 -36 -79 -81 -28 -89 -16 -99 -113 -6 -119 0 -133 -141
Yes
192 -45 182 -43 192 -53 192 -45 186 -47 196 -61 196 -49 190 -53 192 -45 192 -47 190 -47 194 -59 198 -55 200 -65 200 -65 206 -69 -63 -78 215 -78 213 -358 499 -356 501 -362 507 -368 509 -368 239 -100 -47 182 -41 178 -33 180 -31 180 -35 174 -39 174 -39 186 -43 184 -49 198 -55 192 -51
-45 182 -43 192 -53 192 -45 186 -47 196 -61 196 -49 190 -53 192 -45 192 -47 190 -47 194 -59 198 -55 200 -65 200 -65 206 -69 -63 -78 215 -78 213 -358 499 -356 501 -362 507 -368 509 -368 239 -100 -47 182 -41 178 -33 180 -31 180 -35 174 -39 174 -39 186 -43 184 -49 198 -55 192 -51 192
Yes
-75 67 45 -189 43 -183 47 -193 45 -187 51 -199 57 -193 51 -187 47 -189 45 -183 45 -183 39 -189 45 -187 43 -185 37 -187 41 -183 43 -189 45 -185 45 -189 49 -185 35 -185 49 -197 61 -207 61 -199 59 -201 63 -205 63 -205 63 -199 59 -203 59 -205 55 -197 51 -193 57 -201 61 -209
-75 45 -189 43 -183 47 -193 45 -187 51 -199 57 -193 51 -187 47 -189 45 -183 45 -183 39 -189 45 -187 43 -185 37 -187 41 -183 43 -189 45 -185 45 -189 49 -185 35 -185 49 -197 61 -207 61 -199 59 -201 63 -205 63 -205 63 -199 59 -203 59 -205 55 -197 51 -193 57 -201 61 -209 67
No
No
No
Yes
0 6 141 14 133 20 30 127 38 117 111 97 46 52 93 62 85 73 65 59 51 41 33 25 11 7 3 70 -9 82 90 98 106 116 124 134 138 -21 146 -31 158 166 -39 -43 176 -51 -61 -71 182 -77 -85 188 167 200 161 208 218 151 222 -26 145 -20 -16 -2
141 133 6 127 14 117 111 20 97 30 38 46 93 85 52 73 62 70 82 90 98 106 116 124 134 138 146 65 158 59 51 41 33 25 11 7 3 166 -9 176 -21 -31 182 188 -39 200 208 218 -43 222 -26 -51 -20 -61 -16 -71 -77 -2 -85 167 0 161 151 145
No
Yes
-55 -157 -365 -471 -499 -381 -261 -187 -207 -185 -261 -167 -379 -489 -287 -401 -527 -513 -419 -441 -289 -373 -459 -515 0 -719 -631 -577 -449 -329 -67 -225 -159 -87 106 260 504 550 396 352 260 78 224 328 284 238 504 396 266 470 468 388 330 298 296 366 482 624 646 612 560 456 194 76 150 232
106 260 504 550 396 352 260 78 224 328 284 238 504 396 266 470 468 388 330 298 296 366 482 624 -55 646 612 560 456 194 76 150 232 0 -157 -365 -471 -499 -381 -261 -187 -207 -185 -261 -167 -379 -489 -287 -401 -527 -513 -419 -441 -289 -373 -459 -515 -719 -631 -577 -449 -329 -67 -225 -159 -87
Yes
200 -276 210 -74 158 -218 96 -176 52 62 -4 68 20 -6 72 -16 -124 50 26 -8 -2 100 -204 75 -9 125 -147 43 -161 204 -312 416 -436 494 -384 364 -418 503 -567 474 -556 588 -548 402 -286 282 -159 277 -133 91 -13 3 -51 112 -116 48 38 48 -28 68 -88 48 -64 88 -202
-276 210 -74 158 -218 96 -176 52 62 -4 68 20 -6 72 -16 -124 50 26 -8 -2 100 -204 75 -9 125 -147 43 -161 204 -312 416 -436 494 -384 364 -418 503 -567 474 -556 588 -548 402 -286 282 -159 277 -133 91 -13 3 -51 112 -116 48 38 48 -28 68 -88 48 -64 88 -202 200
Yes
145 211 359 345 281 99 -11 -33 -19 -39 -171 -293 -457 -411 -461 -413 -521 -379 -301 0 -259 -147 -217 -67 39 119 99 143 295 169 141 -258 143 229 1 -101 -236 -272 -368 -156 -78 -26 66 62 140 174 328 520 558 358 498 446 268 180 238 186 130 98 -148 -88 -152 -264 -240 -124 -12 -254 -112 -22
-258 -236 -272 -368 -156 -78 -26 66 62 140 174 328 520 558 358 498 446 268 180 145 238 186 130 98 -148 -88 -152 -264 -240 -124 -12 211 -254 -112 -22 0 359 345 281 99 -11 -33 -19 -39 -171 -293 -457 -411 -461 -413 -521 -379 -301 -259 -147 -217 -67 39 119 99 143 295 169 141 143 229 1 -101
Yes
141 127 119 0 8 115 16 105 24 95 34 91 42 50 54 85 73 64 74 65 59 53 47 82 88 35 92 102 112 114 120 29 25 15 -156 293 283 -144 275 -140 -128 263 253 243 -114 233 225 221 -104 207 -94 461 451 -90 -80 -72 165 -324 -314 -308 155 147 -18 -6
8 16 24 141 127 34 119 42 115 50 105 54 95 91 85 64 74 73 65 82 88 92 102 59 53 112 47 35 29 25 15 114 120 -156 293 -144 -140 283 -128 275 263 -114 -104 -94 253 -90 -80 -72 243 -324 233 -314 -308 225 221 207 -18 461 451 165 -6 0 155 147
Yes
0 -6 -137 -131 -119 -109 -16 -28 -101 -91 -87 -79 -71 -40 -59 -46 -53 -56 -62 -47 -37 -27 -19 -66 -11 -5 -76 -88 3 11 -92 -102 -108 -229 -223 -217 -120 -128 -209 -136 -144 -152 94 -203 -195 -187 84 -177 76 68 -167 62 -163 -157 56 50 38 30 22 16 -149 8
-137 -131 -6 -16 -28 -40 -119 -109 -46 -56 -62 -66 -76 -101 -88 -91 -92 -87 -79 -102 -108 -120 -128 -71 -136 -144 -59 -53 -152 94 -47 -37 -27 84 76 68 -19 -11 62 -5 3 11 -229 56 50 38 -223 30 -217 -209 22 -203 16 8 -195 -187 -177 -167 -163 -157 0 -149
Yes
-131 65 128 -70 125 -34 -71 152 -240 206 -168 92 33 71 -205 214 -248 152 -122 166 -55 18 117 -65 -17 56 -199 154 -193 266 -132 129 -214 179 -183 157 -144 212 -278 340 -311 254 -150 159 -92 172 -135 228 -286 248 -370 231 -81 105 7 44 22 108 -221 251 -344 219
128 65 -70 125 -34 -71 152 -240 206 -168 92 33 71 -205 214 -248 152 -122 166 -55 18 117 -65 -17 56 -199 154 -193 266 -132 129 -214 179 -183 157 -144 212 -278 340 -311 254 -150 159 -92 172 -135 228 -286 248 -370 231 -81 105 7 44 22 108 -221 251 -344 219 -131
Yes
709 -656 613 -532 589 -578 469 -548 483 -362 435 -362 270 -147 258 -127 112 5 -18 153 -164 171 -96 107 -240 129 -194 104 -5 -84 125 -48 -69 14 47 -76 -43 76 -15 -14 127 -194 83 -32 121 -36 117 20 -133 0 -85 122 -225 220 -171 270 -195 194 -279 312 -425 292 -395 372 -509 500 -603
-656 613 -532 589 -578 469 -548 483 -362 435 -362 270 -147 258 -127 112 5 -18 153 -164 171 -96 107 -240 129 -194 104 -5 -84 125 -48 -69 14 47 -76 -43 76 -15 -14 127 -194 83 -32 121 -36 117 20 -133 0 -85 122 -225 220 -171 270 -195 194 -279 312 -425 292 -395 372 -509 500 -603 709
Yes
-375 302 -220 292 -156 140 -263 383 -490 380 -490 382 -337 487 -442 424 -503 435 -495 451 -438 298 -154 164 -17 -15 21 25 -27 103 -248 201 -297 259 -145 136 -44 8 63 -8 101 -245 274 -306 191 -305 413 -513 413 -413 399 -435 334 -256 344 -472 381 -275 295 -284 236 -282 283
302 -220 292 -156 140 -263 383 -490 380 -490 382 -337 487 -442 424 -503 435 -495 451 -438 298 -154 164 -17 -15 21 25 -27 103 -248 201 -297 259 -145 136 -44 8 63 -8 101 -245 274 -306 191 -305 413 -513 413 -413 399 -435 334 -256 344 -472 381 -275 295 -284 236 -282 283 -375
Yes
147 165 187 253 345 83 119 265 343 391 413 249 423 313 125 57 -103 85 0 211 217 131 143 279 135 341 451 221 125 95 57 217 27 81 23 -258 133 -166 -148 -232 -210 -60 -220 -342 -278 -526 -330 -338 -396 -188 -70 66 30 -150 -180 -180 -26 -256 -158 -276 -414 -302 -264 -244 -16 -72 -82 46 -140 -78
-258 -166 -148 -232 -210 -60 -220 -342 -278 -526 -330 -338 -396 -188 -70 66 30 -150 147 -180 -180 -26 -256 -158 -276 -414 -302 -264 -244 -16 -72 -82 46 -140 -78 165 0 187 253 345 83 119 265 343 391 413 249 423 313 125 57 -103 85 211 217 131 143 279 135 341 451 221 125 95 57 217 27 81 23 133
No
No
Yes
-95 -75 -89 -1 -57 -11 59 -43 -1 65 209 277 361 273 111 361 237 269 431 355 261 0 403 321 215 151 237 189 109 4 -26 73 111 64 56 -6 -114 46 108 72 -158 -342 -286 -298 -178 -224 -354 -190 -282 -422 -270 -312 -390 -272 -220 -126 -276 -230 -212 -52
4 -26 64 56 -6 -114 46 108 72 -158 -342 -286 -298 -178 -224 -354 -190 -282 -422 -270 -312 -95 -390 -272 -220 -126 -276 -230 -212 -75 -89 -52 0 -1 -57 -11 59 -43 -1 65 209 277 361 273 111 361 237 269 431 355 261 403 321 215 151 237 189 109 73 111
Yes
3 -6 122 -141
3 122 -141 -6
Yes
0 141 8 18 131 119 359 351 -218 349 -210 347 -208 -206 337 -198 -188 329 -180 317 -168 309 297 291 287 281 -160 -154 -148 535 527 525 -144 515 -396 -392 507 -384 497 491 749 -380 -368 -358 -350 739 -612 737 725 -602 721 431 -596 165 -588 155 -582 -572 145 -288 -18 -10
141 8 131 119 18 -218 -210 -208 359 -206 351 -198 349 347 -188 337 329 -180 317 -168 309 -160 -154 -148 -144 -396 297 291 287 -392 -384 -380 281 -368 535 527 -358 525 -350 -612 -602 515 507 497 491 -596 749 -588 -582 739 -572 -288 737 -18 725 -10 721 431 0 165 155 145
No
Yes
-87 0 -1 -42 113 -87 76 -162 140 8 -36 -34 -77 20 59 -8 -61 169 -92 64 -67 149 -221 323 -176 174 -217 332 -419 307 -197 153 -40 -18 -26 56 -159 294 -341 313 -354 270 -177 243 -194 305 -209 322 -329 179 -199 119 -89 192 -320 218 -82 -51 153 -38 19 0 137 -129 219
0 -1 -42 113 -87 76 -162 140 8 -36 -34 -77 20 59 -8 -61 169 -92 64 -67 149 -221 323 -176 174 -217 332 -419 307 -197 153 -40 -18 -26 56 -159 294 -341 313 -354 270 -177 243 -194 305 -209 322 -329 179 -199 119 -89 192 -320 218 -82 -51 153 -38 19 0 137 -129 219 -87
Yes
305 -455 587 -449 353 -229 161 -281 261 -117 51 -65 -77 137 -159 101 -181 169 -259 267 -319 261 -329 395 -291 201 -209 59 -171 121 -153 135 -117 61 -185 63 -187 271 -271 183 -47 113 -263 229 -185 213 -293 351 -297 383 -325 313 -337 437 -497 639 -769 647 -757 641 -497 523 -477 587 -623 551 -481 377 -341
-455 587 -449 353 -229 161 -281 261 -117 51 -65 -77 137 -159 101 -181 169 -259 267 -319 261 -329 395 -291 201 -209 59 -171 121 -153 135 -117 61 -185 63 -187 271 -271 183 -47 113 -263 229 -185 213 -293 351 -297 383 -325 313 -337 437 -497 639 -769 647 -757 641 -497 523 -477 587 -623 551 -481 377 -341 305
Yes
-75 -75 -75 -75 -75 -75 -75 -75 -75 -75 -75 -75 -75 -75 -75 -75 -75 -75 -75 -75 -75 -75 -75 -75 -75 -75 -75 -75 -75 -75 -75 -75 -75 -75 -75 -75 -75 -75 -75 -75 -75 -75 -75 -75 -75 -75 -75 -75 -75 -75 -75 -75 -75 -75 -75 -75 -75 -75 -75 -75 -75 -75 -75 -75 -75 -75 -75 -75 -75 -75
-75 -75 -75 -75 -75 -75 -75 -75 -75 -75 -75 -75 -75 -75 -75 -75 -75 -75 -75 -75 -75 -75 -75 -75 -75 -75 -75 -75 -75 -75 -75 -75 -75 -75 -75 -75 -75 -75 -75 -75 -75 -75 -75 -75 -75 -75 -75 -75 -75 -75 -75 -75 -75 -75 -75 -75 -75 -75 -75 -75 -75 -75 -75 -75 -75 -75 -75 -75 -75 -75
Yes
-40 -40
-40 -40
Yes
75 75 75 75 75 75 75 75 75 75 75 75 75 75 75 75 75 75 75 75 75 75 75 75 75 75 75 75 75 75 75 75 75 75 75 75 75 75 75 75 75 75 75 75 75 75 75 75 75 75 75 75 75 75 75 75 75 75 75 75 75 75 75 75 75 75 75 75 75
75 75 75 75 75 75 75 75 75 75 75 75 75 75 75 75 75 75 75 75 75 75 75 75 75 75 75 75 75 75 75 75 75 75 75 75 75 75 75 75 75 75 75 75 75 75 75 75 75 75 75 75 75 75 75 75 75 75 75 75 75 75 75 75 75 75 75 75 75
Yes
0 141 133 129 6 123 117 109 103 10 93 83 14 24 26 335 36 42 327 319 311 52 299 295 -200 -192 -180 287 -170 277 269 -162 263 -154 -146 255 -138 -128 249 239 -124 -118 229 -108 -100 217 -92 -80 205 201 195 -70 183 -107 -60 177 171 -58 165 -46 -40 161 155 -36 147 -30 -28 -20 -16 -10
141 6 10 14 133 24 26 36 42 129 52 -200 123 117 109 -192 103 93 -180 -170 -162 83 -154 -146 335 327 319 -138 311 -128 -124 299 -118 295 287 -108 277 269 -100 -92 263 255 -80 249 239 -70 229 217 -60 -58 -46 205 -40 -36 201 -30 -28 195 -20 183 -107 -16 -10 177 0 171 165 161 155 147
No
Yes
-41 71 27 139 113 219 255 281 545 461 405 317 75 83 313 337 229 115 75 239 305 257 441 495 0 373 355 339 62 95 33 31 23 24 -112 -24 -92 -278 -344 -414 -502 -522 -266 -222 26 -222 -342 -256 -124 -106 -148 -178 -224 -296 -484 -406 -270 -294 -202 -80 56 -68
62 24 -112 -24 -92 -278 -344 -414 -502 -522 -266 -222 26 -222 -342 -256 -124 -106 -148 -178 -224 -296 -484 -406 -41 -270 -294 -202 71 -80 56 -68 0 27 139 113 219 255 281 545 461 405 317 75 83 313 337 229 115 75 239 305 257 441 495 373 355 339 95 33 31 23
Yes
0 -147 6 -153 -445 296 302 -447 306 -193 54 64 -201 -209 70 -215 -227 78 84 96 -231 -243 -257 108 -263 118 126 -271 414 -559 422 432 -571 -579 -587 -597 442 448 458 462 472 478 -603 -609 -621 -625 -631 484 -641 492 502 -651 -655 512 -663 -397 516 -405 -411 524 256 -137 264 276
-147 6 -153 296 302 -445 -447 306 -193 54 -201 -209 64 70 -215 78 84 -227 -231 -243 96 108 118 -257 126 -263 -271 414 -559 422 -571 -579 432 442 448 458 -587 -597 -603 -609 -621 -625 462 472 478 484 492 -631 502 -641 -651 512 516 -655 524 256 -663 264 276 -397 -405 0 -411 -137
No
No
Yes
-95 -187 -439 -173 -225 -245 0 31 183 -55 -79 -167 -291 -303 -251 74 -301 -263 -119 -117 -119 -151 -185 -283 -303 -377 -273 -467 -433 312 -355 -303 -305 -243 -191 -201 -165 -83 316 210 324 100 -58 -40 -24 134 254 310 356 226 212 264 60 78 166 136 144 314 358 294 338 436 410 430 296 218 304 236 230 84
74 312 316 210 324 100 -95 -58 -40 -24 134 254 310 356 226 -187 212 264 60 78 166 136 144 314 358 294 338 436 410 -439 430 296 218 304 236 230 84 0 -173 -225 -245 31 183 -55 -79 -167 -291 -303 -251 -301 -263 -119 -117 -119 -151 -185 -283 -303 -377 -273 -467 -433 -355 -303 -305 -243 -191 -201 -165 -83
Yes
39 0
0 39
No
Yes
-141 137 145 157 0 163 -2 175 181 193 -284 -292 197 -300 -312 -322 -330 203 -338 -340 211 217 225 227 231 237 -21 -13 -7 -350 -356 -1 -362 5 -368 -372 -376 -120 -126 -134 19 -213 -136 -207 -142 -199 -465 -154 76 -455 68 64 -445 -443 -439 330 -159 318 308 -157 302 300 -149 290 16 -143 8 6
-2 -284 -292 -300 -141 -312 137 -322 -330 -338 145 157 -340 163 175 181 193 -350 197 203 -356 -362 -368 -372 -376 -120 -126 -134 -136 211 217 -142 225 -154 227 231 237 -21 -13 -7 76 68 -1 64 5 330 318 19 -213 308 -207 -199 302 300 290 -465 16 -455 -445 8 -443 -439 6 -159 -157 0 -149 -143
Yes
314 -240 99 50 -184 220 -121 129 -104 133 -241 279 -265 122 -1 -10 111 -145 140 -40 163 -235 369 -220 222 -245 115 -47 56 -148 82 -8 -4 -45 85 -133 49 -149 279 -284 303 -204 118 -69 185 -327 289 -269 281 -159 65 10 -104 92 -42 162 -292 422 -485 433 -353 262 -328
-240 99 50 -184 220 -121 129 -104 133 -241 279 -265 122 -1 -10 111 -145 140 -40 163 -235 369 -220 222 -245 115 -47 56 -148 82 -8 -4 -45 85 -133 49 -149 279 -284 303 -204 118 -69 185 -327 289 -269 281 -159 65 10 -104 92 -42 162 -292 422 -485 433 -353 262 -328 314
Yes
0 10 137 131 121 16 109 28 101 95 85 79 40 69 63 55 46 50 62 70 76 49 41 39 33 279 275 5 -3 86 88 -11 -19 94 102 -23 108 -33 -140 -136 -35 -130 142 -45 -51 152 156 162 168 176 182 192 -70 211 -66 208 -61 -69 -77 214 -79 -87 220 161 222 153 145 -22 -18 -6
137 131 10 16 28 121 40 109 46 50 62 70 101 76 86 88 95 85 79 69 63 94 102 108 -140 -136 -130 142 152 55 49 156 162 41 39 168 33 176 279 275 182 5 -3 192 -70 -11 -19 -23 -33 -35 -45 -51 211 -66 -61 -69 208 214 220 -77 222 -22 -79 -18 -87 -6 0 161 153 145
Yes
-74 -228 82 -222 76 -216 68 -218 74 -212 66 -210 60 -196 52 -194 48 -194 48 -190 40 -182 36 -184 46 -194 48 -196 52 -196 48 -198 50 -200 62 -212 68 -212 70 -206 60 -210 66 -210 60 -202 56 -192 56 -204 68 -216 68 -216 68 -212 68 -204 60 -208 64 60 -198 62 -210 70 -216 80 -222 82
-74 82 -222 76 -216 68 -218 74 -212 66 -210 60 -196 52 -194 48 -194 48 -190 40 -182 36 -184 46 -194 48 -196 52 -196 48 -198 50 -200 62 -212 68 -212 70 -206 60 -210 66 -210 60 -202 56 -192 56 -204 68 -216 68 -216 68 -212 68 -204 60 -208 64 60 -198 62 -210 70 -216 80 -222 82 -228
Yes
-381 247 -98 243 -104 -37 174 -33 170 -35 174 -39 182 -43 190 -49 192 -57 204 -69 208 -67 214 -75 216 -75 210 -63 210 -71 216 -81 222 -78 219 -364 513 -376 513 -364 503 -356 497 -352 493 -636 783 -634 775 -632 518 -378 525 -380 521 -384 521 -384 523 -376 515 -370 515 -368 509 -367 510 -371 518
247 -98 243 -104 -37 174 -33 170 -35 174 -39 182 -43 190 -49 192 -57 204 -69 208 -67 214 -75 216 -75 210 -63 210 -71 216 -81 222 -78 219 -364 513 -376 513 -364 503 -356 497 -352 493 -636 783 -634 775 -632 518 -378 525 -380 521 -384 521 -384 523 -376 515 -370 515 -368 509 -367 510 -371 518 -381
Yes
0 -6 145 -18 -22 153 161 -30 -36 -42 -44 169 -54 175 -56 -68 -76 179 185 -90 191 197 203 -92 215 225 -98 -102 -372 233 239 -384 -394 243 -402 245 519 531 -408 -418 537 549 553 -424 565 569 333 343 -432 355 -194 -208 367 -218 -226 30 109 115 121 129 22 20 135 139 12 4
145 153 -6 161 169 -18 -22 175 179 185 191 -30 197 -36 203 215 225 -42 -44 233 -54 -56 -68 239 -76 -90 243 245 519 -92 -98 531 537 -102 549 -372 -384 -394 553 565 -402 -408 -418 569 -424 -432 -194 -208 333 -218 343 355 -226 367 109 115 30 22 20 12 121 129 4 0 135 139
Yes
63 2 76 -19 69 -186
76 2 -19 69 -186 63
No
Yes
-49 62 -173 56 -171 56 -7
62 -173 56 -171 56 -7 -49
Yes
71 -21 161 -21 161 -23 173 -29 169 -29 177 -325 471 -321 459 -323 465 -319 469 -333 473 -331 467 -329 471 -325 251 -115 253 -117 265 -117 261 -119 267 -121 265 -123 265 -119 261 -123 265 -123 261 -123 261 -125 275 -133 275 -135 277 -135 -13 153 -9 155 -15 161 -19 161 -11 157 -19 165 -23 159
71 161 -21 161 -23 173 -29 169 -29 177 -325 471 -321 459 -323 465 -319 469 -333 473 -331 467 -329 471 -325 251 -115 253 -117 265 -117 261 -119 267 -121 265 -123 265 -119 261 -123 265 -123 261 -123 261 -125 275 -133 275 -135 277 -135 -13 153 -9 155 -15 161 -19 161 -11 157 -19 165 -23 159 -21
No
Yes
-348 483 72 -342 481 -341 491 -341 489 -354 210 -63 204 -68 213 -71 220 -71 211 -72 208 -71 206 -69 -58 207 -72 211 -62 206 -332 481 -616 764 -617 756 -609 756 -619 758 -620 763 -625 765 -625 772 -626 771 -636 773 -636 775 -637 776 -627 486 -345 488 -349 488 -353 494 -347 488 -349 488
483 -342 72 481 -341 491 -341 489 -354 210 -63 204 -68 213 -71 220 -71 211 -72 208 -71 206 -69 -58 207 -72 211 -62 206 -332 481 -616 764 -617 756 -609 756 -619 758 -620 763 -625 765 -625 772 -626 771 -636 773 -636 775 -637 776 -627 486 -345 488 -349 488 -353 494 -347 488 -349 488 -348
Yes
-328 191 -326 181 -318 179 -328 189 -332 191 -332 191 -328 185 -328 179 -322 185 -320 173 -320 175 -324 187 -330 62 193 -104 -37 -104 -37 -98 -47 -90 -57 -84 -65 -76 -71 -74 -69 -74 -65 -84 -61 -84 -55 -94 -51 187 -326 181 -330 189 -324 177 -49 -90 -57 -92 -47 -92 -53 193 -330 183 -330 191 -326 191
191 -326 181 -318 179 -328 189 -332 191 -332 191 -328 185 -328 179 -322 185 -320 173 -320 175 -324 187 -330 193 62 -104 -37 -104 -37 -98 -47 -90 -57 -84 -65 -76 -71 -74 -69 -74 -65 -84 -61 -84 -55 -94 -51 187 -326 181 -330 189 -324 177 -49 -90 -57 -92 -47 -92 -53 193 -330 183 -330 191 -326 191 -328
Yes
-115 -129 -169 -301 -215 -435 0 -459 -459 -413 -625 -499 -465 -505 -413 -477 -419 -417 -207 -237 -163 -107 -119 -343 -161 99 65 107 39 -161 140 -33 -51 153 191 -9 46 206 362 348 496 426 348 534 528 428 582 482 430 436 422 298 152 238 158 50 256 270 16 0 -144 -114 54 90 -60 -26 -230 -134
140 46 206 362 348 496 -115 426 348 534 528 428 582 482 430 436 422 298 152 238 158 50 256 270 16 0 -144 -114 54 90 -129 -60 -26 -230 -134 0 -169 -301 -215 -435 -459 -459 -413 -625 -499 -465 -505 -413 -477 -419 -417 -207 -237 -163 -107 -119 -343 -161 99 65 107 39 -161 -33 -51 153 191 -9
Yes
197 -54 197 -60 203 -58 197 -54 201 -60 199 -52 189 -44 191 71 -50 197 -57 194 -52 189 -40 189 -51 -94 243 -108 247 -100 241 -93 240 -101 237 -102 247 -102 251 -111 248 -99 234 -99 243 -100 248 -111 253 -105 253 -106 249 -100 241 -94 231 -88 227 -81 228 -81 216 -72 215 -66 213 -64 203 -56
-54 197 -60 203 -58 197 -54 201 -60 199 -52 189 -44 191 -50 71 197 -57 194 -52 189 -40 189 -51 -94 243 -108 247 -100 241 -93 240 -101 237 -102 247 -102 251 -111 248 -99 234 -99 243 -100 248 -111 253 -105 253 -106 249 -100 241 -94 231 -88 227 -81 228 -81 216 -72 215 -66 213 -64 203 -56 197
Yes
-172 252 -276 168 -248 304 -216 160 -170 86 -196 124 -230 118 -90 212 -84 -56 124 -220 70 14 20 126 -96 44 -128 250 -132 76 6 -66 104 -132 108 28 0 90 40 -86 104 -22 -14 130 -52 -8 144 -58 -92 60 12 -132 4 -12 -76 18 70 -146 114 -30 90 -164 176 -162 88 38 74
252 -276 168 -248 304 -216 160 -170 86 -196 124 -230 118 -90 212 -84 -56 124 -220 70 14 20 126 -96 44 -128 250 -132 76 6 -66 104 -132 108 28 0 90 40 -86 104 -22 -14 130 -52 -8 144 -58 -92 60 12 -132 4 -12 -76 18 70 -146 114 -30 90 -164 176 -162 88 38 74 -172
Yes
353 -279 155 -218 90 -202 237 -161 219 -221 89 -158 25 31 5 63 -173 314 -192 113 -240 227 -205 216 -119 166 -262 131 -54 53 17 -68 142 -135 126 15 121 -30 74 -166 76 -86 69 -55 95 -120 140 -237 87 2 52 -70 -46 110 -112 143 -223 232 -316 459 -369 330 -290 290 -210 346 -270 407 -419
-279 155 -218 90 -202 237 -161 219 -221 89 -158 25 31 5 63 -173 314 -192 113 -240 227 -205 216 -119 166 -262 131 -54 53 17 -68 142 -135 126 15 121 -30 74 -166 76 -86 69 -55 95 -120 140 -237 87 2 52 -70 -46 110 -112 143 -223 232 -316 459 -369 330 -290 290 -210 346 -270 407 -419 353
No
Yes
-77 -135 -97 -295 -441 0 -539 -715 -591 -591 -653 -493 -459 -563 -505 -575 -795 -905 -773 -595 -385 -197 -233 -6 -139 -25 -31 19 137 189 249 219 229 383 167 0 -3 71 232 416 448 578 642 562 738 540 350 514 564 624 652 938 758 678 448 254 286 126 104 -54 92 -42 -182 -212 -190 -314 -324 -274 -48 46
-6 0 232 416 448 -77 578 642 562 738 540 350 514 564 624 652 938 758 678 448 254 286 126 -135 104 -54 92 -42 -182 -212 -190 -314 -324 -274 -48 -97 46 0 -295 -441 -539 -715 -591 -591 -653 -493 -459 -563 -505 -575 -795 -905 -773 -595 -385 -197 -233 -139 -25 -31 19 137 189 249 219 229 383 167 -3 71
Yes
-95 -129 -69 -9 -73 -71 -255 0 -203 -17 -51 -125 111 161 281 313 319 377 187 297 283 235 34 39 9 35 141 253 61 10 249 205 291 85 -89 96 154 188 116 186 94 156 76 16 -38 -246 -228 -342 -338 -322 -294 -408 -326 -160 -128 -2 -58 -178 -148 -118 -170 -164 -160 -40
34 10 96 154 188 116 186 -95 94 156 76 16 -38 -246 -228 -342 -338 -322 -294 -408 -326 -160 -129 -128 -2 -58 -178 -148 -118 -69 -170 -164 -160 -40 0 -9 -73 -71 -255 -203 -17 -51 -125 111 161 281 313 319 377 187 297 283 235 39 9 35 141 253 61 249 205 291 85 -89
No
Yes
149 149 149 149 149 149 149 149 149 149 149 149 149 149 149 149 149 149 149 149 149 149 149 149 149 149 149 149 149 149 149 149 149 149 149 0 0 0 0 0 0 0 0 0 0 0 0 0 0 0 0 0 0 0 0 0 0 0 0 0 0 0 0 0 0 0 0 0 0 0
0 0 0 0 0 0 0 0 0 0 0 0 0 0 0 0 0 0 0 0 0 0 0 0 0 0 0 0 0 0 0 0 0 0 0 149 149 149 149 149 149 149 149 149 149 149 149 149 149 149 149 149 149 149 149 149 149 149 149 149 149 149 149 149 149 149 149 149 149 149
Yes
135 0 395 387 381 375 -252 371 363 359 351 349 341 -248 -238 331 -236 -228 325 -222 319 -218 -210 21 17 -206 -200 7 -3 -13 -23 -192 -186 -180 -170 -29 124 130 140 -39 -51 -63 152 -71 162 170 176 186 -75 198 208 -83 -95 -107 218 -115 222 232 244 145 254 -4
-252 135 -248 -238 -236 -228 395 -222 -218 -210 -206 -200 -192 387 381 -186 375 371 -180 363 -170 359 351 124 130 349 341 140 152 162 170 331 325 319 21 176 17 7 -3 186 198 208 -13 218 -23 -29 -39 -51 222 -63 -71 232 244 254 -75 -4 -83 -95 -107 0 -115 145
Yes
392 -383 240 -247 308 -283 182 -251 334 -39 -297 342 -329 254 -135 118 -147 156 -61 -50 13 20 76 -63 174 -143 58 -151 34 -145 18 -5 -18 -53 -84 -9 30 57 40 -15 48 15 22 -141 174 -138 183 -176 291 -268 395 -312 419 -384 521 -528 541 -632 611 -606 599 -724 733 -792 685 -666 517 -388 289 -420
-383 240 -247 308 -283 182 -251 334 -297 -39 342 -329 254 -135 118 -147 156 -61 -50 13 20 76 -63 174 -143 58 -151 34 -145 18 -5 -18 -53 -84 -9 30 57 40 -15 48 15 22 -141 174 -138 183 -176 291 -268 395 -312 419 -384 521 -528 541 -632 611 -606 599 -724 733 -792 685 -666 517 -388 289 -420 392
Yes
0 -8 -18 -26 -135 -34 -44 -127 -54 -123 -115 -103 -62 -95 -70 -81 -76 -86 -75 -94 -108 -69 -63 -114 154 -51 -41 -31 148 140 -27 130 -291 126 118 112 -283 104 -277 100 -269 92 -263 -257 -251 -245 -237 80 -229 -215 -207 72 58 -195 48 -189 42 34 -179 24 -169 -165 -161 -155 -145 20 18 6
-135 -127 -123 -115 -8 -103 -95 -18 -81 -26 -34 -44 -75 -54 -69 -62 -63 -51 -70 -41 -31 -76 -86 -27 -291 -94 -108 -114 -283 -277 154 -269 148 -263 -257 -251 140 -245 130 -237 126 -229 118 112 104 100 92 -215 80 72 58 -207 -195 48 -189 42 -179 -169 34 -165 24 20 18 6 0 -161 -155 -145
Yes
162 -15 18 73 -14
-15 18 73 -14 162
Yes
85 323 219 283 157 139 287 193 85 -105 -49 9 -67 -121 -47 -181 -75 -285 -473 -539 -429 -629 -627 -401 -285 -189 -203 -325 -357 -307 -279 0 -186 -255 -157 -105 -288 -149 -332 -250 -238 -178 -256 -44 18 74 84 42 50 12 88 106 154 430 432 408 576 532 506 330 198 94 176 336 286 292 304 190 100 226
-186 -288 -332 -250 -238 -178 -256 -44 18 74 84 42 50 12 88 106 154 430 432 408 576 532 506 330 198 94 176 336 286 292 304 85 323 190 100 226 219 0 283 157 139 287 193 85 -105 -49 9 -67 -121 -47 -181 -75 -285 -473 -539 -429 -629 -627 -401 -285 -189 -203 -325 -357 -307 -279 -255 -157 -105 -149
No
Yes
0 137 -278 -270 135 127 117 -262 -254 -246 105 -240 103 91 -232 -226 -218 -210 85 -200 -192 79 69 63 -178 53 43 -448 -444 313 -434 305 297 285 -140 -7 -128 -114 -21 -29 -37 -41 -110 -325 -331 -335 -347 -102 180 -351 186 190 -353 198 206 -103 210 -111 212 -36 -24 -123 -133 -14 -141 -8
137 -278 135 127 -270 -262 -254 117 105 103 -246 91 -240 -232 85 79 69 63 -226 53 43 -218 -210 -200 313 -192 -178 305 297 -448 285 -444 -434 -140 -7 -128 -21 -29 -114 -110 -102 180 -37 186 190 198 206 -41 -325 210 -331 -335 212 -347 -351 -36 -353 -24 -103 -111 -123 -14 -8 -133 0 -141
Yes
-139 -129 0 -10 -117 -109 -97 -89 -20 -79 -32 -73 -69 -40 -59 -45 -35 -27 -21 -52 -60 -68 -70 -78 -90 -100 -11 -1 -114 -120 -126 7 -138 19 -148 -154 -263 -255 -245 122 120 106 -233 98 -227 -217 86 78 -213 -199 74 64 56 48 42 -193 -185 -183 -175 34 -165 26 -157 -149 18 10
-10 -20 -139 -129 -32 -40 -52 -60 -117 -68 -109 -70 -78 -97 -90 -100 -114 -120 -126 -89 -79 -73 -69 -59 -45 -35 -138 -148 -27 -21 -11 -154 -1 122 7 19 120 106 98 -263 -255 -245 86 -233 78 74 -227 -217 64 56 -213 -199 -193 -185 -183 48 42 34 26 -175 18 -165 10 0 -157 -149
Yes
141 117 71 1 119 43 43 -1 33 81 -19 -23 39 -37 171 277 0 391 389 189 17 -119 -197 -355 -499 -30 -431 -419 -287 -115 -51 -92 -47 -130 -56 -78 -176 -24 -36 12 -112 94 110 58 -96 -248 -288 -326 -272 -132 94 226 282 500 524 332 360 224 -20 108
-30 -92 -130 -56 -78 -176 -24 -36 12 -112 94 110 58 -96 -248 -288 141 -326 -272 -132 94 226 282 500 524 117 332 360 224 -20 108 71 0 1 119 43 43 -1 33 81 -19 -23 39 -37 171 277 391 389 189 17 -119 -197 -355 -499 -431 -419 -287 -115 -51 -47
Yes
77 299 387 279 171 57 -117 -121 -117 -17 -215 -229 -223 -305 -207 -219 -301 0 -415 -547 -477 -483 -377 -237 -155 -152 -213 -165 -59 -95 -77 -303 -366 -247 -77 -7 -3 -258 -164 -112 64 6 6 -6 134 294 254 362 244 286 198 300 404 544 622 432 228 186 96 216 174 134 26 190 324 222 50 -28
-152 -366 -258 -164 -112 64 6 6 -6 134 294 254 362 244 286 198 300 77 404 544 622 432 228 186 96 299 216 174 134 26 190 324 387 222 50 -28 0 279 171 57 -117 -121 -117 -17 -215 -229 -223 -305 -207 -219 -301 -415 -547 -477 -483 -377 -237 -155 -213 -165 -59 -95 -77 -303 -247 -77 -7 -3
Yes
107 169 159 163 37 37 83 249 357 213 407 385 455 447 661 651 467 445 0 449 405 251 169 211 151 321 -20 299 275 401 407 329 163 65 -39 -128 -66 -97 -148 92 8 -156 -352 -266 -264 -330 -416 -362 -578 -752 -606 -480 -580 -306 -338 -318 -192 -292 -236 -378 -352 -280 -346 -344 -230 -212 -72 2
-20 -128 -66 -148 92 8 -156 -352 -266 -264 -330 -416 -362 -578 -752 -606 -480 -580 107 -306 -338 -318 -192 -292 -236 -378 169 -352 -280 -346 -344 -230 -212 -72 2 159 163 0 37 37 83 249 357 213 407 385 455 447 661 651 467 445 449 405 251 169 211 151 321 299 275 401 407 329 163 65 -39 -97
Yes
219 -150 157 -212 143 -152 39 -72 15 112 -195 82 19 -114 199 -100 229 -84 -53 184 -297 408 -377 464 -522 431 -330 409 -546 459 -382 519 -546 537 -665 532 -415 316 -201 276 -401 254 -191 124 -75 94 -65 -2 -69 202 -213 208 -327 373 -380 351 -362 461 -472 393 -468 521 -498 393 -367
-150 157 -212 143 -152 39 -72 15 112 -195 82 19 -114 199 -100 229 -84 -53 184 -297 408 -377 464 -522 431 -330 409 -546 459 -382 519 -546 537 -665 532 -415 316 -201 276 -401 254 -191 124 -75 94 -65 -2 -69 202 -213 208 -327 373 -380 351 -362 461 -472 393 -468 521 -498 393 -367 219
No
Yes
-57 -159 -83 -27 -153 123 255 195 249 495 377 407 205 113 89 0 179 159 -25 -119 45 97 215 219 -5 -69 -327 -425 -199 -237 -137 130 -53 168 174 88 6 -242 -270 -196 -354 -516 -402 -334 -220 -14 -164 -196 -62 76 68 -142 -74 -252 -82 80 200 440 294 292 252 2
130 168 174 88 6 -242 -270 -196 -354 -516 -402 -334 -220 -14 -164 -57 -196 -62 76 68 -142 -74 -252 -82 80 200 440 294 292 252 2 -159 0 -83 -27 -153 123 255 195 249 495 377 407 205 113 89 179 159 -25 -119 45 97 215 219 -5 -69 -327 -425 -199 -237 -137 -53
No
No
Yes
7 97 95 321 223 359 365 293 433 187 123 109 161 173 199 11 151 73 -53 75 139 71 0 127 25 213 31 87 -1 -15 -11 73 -129 32 46 -234 -172 -364 -360 -420 -306 -330 -112 -162 -84 -162 -204 -88 -116 -150 -54 30 10 6 -52 -8 -172 -126 22 -54 -64 -12 -102 -4
32 46 -234 -172 -364 -360 -420 -306 -330 -112 -162 -84 -162 -204 -88 -116 -150 -54 30 10 6 -52 7 -8 -172 -126 22 -54 -64 -12 -102 -4 0 97 95 321 223 359 365 293 433 187 123 109 161 173 199 11 151 73 -53 75 139 71 127 25 213 31 87 -1 -15 -11 73 -129
Yes
-107 -3 76 -50 170 -35 37 -153 163
-3 76 -50 170 -35 37 -153 163 -107
Yes
109 -66 155 -194 263 -388 331 -292 169 -126 35 -70 93 -36 29 -52 -81 60 13 6 55 56 53 -54 21 55 -36 23 122 -157 162 -47 -56 -39 -48 -25 -54 11 -32 99 -58 -33 -68 173 -274 177 -226 227 -322 445 -564 527 -430 439 -324 453 -504 479 -404 299 -212 106 -95 136 -167 20
-66 155 -194 263 -388 331 -292 169 -126 35 -70 93 -36 29 -52 -81 60 13 6 55 56 53 -54 21 -36 55 23 122 -157 162 -47 -56 -39 -48 -25 -54 11 -32 99 -58 -33 -68 173 -274 177 -226 227 -322 445 -564 527 -430 439 -324 453 -504 479 -404 299 -212 106 -95 136 -167 20 109
Yes
-128 73 -174 119 26 -101 -2 77 12 -33 -88 -61 30 -99 226 -283 322 -337 394 -259 322 -207 126 -113 -16 -37 28 19 -146 -1 -52 81 -198 75 50 -111 90 -67 110 -21 -18 57 -6 79 -80 93 -28 53 -16 -125 56 33 2 -139 54 -133 212 -181 173 -74 179
73 -174 119 26 -101 -2 77 12 -33 -88 -61 30 -99 226 -283 322 -337 394 -259 322 -207 126 -113 -16 -37 28 19 -146 -1 -52 81 -198 75 50 -111 90 -67 110 -21 -18 57 -6 79 -80 93 -28 53 -16 -125 56 33 2 -139 54 -133 212 -181 173 -74 179 -128
Yes
-145 0 -269 -275 164 -359 -369 -433 -671 -535 -429 134 -417 -469 -285 -263 -115 -163 -1 23 165 253 218 299 361 509 489 499 547 567 519 243 374 143 59 390 524 602 566 476 332 400 402 154 48 128 18 -152 -246 -268 -290 -382 -580 -578 -508 -488 -552 -388 -254 -104
164 -145 134 218 -269 374 390 524 602 566 476 -275 332 400 402 154 48 128 18 -152 -246 -268 -359 -290 -382 -580 -578 -508 -488 -552 -388 -254 -369 -104 0 -433 -671 -535 -429 -417 -469 -285 -263 -115 -163 -1 23 165 253 299 361 509 489 499 547 567 519 243 143 59
No
Yes
-74 70 -218 80 -216 68 -216 66 -204 62 -208 68 -204 54 -190 48 -184 42 -184 40 -188 48 -186 46 -186 48 -196 46 -188 44 -192 52 -200 50 -192 48 -190 52 -188 44 -182 38 -178 38 90 -238 92 -236 86 -226 80 -222 76 -220 82 68 82 -226 86 -232 86 -234 92 -234 92 -232 90 -226 78 -214
-74 -218 80 -216 68 -216 66 -204 62 -208 68 -204 54 -190 48 -184 42 -184 40 -188 48 -186 46 -186 48 -196 46 -188 44 -192 52 -200 50 -192 48 -190 52 -188 44 -182 38 -178 38 90 -238 92 -236 86 -226 80 -222 76 -220 82 68 82 -226 86 -232 86 -234 92 -234 92 -232 90 -226 78 -214 70
No
Yes
-214 167 -278 363 -344 459 -462 393 -276 289 -316 237 -212 331 -204 57 -80 7 -60 107 36 -204 279 -154 233 -106 -15 47 -71 182 -253 168 -91 178 -49 148 -41 94 -186 208 -105 146 -239 368 -435 480 -619 486 -601 552 -493 510 -457 332 -313 256 -393 373 -262 289 -194 133 -76 127 -76 121
167 -278 363 -344 459 -462 393 -276 289 -316 237 -212 331 -204 57 -80 7 -60 107 -204 36 279 -154 233 -106 -15 47 -71 182 -253 168 -91 178 -49 148 -41 94 -186 208 -105 146 -239 368 -435 480 -619 486 -601 552 -493 510 -457 332 -313 256 -393 373 -262 289 -194 133 -76 127 -76 121 -214
No
Yes
197 -48 -36 89 -130 93 -134 175 -150 185 -322 183 -292 243 -339 259 -358 461 -417 336 -399 498 -384 253 -280 207 -176 288 -333 422 -422 349 -316 209 -118 -23 -31 117 -44 -25 -11 -92 139 -94 83 40 -99 206 -67 208 -259 133 -8 122 -79 37 -130 233 -260 233 -133 150 -185 153 -204
-48 -36 89 -130 93 -134 175 -150 185 -322 183 -292 243 -339 259 -358 461 -417 336 -399 498 -384 253 -280 207 -176 288 -333 422 -422 349 -316 209 -118 -23 -31 117 -44 -25 -11 -92 139 -94 83 40 -99 206 -67 208 -259 133 -8 122 -79 37 -130 233 -260 233 -133 150 -185 153 -204 197
Yes
95 42 79 -218 77 -216 81 -216 77 53 -196 59 -198 51 -198 57 -198 59 -206 63 -212 69 -206 65 -214 75 -216 81 -220 81 -220 83 -224 89 -234 99 -236 95 33 -170 31 -174 29 -172 35 -174 25 -162 17 -158 17 -158 15 -156 21 -156 9 -156 21 -156 13 -162 19 -166 31 83 -224 87 -232
42 79 -218 77 -216 81 -216 77 53 -196 59 -198 51 -198 57 -198 59 -206 63 -212 69 -206 65 -214 75 -216 81 -220 81 -220 83 -224 89 -234 99 -236 95 33 -170 31 -174 29 -172 35 -174 25 -162 17 -158 17 -158 15 -156 21 -156 9 -156 21 -156 13 -162 19 -166 31 83 -224 87 -232 95
Yes
43
43
Yes
74 -106 246 -106 243 -95 233 -90 231 -96 231 -307 448 -310 456 -306 173 -31 176 -34 176 -35 171 -21 156 -16 158 -18 168 -22 166 -26 175 -37 178 -42 180 -39 187 -39 175 -35 174 -32 170 -30 172 -32 172 -32 171 -23 -107 247 -111 247 -103 253 -107 250 -104 249 -109 253 -113 252 -108 248
74 246 -106 243 -95 233 -90 231 -96 231 -307 448 -310 456 -306 173 -31 176 -34 176 -35 171 -21 156 -16 158 -18 168 -22 166 -26 175 -37 178 -42 180 -39 187 -39 175 -35 174 -32 170 -30 172 -32 172 -32 171 -23 -107 247 -111 247 -103 253 -107 250 -104 249 -109 253 -113 252 -108 248 -106
