3
7 -2 3
3
4 8 8
4
1 2 4 8
6
-6 -2 3 2 9 -4
1
-100
62
-137 -135 -135 -149 -135 -139 -143 -149 -145 -135 -143 -135 127 -145 -135 -145 -135 -147 -135 125 -143 -143 113 143 -141 -143 -149 -137 145 -141 -135 -143 -143 -147 -143 -141 -139 -147 -143 -147 -141 -139 -145 -137 -139 -135 -135 -147 -143 -141 -145 -143 -145 -137 -143 -139 -149 -149 -143 -141 -139 -145
10
118 -93 73 -90 111 -68 -149 -121 -95 -72
70
145 147 141 147 135 145 137 143 145 141 141 -129 139 143 147 141 135 141 143 141 141 145 149 145 139 145 135 -130 141 -124 149 149 143 141 135 135 143 137 -119 141 135 147 143 149 147 139 -131 139 141 139 147 147 149 143 137 141 147 143 147 141 137 145 147 145 141 149 149 145 139 149
68
-20 146 44 118 136 108 -26 -108 -28 -134 68 -48 -76 36 30 -58 -150 42 -44 70 -86 -88 44 60 132 82 -16 -2 -6 20 -72 -102 26 68 8 -100 -8 -142 140 6 -82 -46 84 -62 -38 26 122 -54 124 100 -64 60 -26 -108 8 -24 64 60 90 -54 -78 -92 -72 132 10 118 -48 146
8
-107 89 148 73 29 9 -82 -133
68
-135 -139 -137 -147 -145 -147 -139 -149 -137 -149 -145 -141 -143 -139 -149 -139 -145 -137 -135 -147 -145 -139 -143 -141 -145 139 -143 -141 123 -139 -147 -145 -147 -141 -139 -145 -141 -145 -141 -149 -145 -139 -135 -135 -145 -147 -139 -141 -141 -141 105 -143 -137 -143 -145 -141 -139 -143 -137 -147 -141 -135 -139 -147 -145 -147 -137 -149
70
-135 -137 -143 -137 -147 -137 -145 -143 -137 -135 -137 -143 -149 -147 -141 -143 -141 -137 -145 -143 -147 -139 -149 -139 -137 -143 -141 -143 -149 -135 -137 -145 -139 -145 -135 -135 -145 -145 -139 -139 -147 -141 -137 -147 -135 -135 -145 -141 -141 -143 -141 -147 129 -141 -145 -139 -149 -135 -145 -143 -141 -149 -135 -149 -149 -139 -147 -141 -149 -147
69
147 137 139 149 139 139 147 141 139 149 135 135 147 141 137 139 147 147 145 143 143 147 135 139 143 145 135 135 135 141 137 -132 -141 137 137 135 -145 141 143 145 139 145 139 141 141 -129 139 -147 135 141 137 145 147 149 149 145 139 135 135 135 147 143 141 135 149 143 137 141 141
68
-150 112 -144 -146 -140 -136 -146 -148 -142 -136 -148 -142 -136 -142 -136 -140 -142 -144 -138 -138 -138 -144 -150 -144 -142 -144 -142 -148 -150 -146 -142 -140 -146 -144 -140 -140 -144 -140 -136 -150 -150 -136 -148 -136 -146 -146 -138 -140 -142 -138 -142 -142 -142 -142 -136 -140 -144 -144 -146 -150 -142 -146 -142 -136 -144 -140 -148 -142
62
-149 -145 -139 -149 -149 -137 -141 -141 -137 -141 -147 -139 -145 -147 -149 147 -135 -145 -135 -141 -139 -139 -145 -143 -141 -135 137 -137 -145 -149 -137 -149 -143 -147 -149 -143 -139 -141 -147 -145 -143 -135 -143 -145 -135 -137 -141 -143 -137 -141 -139 -143 -139 -145 111 -137 -149 -135 -145 -143 -147 -147
66
137 141 141 135 -119 141 139 137 145 143 143 137 137 139 147 139 139 141 -117 137 139 135 135 149 147 139 145 145 141 143 149 137 137 141 139 139 137 139 143 149 147 141 143 147 139 149 149 145 145 149 149 139 145 139 147 149 135 -133 141 -141 145 141 139 -147 141 145
70
-137 -147 -139 -141 -135 -139 -141 -143 -139 -147 -149 -141 -143 -147 -145 -147 -139 -145 -141 -135 -145 -141 -143 -143 -143 -147 -149 -139 -137 -139 -143 -145 -145 -137 -139 139 -143 -147 -145 -149 -147 -149 -137 -137 -137 -149 -141 -149 -135 -143 -135 -137 -135 -139 -135 -141 -137 -137 -143 -139 -145 -137 -147 -137 -135 -137 -141 -145 -141 -135
64
141 139 147 141 147 137 141 147 135 147 149 143 139 137 145 135 147 143 147 149 149 147 149 149 145 145 149 135 149 141 141 139 139 141 135 141 141 145 137 145 137 135 143 145 137 149 147 147 139 145 -111 137 147 139 145 137 141 149 137 141 145 141 135 143
62
-143 -149 -135 -135 -135 -147 -139 -145 -143 -137 -135 -137 -147 -147 -139 -135 -143 -141 -149 -145 -149 145 -141 -137 -147 -139 -139 -149 -149 -141 -145 -145 -137 -137 -143 -145 -149 -149 -137 -149 -149 -141 -139 -147 -147 -137 -149 -135 -139 -137 -149 -147 -143 -139 -145 -145 -135 -149 -139 -147 -143 -141
66
51 103 139 79 -103 -29 -1 -109 17 143 23 71 125 -93 -21 69 -59 -125 -89 -143 7 -7 23 109 -55 -73 -19 -17 7 -135 9 -75 73 -87 -51 -105 33 51 15 91 73 -129 39 67 117 -141 15 109 -135 -57 -45 -31 -111 9 -77 -93 -33 -95 15 35 111 127 127 -149 -9 145
65
-76 -66 136 84 -60 -122 -80 -124 114 58 64 88 14 66 56 -140 -74 76 18 -10 98 -104 -129 66 116 -22 -104 -118 43 -108 104 -20 58 110 -20 -54 85 -64 -93 -82 32 40 -146 116 -4 123 118 144 -42 78 -10 -48 61 -4 -68 86 86 20 40 -20 -40 -16 24 -114 -2
68
-113 -25 87 -23 125 21 -37 33 43 101 3 35 63 147 -103 85 -75 -111 -121 145 -21 39 -87 31 -109 31 -53 -121 55 45 129 -47 -111 117 -21 -101 123 73 -87 -57 -89 -59 47 23 -31 -119 -129 109 97 -55 -23 67 -33 -79 91 -31 63 137 -29 11 -9 31 -71 17 131 -25 -111 -123
64
149 143 143 141 135 149 135 147 139 145 139 145 137 141 139 149 147 137 139 147 147 145 149 141 141 147 139 137 141 139 135 143 145 -141 137 149 143 139 147 135 135 149 149 149 139 143 145 149 139 -117 139 147 143 135 141 135 147 137 137 -143 149 147 137 141
62
-137 -137 -143 -147 -147 -149 -135 -137 -147 -147 -149 -145 -147 -141 -147 -137 -145 -143 -141 -149 -145 -147 -147 -137 -147 -149 -135 -141 -149 105 -139 -139 -135 -145 -147 -149 -139 -139 -147 -141 -141 -141 -135 -147 -145 -149 -139 -147 -141 -141 -145 -141 -147 -149 -139 -137 -139 -137 -141 -141 -149 -141
62
-3 130 58 55 91 -105 81 -88 -34 38 -76 125 104 -134 9 -34 -96 30 44 111 -37 135 52 -82 39 -143 -45 -39 73 134 -3 -85 -35 -4 -26 13 68 -66 62 29 -57 104 9 67 80 37 93 -58 -38 -122 -139 150 24 112 51 66 130 -113 30 -93 -125 88
67
53 -43 81 57 11 -109 -79 -65 121 73 73 -92 123 111 131 -15 117 -13 135 -11 7 75 11 -133 -111 -65 -90 99 -89 41 77 -117 -55 61 -29 -119 33 61 -29 113 -67 -111 51 89 85 81 137 -113 -133 -85 37 -103 -5 49 99 75 -1 -85 33 -113 -133 -103 -23 -137 -9 -103 106
63
-73 82 72 136 -16 -123 120 -107 -110 -110 -108 45 150 45 -18 -79 -68 -60 -44 13 -140 144 10 147 -32 6 46 -2 76 -145 -47 -96 -38 114 -9 92 -36 71 55 93 -144 29 -32 -115 -114 108 -100 -100 0 -14 -36 -101 78 88 -128 -91 106 20 11 -48 -46 1 -92
70
-111 -1 39 21 135 23 -101 -77 65 -135 83 -89 27 125 55 123 -73 -65 147 31 37 105 -113 121 -141 -73 149 -43 -119 79 -15 135 73 -59 -55 -93 133 21 105 113 -127 59 45 1 113 -113 -81 85 -83 -63 -13 -37 115 61 37 -49 117 23 -23 65 37 -81 -139 -149 41 145 -55 127 -117 55
68
135 137 135 135 135 135 149 141 145 141 135 147 139 135 137 143 137 145 139 145 147 145 137 141 145 139 147 141 147 -127 137 147 145 139 143 -127 145 147 141 147 147 137 139 149 149 137 149 137 137 143 -109 145 145 -117 139 145 139 139 137 139 141 143 143 139 -129 143 141 141
64
-139 -141 -145 -139 -139 -143 -143 -137 -143 -145 -139 -135 -137 -149 -137 -139 -143 -141 -143 -139 -141 -135 -147 -145 -143 -147 107 -145 -143 -139 -145 -141 -141 -145 -139 -145 -139 -145 -145 -147 -141 -139 -145 -145 -135 -145 -135 -139 -139 -141 -143 -141 -135 -141 -147 -149 -135 -145 -137 -135 -139 -137 -137 -149
60
-91 -101 -25 55 -63 -125 105 65 71 -93 -133 -9 63 95 -113 7 47 -13 9 85 -51 -95 13 49 -5 25 -39 -41 -103 -71 -115 21 111 63 -1 -17 -55 3 107 137 51 -65 75 -25 -67 137 -117 79 149 -67 -9 91 -69 -57 -69 111 -87 -121 -139 59
4
6 116 -19 -147
62
141 149 139 137 149 -99 149 143 141 143 141 149 141 141 149 139 141 149 137 149 141 149 143 143 143 -115 137 137 139 143 143 145 137 147 139 135 149 141 147 -121 147 135 139 139 141 143 137 149 143 137 149 143 141 147 137 145 139 -141 145 -123 137 135
66
-135 -139 -137 -145 -147 -139 -135 -137 -147 -141 -135 -137 -147 -137 -137 -147 -139 -143 -143 -135 -137 -135 -139 -137 -145 -145 -135 117 -145 -135 -149 -139 -145 -147 -147 -143 -147 -137 -135 -147 -137 -141 -141 -139 -141 -137 -137 -141 -141 -145 -139 -141 -143 -143 -137 -139 -137 -147 -135 -147 -135 -145 -143 -137 -141 -147
65
-87 -1 -43 71 26 -11 -86 -22 148 -28 -70 -111 -57 79 51 -69 108 77 -28 -3 82 -72 102 147 -2 -43 115 -87 -112 110 -44 113 -58 -44 30 -103 135 -47 -28 -41 -84 93 66 49 111 96 113 -7 -150 -20 -80 30 103 -128 -102 136 -133 102 115 -19 19 137 8 90 132
69
-150 132 138 -96 124 -68 -120 -20 144 -66 -14 -142 60 -22 -58 -80 -12 -90 8 -52 -58 -68 66 104 -90 -8 -150 -112 -50 -32 -18 18 -56 -124 -122 -124 84 0 -88 136 66 -150 -34 44 28 -80 58 54 86 58 -12 -24 100 -60 142 -130 -122 -110 -116 144 26 46 110 -36 -72 70 -104 36 -36
70
-150 -150 -150 -150 -150 -150 -150 -150 -150 -150 -150 -150 -150 -150 -150 -150 -150 -150 -150 -150 -150 -150 -150 -150 -150 -150 -150 -150 -150 -150 -150 -150 -150 -150 -150 -150 -150 -150 -150 -150 -150 -150 -150 -150 -150 -150 -150 -150 -150 -150 -150 -150 -150 -150 -150 -150 -150 -150 -150 -150 -150 -150 -150 -150 -150 -150 -150 -150 -150 -150
2
-80 -80
69
150 150 150 150 150 150 150 150 150 150 150 150 150 150 150 150 150 150 150 150 150 150 150 150 150 150 150 150 150 150 150 150 150 150 150 150 150 150 150 150 150 150 150 150 150 150 150 150 150 150 150 150 150 150 150 150 150 150 150 150 150 150 150 150 150 150 150 150 150
70
141 147 143 143 139 147 143 145 145 139 145 -117 137 141 135 143 139 135 147 149 149 135 145 149 135 135 139 149 141 149 145 137 145 141 141 147 139 141 149 147 139 137 149 141 139 147 137 137 145 143 149 135 143 -143 141 147 143 137 145 137 -147 145 145 141 147 141 137 141 139 137
68
-141 -141 -145 -147 -143 -139 -135 -149 -137 -137 -137 -147 -139 -139 -139 -143 -147 -135 -141 -145 -143 -143 -135 -141 -141 -147 -145 -137 -139 -141 -147 -143 -147 -137 -147 -143 -135 -139 -147 -135 -135 -147 -137 -141 -143 -147 -145 -143 -143 -147 -139 -141 137 -137 -137 -137 -135 -137 -149 -139 -135 -145 -147 -143 -149 -149 -139 -137
62
21 95 -85 115 21 -59 -89 -133 43 -61 139 95 101 -139 -29 81 105 9 -73 61 81 -39 -43 89 -41 103 61 137 133 15 89 -37 23 51 27 89 127 -23 -63 131 -41 -117 51 -147 109 91 -5 -27 -9 -31 91 127 33 145 11 -33 85 45 -107 -47 87 -45
64
-147 -141 -147 143 -143 -149 -145 -141 113 -139 -147 -145 -137 -139 -145 -137 -143 -149 -147 -147 -135 -135 -139 -149 -137 -145 -145 143 -145 -137 -149 -147 -139 -137 -139 -139 -145 -149 -145 -147 -149 -147 -141 -137 -143 -141 -139 -147 -139 -149 -149 -139 -139 -143 -139 -141 -147 -141 -135 127 -149 -137 -147 139
61
61 -129 97 79 39 -113 -81 -25 -135 -127 -3 -25 -81 -23 -97 -129 149 3 149 47 -19 -97 13 87 -27 79 113 -55 -115 45 -65 5 119 -123 -113 87 11 -45 23 -67 -99 -101 -37 -99 -27 45 -117 -61 83 -137 -25 -125 71 -7 -21 5 -107 71 -53 123 107
69
-149 -149 -149 -149 -149 -149 -149 -149 -149 -149 -149 -149 -149 -149 -149 -149 -149 -149 -149 -149 -149 -149 -149 -149 -149 -149 -149 -149 -149 -149 -149 -149 -149 -149 -149 -149 -149 -149 -149 -149 -149 -149 -149 -149 -149 -149 -149 -149 -149 -149 -149 -149 -149 -149 -149 -149 -149 -149 -149 -149 -149 -149 -149 -149 -149 -149 -149 -149 -149
70
-21 125 -123 37 99 -145 -95 -27 143 -79 55 87 19 53 -25 -113 -89 1 -59 -39 47 -15 -41 31 55 -83 65 -31 -23 -127 75 -7 -87 61 45 29 -81 -83 143 -15 79 131 125 -95 -103 -33 -37 7 105 -75 -51 145 -57 -41 15 -49 -139 11 -19 21 -129 3 55 127 -9 -25 113 35 65 1
2
39 39
2
-81 -79
68
-143 -147 -147 -143 -141 -149 135 -147 -149 -145 -139 -135 -143 -137 -137 -141 -137 -147 -141 -137 -145 -145 -143 -145 -145 117 -147 -147 -143 -139 -139 -143 -137 -149 -141 -141 -139 -141 -139 -141 95 -145 -137 -143 -137 131 -147 -135 -137 -147 -139 -135 -143 -143 -149 -135 -143 -137 -137 -149 -141 -139 -143 131 -141 -143 -141 -137
63
74 -141 149 -134 36 99 8 25 29 -108 38 14 -143 121 -11 101 -34 -5 100 123 -72 134 149 2 -23 -130 68 9 -92 -66 74 -12 -49 40 -48 -84 -100 130 -5 19 99 -86 49 116 -142 -38 20 12 122 -94 75 -94 -12 50 120 -130 130 -63 -52 80 -91 -66 -14
70
137 141 147 147 149 137 149 137 147 145 147 149 141 145 149 143 141 135 141 139 139 143 143 147 -107 143 145 147 149 141 137 145 143 135 141 145 141 143 139 139 147 -125 139 147 -121 141 137 139 135 141 137 141 141 145 -127 139 147 145 143 137 143 -109 141 143 135 147 145 139 135 139
70
-148 -146 -140 -146 -140 -148 -150 -144 -138 -146 -144 -150 -136 -144 -142 -146 -146 -146 -142 -150 -142 -146 -148 -138 -148 -146 -148 -144 -144 -148 -150 -148 -150 -138 -150 -144 -144 -142 -136 -146 -150 -144 -144 -150 -142 -146 -136 -136 -148 -136 -148 -148 -148 -148 -144 -144 -136 -144 -148 -144 124 -138 -136 -148 -140 -146 -136 -142 -140 -146
69
-134 149 145 139 -141 137 141 137 135 139 135 143 139 147 141 143 135 147 135 139 141 147 139 141 141 135 147 147 139 145 135 141 144 141 -145 149 137 137 149 139 147 141 145 141 -143 147 149 141 143 -114 140 147 145 141 137 137 137 139 147 139 145 145 147 141 142 143 139 147 137
66
145 147 139 143 147 135 139 145 143 143 147 139 143 139 147 147 149 137 141 143 137 141 135 147 139 135 145 143 147 141 141 147 143 141 147 -127 135 137 145 147 135 141 135 145 141 137 139 135 -99 137 149 147 141 149 -117 145 139 137 141 141 143 149 139 139 147 143
6
139 4 57 50 -117 -123
66
147 145 135 139 143 147 141 139 -135 139 137 147 147 141 145 149 137 145 147 143 143 137 137 143 149 147 147 149 135 141 135 145 135 -117 141 143 143 149 139 141 149 137 143 141 141 -143 139 135 147 135 137 143 139 137 145 137 143 145 137 143 147 145 135 145 135 141
7
13 -111 -117 -115 -115 49 -56
68
142 140 140 140 138 150 144 140 140 148 -148 146 150 138 136 142 146 150 136 140 142 136 138 142 146 -74 136 138 136 148 148 144 142 148 146 144 142 142 146 142 138 142 142 138 138 138 136 150 142 142 140 142 142 -148 140 144 146 140 146 142 142 150 146 138 146 142 136 138
64
-141 -143 129 -149 -145 -137 -145 -145 -141 -139 -141 -145 -143 -141 -145 -135 -137 -149 -149 -143 -145 -141 -149 -149 -139 -147 -137 -145 -145 -143 -135 -135 -141 -143 -137 -139 -143 -147 -147 -135 -149 -143 -145 -143 -149 -137 145 -147 123 -143 -143 -147 -147 -149 -137 -145 -147 -137 -139 -137 -139 -149 -137 -149
66
135 141 144 139 140 150 150 148 135 -144 147 141 136 145 142 149 149 140 139 136 137 135 137 -127 149 135 139 149 144 -126 149 -135 148 147 139 147 147 137 139 138 143 138 140 140 147 146 145 135 137 137 139 138 139 149 -141 141 143 139 139 135 141 147 141 139 139 140
70
-137 -135 -145 -137 -139 -149 -139 -143 -141 -141 -141 -137 -143 -143 -149 -143 -137 -135 -147 -147 -145 -149 -137 -143 -137 124 89 -141 -141 -141 -135 -145 -137 -147 -141 -149 -141 -147 -145 -143 -143 -139 -149 -145 -145 -139 -149 -145 136 -139 -145 -149 -141 -135 -147 128 -139 -147 -149 -139 -139 -145 140 -137 -147 -147 -139 -135 -135 -137
68
25 -83 37 61 133 61 -115 -33 -111 121 -97 -71 117 -23 17 -41 3 -119 -55 1 -5 -57 137 -73 -145 99 -79 -7 93 -71 11 -93 -77 -77 57 -9 -123 -95 147 -87 37 -33 -65 -91 29 -37 77 69 -47 17 5 91 -85 75 51 -69 -87 109 115 65 -37 -75 -107 57 -111 127 -39 -143
70
143 143 137 143 145 139 143 147 141 139 147 137 145 147 141 142 147 140 137 142 137 149 149 138 -145 149 135 139 147 141 148 147 139 136 135 145 145 149 140 137 149 135 135 144 143 148 137 142 148 148 147 143 149 141 147 137 143 139 146 147 147 135 144 143 149 147 149 139 147 141
67
80 -24 -108 -80 56 88 -56 -10 -84 -110 -72 -106 -112 28 122 128 -140 68 -96 -150 84 34 146 30 -52 -84 122 118 -56 82 -60 38 -28 -24 136 28 90 130 -46 18 82 -36 116 78 -60 136 86 -150 -32 72 -120 -128 -8 -88 -58 88 -76 -32 84 60 -74 12 14 -74 126 112 -98
69
74 -124 -63 -128 -112 35 76 58 -2 -132 -69 -133 56 36 68 -110 141 122 -79 -127 -13 22 11 97 47 -96 -131 77 -1 70 -51 74 7 -9 141 136 91 44 -92 -90 -10 -17 14 40 -25 20 -97 -150 89 54 -18 -116 64 -2 31 -80 9 -84 143 90 -39 40 0 80 136 76 137 -12 -66
68
137 137 135 147 145 145 147 149 139 147 141 141 141 147 -123 135 145 143 141 143 135 147 141 143 143 147 -121 143 145 139 143 143 135 -137 135 145 141 143 137 139 139 145 149 145 141 145 141 139 149 147 141 147 145 145 139 137 147 143 135 139 145 145 141 139 143 143 141 141
70
-83 -135 135 121 7 -77 39 -73 -29 147 -113 -143 55 1 119 77 143 -147 -95 -147 -131 89 -107 -141 -35 -79 61 -23 -45 -23 59 -95 -95 109 119 -97 43 71 -63 -25 -91 -137 51 -29 85 47 -109 -49 59 49 -143 33 -15 83 63 57 53 -13 79 -85 111 95 7 37 29 -85 59 -107 -51 117
64
-61 -119 27 145 115 45 -69 -95 -109 139 25 -109 73 -85 53 -29 -19 55 -107 -111 -43 75 -95 -89 7 -23 -37 105 -57 -59 79 41 131 45 -89 87 81 117 -139 -17 77 105 -49 127 123 35 85 -23 39 -135 3 -125 -91 -121 -119 33 83 75 -87 131 35 127 -75 -129
65
147 29 127 -113 5 87 59 -11 -51 -37 121 33 -79 7 -21 131 -77 17 121 -127 -139 45 89 -103 -31 43 -37 19 141 35 -79 1 -143 -87 -9 87 -71 -69 -145 137 49 41 -13 -121 -125 45 -37 -87 3 143 65 141 123 51 61 -1 -29 83 121 63 -27 -15 -43 131 125
70
149 149 149 149 149 149 149 149 149 149 149 149 149 149 149 149 149 149 149 149 149 149 149 149 149 149 149 149 149 149 149 149 149 149 149 149 149 149 149 149 149 149 149 149 149 149 149 149 149 149 149 149 149 149 149 149 149 149 149 149 149 149 149 149 149 149 149 149 149 149
62
-117 135 147 149 145 147 143 149 145 149 145 149 149 139 143 145 139 143 145 141 149 141 141 145 147 143 141 147 149 149 147 139 139 139 -149 147 141 137 137 147 147 145 139 147 139 141 137 135 147 135 137 149 149 147 143 -119 139 137 137 145 139 141
70
9 -143 -7 61 25 -101 -69 83 37 -78 45 13 -75 119 -17 -29 9 95 -111 -37 33 96 13 111 31 -85 -93 -117 -111 -127 13 -23 -71 -137 -93 21 87 97 25 33 63 37 -119 33 36 45 7 115 23 127 83 107 35 137 -7 13 -91 -21 5 -7 -125 9 -59 -107 19 -149 129 -99 -131 -28
68
-135 -135 -141 -141 -143 -137 -139 -145 -135 -149 -149 -147 -137 -149 -139 -143 -139 -137 -145 -135 -139 -145 -149 -141 -137 -145 -149 -145 -135 -137 127 -139 -143 -137 -139 -139 -143 -141 -147 -137 -143 -137 -145 -145 -147 -145 -145 -135 -149 -143 -149 -135 -137 -147 -141 -147 -137 -135 -145 -141 -145 -145 -143 -149 -145 -141 -137 -139
5
147 3 91 59 148
70
-101 35 -113 33 -81 -39 31 149 103 -31 35 51 -17 -109 41 -75 79 145 -41 -131 147 -97 -121 -71 -87 -95 -27 11 -71 -15 25 85 137 -65 -57 121 -69 -149 -49 -93 -99 109 -63 41 -87 25 93 -25 -71 -35 -93 31 -131 -43 -107 -21 -53 -95 105 45 9 -109 -149 -21 -21 13 49 33 -5 77
70
149 -139 143 143 137 141 143 137 147 145 137 143 147 137 147 -135 139 147 143 141 145 141 137 141 139 137 145 139 135 141 135 137 139 149 135 135 137 141 145 -149 141 147 135 149 147 135 147 143 141 139 141 149 149 135 143 141 149 137 141 137 137 135 149 135 143 141 137 141 137 141
66
137 -141 -143 -143 -135 -135 -137 -145 -149 -143 -141 -149 -137 -141 -147 -147 -149 -147 -141 -147 -149 -139 -141 -137 135 -139 -135 -143 -147 -135 -149 -139 -137 145 -147 -135 -149 -143 -135 -139 -139 139 -147 -139 -141 -137 -141 -143 -145 -141 -145 -145 -141 -149 -145 -139 -143 -135 109 -147 -147 -137 -141 -147 -141 -149
66
-149 -149 -139 -139 -149 -149 -149 -149 -137 -147 -141 -143 -147 -137 -149 -145 -149 -147 -147 -141 -139 -141 -139 -137 -135 -135 -149 -149 -141 -141 -137 -147 -139 141 -141 -135 -143 -149 -147 -141 -135 -139 -147 -135 -149 -143 -141 -139 -149 -143 -139 -135 -137 -137 -141 -145 -143 -149 -149 -141 -147 -139 -147 -149 -139 -139
60
111 25 -59 -55 41 -133 19 -37 45 -31 75 87 97 -133 -77 -11 141 65 117 57 111 107 85 145 25 87 -99 -59 -63 -135 57 -21 -47 -129 63 -35 -133 -25 -3 93 -131 71 149 21 75 29 103 63 -83 -115 -25 29 -73 1 93 -87 73 109 -71 61
68
-75 -67 129 115 59 121 -111 -115 -123 117 79 25 139 -61 79 -21 -1 77 -11 -3 145 -51 -149 -51 -59 147 3 9 75 -69 113 21 21 -25 -27 -35 -3 21 7 -55 -53 -115 -111 -23 -81 65 31 57 37 67 -103 -115 -143 67 139 55 -9 31 -117 51 115 39 -51 -113 77 145 43 -31
68
87 41 93 15 129 45 -73 -103 91 -51 77 -31 93 -131 -91 45 -13 -135 107 143 67 -67 -23 -81 -85 -57 149 -53 -5 55 63 99 -49 -7 -37 31 97 -97 -111 129 91 93 5 -53 143 55 39 85 83 -101 -139 -35 -131 99 -87 -149 19 -141 85 -79 -77 121 61 -15 -67 -147 -111 -95
65
69 7 -55 -69 -9 -113 -33 -57 127 -83 -113 101 -95 85 99 129 145 -137 131 -113 111 31 87 -58 -91 101 79 -137 -87 77 137 -27 -9 -128 -133 117 -99 115 75 -125 -147 63 -67 49 19 29 -67 -71 133 -11 -5 -119 46 -7 -29 -11 99 -11 -79 -75 53 23 -105 26 -148
68
-9 -80 -4 -6 54 -36 -44 137 -21 89 69 56 -116 -140 -80 -3 -10 139 76 60 -13 -106 -134 50 -74 -2 20 -74 22 137 26 -33 -150 -84 143 21 -31 46 81 -66 -29 -50 -113 -81 87 92 26 34 -84 128 -110 4 86 8 39 114 126 -46 -74 134 87 -59 32 2 43 37 95 -19
62
73 9 91 61 -147 -119 -15 -1 -105 -21 -25 73 -15 99 -75 -57 -17 97 51 -51 -97 23 -37 137 75 131 113 -131 93 15 -135 -29 -53 85 147 -65 129 13 -75 53 141 -139 5 -129 -107 75 15 -37 -87 -43 113 -45 141 -33 -87 11 -127 15 95 55 115 -51
70
-137 137 -109 141 139 141 143 141 141 137 143 -107 143 147 143 147 147 143 -129 139 137 141 135 141 145 149 147 143 135 139 135 139 139 141 149 141 141 143 137 143 141 141 141 135 141 143 141 135 141 143 137 141 147 139 145 137 145 139 143 147 147 143 143 143 141 145 139 135 -99 141
64
141 137 145 145 137 139 143 141 143 141 149 137 135 137 143 -139 147 149 137 -145 149 137 143 149 141 143 149 137 147 137 -129 -121 -147 139 147 135 149 135 135 143 137 137 149 143 137 137 139 147 141 143 141 141 143 147 141 137 135 141 135 139 145 145 145 135
64
39 143 -139 149 -141 -1 -55 -13 103 75 -39 25 -1 -31 111 -105 1 19 -23 85 145 19 7 119 -147 87 53 33 -65 -27 -113 69 -129 129 141 87 51 -5 5 -127 127 -143 11 -53 77 11 -5 -77 35 -77 -107 105 149 77 75 17 41 -95 109 -55 -79 -23 -29 -133
9
-110 73 26 120 135 2 -116 10 56
66
43 89 -39 69 -125 -57 39 -123 43 -91 -35 23 57 -7 -23 -133 -21 73 19 61 111 109 -1 -33 -15 110 -13 145 -35 5 115 -103 -95 -87 -73 -79 -43 -21 67 41 -91 -101 105 -101 -97 -49 1 -95 123 -119 -37 97 9 115 129 -51 -25 75 -105 87 -106 11 41 -31 -147 129
61
-55 -101 -55 145 -75 -103 75 89 -21 -121 -149 -31 -69 127 -57 39 -15 57 135 63 115 -81 13 -129 -53 -9 47 -127 -147 -53 29 -117 -123 125 -61 -21 23 43 89 -39 39 51 73 -1 13 65 25 37 -141 -69 89 35 -137 -85 -79 79 31 -8 99 105 51
60
19 -145 -135 -57 -105 15 21 91 -69 31 47 -141 -85 -69 117 -109 -67 -35 17 -129 -81 -15 -141 9 -21 -71 -89 -9 59 15 131 -11 5 39 59 -43 -147 67 137 59 -137 115 139 39 -115 127 41 13 7 31 71 127 -91 -79 39 79 -33 -145 -111 -45
60
125 -35 -97 -43 -69 -101 -131 145 -69 -105 -141 -37 119 41 141 -53 75 107 -131 -9 -111 -149 -67 13 -135 43 -45 -15 -127 125 9 71 -111 141 -29 73 -85 65 109 95 -139 49 5 -65 -111 -93 55 -47 121 -31 -43 145 85 -147 51 -83 -19 141 31 39
70
-148 -148 -138 -136 -148 -148 -150 -138 -142 -146 -140 -136 -150 -136 -142 -136 -142 -142 -144 -148 -140 -138 -140 -140 -138 -148 -150 -142 -144 -148 -140 -148 -150 -142 -144 -142 -138 -136 -144 -138 -144 -140 -140 128 -148 -146 -144 -150 -140 -146 -142 -146 -144 -138 150 150 -144 -140 -146 -146 -148 -142 -142 -142 -140 -142 -136 -148 -136 -144
1
-51
66
-47 -111 85 19 115 -3 -69 117 13 -27 -79 25 119 127 -147 -23 -73 -53 47 -97 72 75 125 79 127 -121 32 -24 111 -71 -85 77 87 129 99 107 53 -92 22 103 41 -93 129 -67 45 -139 -133 -115 -49 59 17 53 -125 19 -57 -137 -20 111 27 95 -61 57 51 51 45 -93
70
-139 135 -115 -25 -55 -39 71 -9 143 -83 81 -83 -29 47 -51 125 75 43 111 -103 -17 -59 115 -113 -51 -83 143 89 -91 5 -37 69 -117 79 -81 -3 107 -99 -87 49 -87 85 81 -137 -33 59 -47 -103 -43 33 -105 -71 -35 67 43 95 -61 -25 -37 -81 111 -115 131 -97 -73 143 -135 27 -137 -127
65
149 -84 53 -41 -37 -41 41 25 35 -137 -139 -109 -49 -96 -80 -99 103 44 -81 -63 99 114 -131 -27 -73 31 112 -45 89 0 -73 33 -107 91 -141 -54 86 73 -69 -36 -103 47 45 -11 123 -59 107 139 141 -51 -126 125 114 43 -42 -93 103 -27 -27 100 17 -35 -32 -51 -7
69
137 121 -139 -141 -139 -135 -135 -139 130 -143 -137 -139 -147 -147 -141 -141 -139 -147 -143 -149 -143 -137 -141 -149 -139 -141 -135 -139 -139 -139 -137 -141 -135 -145 -135 -137 -141 128 -137 -139 -143 -145 -143 -137 -139 -149 -137 -145 -141 -141 -141 -143 -141 -135 -135 -147 -147 -135 -135 -143 -149 -143 -147 -135 114 -141 -137 -145 -137
1
86
68
148 140 140 137 148 138 143 141 135 135 -76 141 138 146 150 -133 142 145 142 142 141 136 150 135 140 142 140 150 146 144 140 149 138 141 136 138 141 148 148 136 140 139 142 138 140 142 140 140 140 139 148 -130 140 136 136 144 150 146 143 146 145 140 144 140 139 144 140 142
0
