Yes
1 -3 6
6 1 -3
Yes
2 4 4
2 4 4
No
Yes
3 -1 4 -1 5 -9
-9 -1 -1 3 4 5
Yes
-50
-50
No
No
Yes
137 0 127 123 111 357 345 341 335 8 331 327 315 18 27 24 -222 -210 19 -200 -198 -192 5 -188 -180 -1 -172 -13 120 130 140 150 -19 -23 -31 158 164 251 237 166 233 -112 225 -102 477 -94 -90 -336 471 -332 -322 179 177 -36 -32 -28 173 -20 163 157 149 -8
8 137 18 24 -222 -210 -200 -198 -192 127 -188 -180 -172 123 120 111 357 345 130 341 335 331 140 327 315 150 27 158 19 5 -1 -13 164 166 -112 -19 -23 -102 -94 -31 -90 251 -336 237 -332 233 225 477 -322 471 179 -36 -32 177 173 163 -28 157 -20 -8 0 149
Yes
5 53 189 19 -91 -81 59 301 155 -17 57 73 -131 -279 -225 -3 -55 -117 -115 -99 -135 -227 -211 -301 -221 0 -103 -155 -25 113 7 96 75 43 -84 77 -25 -112 -54 126 44 -204 -246 -32 -10 -104 -18 234 140 82 110 196 30 36 148 168 94 290 168 120 250 140 -94 -154 -124 18 -148 -6
96 -84 -112 -54 126 44 -204 -246 -32 -10 -104 -18 234 140 82 110 196 30 36 148 168 94 290 168 120 5 250 140 -94 -154 -124 53 18 -148 189 -6 0 19 -91 -81 59 301 155 -17 57 73 -131 -279 -225 -3 -55 -117 -115 -99 -135 -227 -211 -301 -221 -103 -155 -25 113 7 75 43 77 -25
Yes
89 -232 89 -230 87 -226 87 -228 83 -222 81 -228 85 -232 91 -236 89 -228 353 -488 339 -482 339 -484 349 -484 337 -205 68 -205 56 -193 52 -193 44 -179 42 -181 44 -187 46 -189 54 -195 60 81 -230 91 -230 95 -230 93 -228 363 -232 91 -232 93 -236 91 -234 93 -232 85 -230 91 -238 101 -238
-232 89 -230 87 -226 87 -228 83 -222 81 -228 85 -232 91 -236 89 -228 353 -488 339 -482 339 -484 349 -484 337 -205 68 -205 56 -193 52 -193 44 -179 42 -181 44 -187 46 -189 54 -195 60 81 -230 91 -230 95 -230 93 -228 363 -232 91 -232 93 -236 91 -234 93 -232 85 -230 91 -238 101 -238 89
Yes
-171 312 -171 60 87 -64 62 85 59 78 64 79 69 70 69 75 74 72 67 70 69 71 78 65 84 53 93 56 88 59 -179 324 -175 324 -175 311 -168 312 -167 311 -175 324 -178 321 -174 311 -171 314 -177 318 -179 328 -193 334 -185 320 -178 326 -185 329 -182 325 -183 322 -181 320 -180 318
312 -171 60 87 62 -64 85 59 78 64 79 69 70 69 75 74 72 67 70 69 71 78 65 84 53 93 56 88 59 -179 324 -175 324 -175 311 -168 312 -167 311 -175 324 -178 321 -174 311 -171 314 -177 318 -179 328 -193 334 -185 320 -178 326 -185 329 -182 325 -183 322 -181 320 -180 318 -171
Yes
65 -59 147 287 233 423 329 433 349 175 19 -249 -275 -311 -213 -43 -57 -77 89 13 77 49 111 215 131 117 207 285 91 269 335 163 0 133 -99 -76 -74 -280 -230 -356 -462 -328 -490 -318 -126 130 194 292 306 188 -2 154 16 -152 56 46 -96 -250 -178 -4 -180 -262 -158 -208 -338 -262 -118 10
-76 -74 -280 -230 -356 -462 -328 -490 -318 -126 130 194 292 306 188 -2 154 16 -152 56 46 -96 -250 -178 -4 -180 -262 -158 -208 -338 -262 -118 65 10 0 -59 147 287 233 423 329 433 349 175 19 -249 -275 -311 -213 -43 -57 -77 89 13 77 49 111 215 131 117 207 285 91 269 335 163 133 -99
No
Yes
56 -179 212 -299 184 -73 168 -73 92 -121 62 -155 180 -307 368 -245 176 -33 19 -144 251 -114 225 -142 11 -70 57 -96 211 -136 19 114 -53 12 35 108 -243 384 -477 388 -363 300 -201 332 -375 300 -359 358 -261 212 -287 198 -145 26 -159 124 -123 108 -103 76 -57 90 -189 62 59
-179 212 -299 184 -73 168 -73 92 -121 62 -155 180 -307 368 -245 176 -33 19 -144 251 -114 225 -142 11 -70 57 -96 211 -136 19 114 -53 12 35 108 -243 384 -477 388 -363 300 -201 332 -375 300 -359 358 -261 212 -287 198 -145 26 -159 124 -123 108 -103 76 -57 90 -189 62 59 56
Yes
-149 -149 -149 -149 -149 -149 -149 -149 -149 -149 -149 -149 -149 -149 -149 -149 -149 -149 -149 -149 -149 -149 -149 -149 -149 -149 -149 -149 -149 -149 -149 -149 -149 -149 -149 0 0 0 0 0 0 0 0 0 0 0 0 0 0 0 0 0 0 0 0 0 0 0 0 0 0 0 0 0 0 0 0 0 0 0
0 0 0 0 0 0 0 0 0 0 0 0 0 0 0 0 0 0 0 0 0 0 0 0 0 0 0 0 0 0 0 0 0 0 0 -149 -149 -149 -149 -149 -149 -149 -149 -149 -149 -149 -149 -149 -149 -149 -149 -149 -149 -149 -149 -149 -149 -149 -149 -149 -149 -149 -149 -149 -149 -149 -149 -149 -149 -149
Yes
-66 203 -66 203 -62 203 -68 213 -74 215 -68 207 -64 201 -64 -55 204 -65 75 200 -57 198 -49 190 -309 452 -311 456 -315 462 -321 456 -319 184 -41 180 -43 190 -41 186 -47 196 -61 196 -53 188 -45 192 -45 192 -49 196 -55 192 -318 461 -312 447 -310 453 -310 185 -44 191 -48 195 -54 193 -56 205
203 -66 203 -62 203 -68 213 -74 215 -68 207 -64 201 -64 -55 204 -65 200 75 -57 198 -49 190 -309 452 -311 456 -315 462 -321 456 -319 184 -41 180 -43 190 -41 186 -47 196 -61 196 -53 188 -45 192 -45 192 -49 196 -55 192 -318 461 -312 447 -310 453 -310 185 -44 191 -48 195 -54 193 -56 205 -66
Yes
-3 233 0 391 191 91 335 291 125 131 5 -201 -289 -317 -459 -249 -417 -187 -367 -195 -111 -17 -115 -17 183 41 -100 -125 93 -99 -39 91 29 175 95 -252 101 -258 -98 -228 -236 -152 -262 -22 106 264 194 334 344 296 324 294 344 244 -4 134 42 -42 -48 -16 -8 22 -42 -100 -42 -162 -134 -30
-100 -252 -3 -258 -98 -228 -236 -152 -262 -22 106 264 194 334 344 296 324 294 344 244 -4 134 42 -42 -48 -16 233 -8 22 -42 -100 -42 -162 -134 -30 391 0 191 91 335 291 125 131 5 -201 -289 -317 -459 -249 -417 -187 -367 -195 -111 -17 -115 -17 183 41 -125 93 -99 -39 91 29 175 95 101
Yes
-24 447 -415 509 -549 615 -701 585 -435 335 -319 403 -447 585 -451 380 -392 250 -350 329 -241 219 -313 289 -329 267 -149 109 -157 53 -171 135 9 -105 145 -153 291 -251 290 -324 256 -198 192 -130 90 6 -90 -49 131 -125 113 -133 97 -126 218 -155 31 -167 227 -341 343 -399 387 -518 428 -575
-24 -415 509 -549 615 -701 585 -435 335 -319 403 -447 585 -451 380 -392 250 -350 329 -241 219 -313 289 -329 267 -149 109 -157 53 -171 135 9 -105 145 -153 291 -251 290 -324 256 -198 192 -130 90 6 -90 -49 131 -125 113 -133 97 -126 218 -155 31 -167 227 -341 343 -399 387 -518 428 -575 447
Yes
-47 -263 -419 -561 -573 -389 -505 -541 -561 -477 -529 -409 -357 0 -337 -213 -187 -157 -241 134 -215 -79 -97 55 201 25 307 223 243 229 390 273 133 468 558 496 372 406 454 432 618 460 412 440 196 306 202 250 236 104 224 -30 -150 -126 -170 -316 -334 -180 -126 -172
134 390 468 558 496 372 406 454 432 618 460 412 440 -47 196 306 202 250 236 -263 104 224 -30 -150 -126 -170 -316 -334 -180 -126 -419 -172 0 -561 -573 -389 -505 -541 -561 -477 -529 -409 -357 -337 -213 -187 -157 -241 -215 -79 -97 55 201 25 307 223 243 229 273 133
Yes
-13 -124 215 37 -90 183 -271 248 -270 159
-124 215 -90 37 183 -271 248 -270 159 -13
No
Yes
43 0
0 43
Yes
119 0 253 283 451 387 625 759 -140 -140 669 745 885 773 795 671 711 761 835 743 787 757 779 709 737 827 611 501 447 599 407 311 189 85 33 155 43 -430 -522 -520 -700 -744 -714 -884 -782 -818 -776 -818 -702 -820 -720 -808 -718 -804 -708 -734 -864 -740 -578 -464 -510 -490 -378 -212 -210 -106 -18 -80
-140 119 -140 -430 -522 -520 -700 -744 253 283 -714 -884 -782 -818 -776 -818 -702 -820 -720 -808 -718 -804 -708 -734 -864 -740 -578 -464 -510 -490 -378 -212 -210 -106 -18 -80 0 451 387 625 759 669 745 885 773 795 671 711 761 835 743 787 757 779 709 737 827 611 501 447 599 407 311 189 85 33 155 43
Yes
75 75 75 75 75 75 75 75 75 75 75 75 75 75 75 75 75 75 75 75 75 75 75 75 75 75 75 75 75 75 75 75 75 75 75 75 75 75 75 75 75 75 75 75 75 75 75 75 75 75 75 75 75 75 75 75 75 75 75 75 75 75 75 75 75 75 75 75 75
75 75 75 75 75 75 75 75 75 75 75 75 75 75 75 75 75 75 75 75 75 75 75 75 75 75 75 75 75 75 75 75 75 75 75 75 75 75 75 75 75 75 75 75 75 75 75 75 75 75 75 75 75 75 75 75 75 75 75 75 75 75 75 75 75 75 75 75 75
Yes
-147 -147 -277 -489 -419 -469 -373 -175 -183 45 205 211 157 67 125 249 485 537 307 465 573 381 531 645 849 765 671 707 665 0 541 405 161 198 -17 -87 170 346 554 442 332 286 64 78 -94 -132 -280 -164 -84 -176 -398 -540 -408 -378 -476 -424 -400 -644 -732 -700 -738 -760 -652 -644 -458 -286 -42 -18
198 170 346 554 442 332 286 64 78 -94 -132 -280 -164 -84 -176 -398 -540 -408 -378 -476 -424 -400 -644 -732 -700 -738 -760 -652 -644 -147 -458 -286 -42 -147 -18 0 -277 -489 -419 -469 -373 -175 -183 45 205 211 157 67 125 249 485 537 307 465 573 381 531 645 849 765 671 707 665 541 405 161 -17 -87
Yes
143 325 471 475 385 0 341 281 339 443 419 403 185 147 -3 11 -163 -81 5 143 -180 -21 45 -73 -95 -155 -77 -53 -75 -326 -9 -49 -139 -133 -179 41 -97 65 -570 -508 -476 -308 -426 -382 -502 -332 -254 -136 -34 26 48 38 18 -52 -120 -14 -44 128 164 102 70 76 6 112 160 138 138 44 90 -2
-180 -326 -570 -508 -476 143 -308 -426 -382 -502 -332 -254 -136 -34 26 48 38 18 -52 -120 325 -14 -44 128 164 102 70 76 6 471 112 160 138 138 44 90 -2 0 475 385 341 281 339 443 419 403 185 147 -3 11 -163 -81 5 143 -21 45 -73 -95 -155 -77 -53 -75 -9 -49 -139 -133 -179 41 -97 65
Yes
-21 -139 33 279 235 231 233 35 -5 -3 -59 -41 -105 -75 85 29 97 141 141 89 3 -73 101 57 65 0 115 -93 43 -1 221 385 211 105 4 77 113 -4 -182 -164 -358 -342 -112 -140 -138 -14 110 132 128 -18 -174 -12 8 -30 -64 34 48 -30 36 -6 -158 -10 40 64 -114 -260 -322 -246 -112 -156
4 -4 -182 -164 -358 -342 -112 -140 -138 -14 110 132 128 -18 -174 -12 8 -30 -64 34 48 -30 36 -6 -158 -21 -10 40 64 -114 -260 -322 -246 -112 -139 -156 0 33 279 235 231 233 35 -5 -3 -59 -41 -105 -75 85 29 97 141 141 89 3 -73 101 57 65 115 -93 43 -1 221 385 211 105 77 113
Yes
25 -93 69 -3 0 89 35 139 85 -103 41 15 87 7 7 -95 -7 87 245 371 287 381 419 361 393 363 363 120 289 209 93 47 -55 187 107 80 -42 -16 -8 -180 -228 58 -16 -10 -46 -22 134 86 12 -14 -150 -326 -286 -364 -494 -502 -312 -462 -276 -274 -214 -158 -94 58 -68 -84
120 80 -42 -16 25 -8 -180 -228 58 -16 -10 -46 -22 134 86 12 -14 -150 -326 -286 -364 -494 -502 -312 -462 -276 -274 -93 -214 -158 -94 58 -68 -84 0 69 -3 89 35 139 85 -103 41 15 87 7 7 -95 -7 87 245 371 287 381 419 361 393 363 363 289 209 93 47 -55 187 107
Yes
-141 0 -137 -4 -10 -125 -22 -117 -111 -28 -103 -91 185 191 203 -36 -46 211 213 219 229 -52 -332 -338 237 -350 -354 247 253 265 -356 273 277 285 289 -366 297 -376 303 -382 -390 315 -402 325 333 341 -410 -418 -426 349 -428 -438 359 -444 -450 -462 -468 -482 -484 365 371 105 -145 -494 -502 -512 -246 8
-4 -141 -10 -137 -125 -22 -117 -28 -36 -111 -46 -52 -332 -338 -350 -103 -91 -354 -356 -366 -376 185 191 203 -382 211 213 -390 -402 -410 219 -418 -426 -428 -438 229 -444 237 -450 247 253 -462 265 -468 -482 -484 273 277 285 -494 289 297 -502 303 315 325 333 341 349 -512 -246 8 0 359 365 371 105 -145
Yes
-141 0 -135 -4 -14 -24 -28 -121 -115 -109 -40 -95 -54 -60 -64 -68 -74 -87 -78 -81 -75 -86 -71 -96 -106 -112 -65 -120 -57 -122 -53 -41 -33 158 -25 150 -21 148 -19 136 -295 -291 132 -283 -275 -267 -261 -253 -247 -239 -227 -223 120 118 106 104 -209 92 -441 84 74 -149 300 296
-4 -141 -14 -135 -121 -115 -109 -24 -28 -40 -95 -54 -87 -81 -75 -71 -65 -60 -57 -64 -68 -53 -74 -41 -33 -25 -78 -21 -86 -19 -96 -106 -112 -295 -120 -291 -122 -283 158 -275 150 148 -267 136 132 120 118 106 104 92 84 74 -261 -253 -247 -239 300 -227 296 -223 -209 0 -441 -149
No
Yes
39 23 24 -173 178 -220 135 -154
39 24 -173 178 -220 135 -154 23
Yes
-141 0 -129 -127 -8 -119 -14 -111 -103 -91 -89 -18 -85 -77 -67 -59 -30 -45 -37 -33 -23 -17 -38 -44 -52 -56 -58 -9 -68 -80 -1 -90 -102 -271 -267 -261 -108 -112 -247 -239 -124 -233 -130 -134 -227 136 126 -219 122 -207 -195 -185 112 -177 -165 100 -157 96 88 80 72 60 50 40 28 -145 -143 16 8 2
-8 -141 -14 -18 -129 -30 -127 -38 -44 -52 -56 -119 -58 -68 -80 -90 -111 -102 -108 -112 -124 -130 -103 -91 -89 -85 -77 -134 -67 -59 136 -45 -37 126 122 112 -33 -23 100 96 -17 88 -9 -1 80 -271 -267 72 -261 60 50 40 -247 28 16 -239 8 -233 -227 -219 -207 -195 -185 -177 -165 2 0 -157 -145 -143
Yes
-38 -153 179 -315 275 -165 57 45 -117 -15 -121 95 -97 121 -17 -91 35 51 79 -5 -33 149 -259 295 -211 81 33 -75 159 -279 363 -265 365 -273 283 -321 317 -185 113 -25 47 -179 121 -115 173 -261 153 -185 225 -181 323 -185 259 -159 71 -147 111 31 -29 -13 -15 77 -145 91
-38 179 -315 275 -165 57 45 -117 -15 -121 95 -97 121 -17 -91 35 51 79 -5 -33 149 -259 295 -211 81 33 -75 159 -279 363 -265 365 -273 283 -321 317 -185 113 -25 47 -179 121 -115 173 -261 153 -185 225 -181 323 -185 259 -159 71 -147 111 31 -29 -13 -15 77 -145 91 -153
Yes
143 -70 103 14 1 -95 28 -105 -25 95 28 -79 1 9 -16 11 -98 35 114 -101 114 -221 187 -47 57 -19 -34 147 -168 124 -179 322 -217 152 -111 101 9 -98 19 -18 -11 89 -173 38 41 80 4 -20 83 -116 -12 129 -271 289 -426 359 -452 399 -491 608 -680 623 -597 535 -393 250 -202 178 -158
-70 103 14 1 -95 28 -105 -25 95 28 -79 1 9 -16 11 -98 35 114 -101 114 -221 187 -47 57 -19 -34 147 -168 124 -179 322 -217 152 -111 101 9 -98 19 -18 -11 89 -173 38 41 80 4 -20 83 -116 -12 129 -271 289 -426 359 -452 399 -491 608 -680 623 -597 535 -393 250 -202 178 -158 143
No
Yes
57 -132 31 108 -57 178 -53 -32 89
-132 31 108 -57 178 -53 -32 89 57
Yes
318 -201 60 -162 135 -157 234 -138 168 -120 4 3 41 -141 26 124 -224 189 -108 85 -60 -84 15 40 107 -76 208 -169 80 8 111 -255 320 -376 272 -137 104 19 14 56 -199 146 -261 184 -45 171 -292 275 -279 263 -144 105 -130 44 1 38 -42 -26 -67 204 -329
-201 60 -162 135 -157 234 -138 168 -120 4 3 41 -141 26 124 -224 189 -108 85 -60 -84 15 40 107 -76 208 -169 80 8 111 -255 320 -376 272 -137 104 19 14 56 -199 146 -261 184 -45 171 -292 275 -279 263 -144 105 -130 44 1 38 -42 -26 -67 204 -329 318
Yes
0 -10 -308 -316 -135 159 -322 171 179 -334 185 -340 199 -354 205 219 -364 227 -376 -380 237 243 -392 253 265 -402 275 277 5 7 -412 15 -416 -142 21 -146 23 29 -152 35 41 51 61 -158 -162 63 -164 -172 71 -180 -186 77 -196 83 -202 -175 -206 -216 -165 -153 -218 38 -149 26 16 10
-135 159 171 179 -10 -308 185 -316 -322 199 -334 205 -340 219 -354 -364 227 -376 237 243 -380 -392 253 -402 -412 265 -416 -142 -146 -152 275 -158 277 5 -162 7 -164 -172 15 -180 -186 -196 -202 21 23 -206 29 35 -216 41 51 -218 61 38 63 26 71 77 16 10 83 -175 0 -165 -153 -149
Yes
-38 -38
-38 -38
Yes
71 469 -319 461 -315 461 -323 465 -317 455 -311 455 -314 450 -300 442 -302 169 -31 176 -32 181 -35 175 -303 441 -302 446 -297 437 -288 436 -296 444 -294 197 -57 207 -69 209 -65 205 -59 197 -49 185 -49 186 -39 187 -49 193 -53 197 -54 200 -56 -69 215 -73 213 -66 204 -331 468 -326
71 -319 461 -315 461 -323 465 -317 455 -311 455 -314 450 -300 442 -302 169 -31 176 -32 181 -35 175 -303 441 -302 446 -297 437 -288 436 -296 444 -294 197 -57 207 -69 209 -65 205 -59 197 -49 185 -49 186 -39 187 -49 193 -53 197 -54 200 -56 -69 215 -73 213 -66 204 -331 468 -326 469
No
Yes
-3 11 -121 -151 -185 -213 -119 0 43 99 -67 -57 -237 -115 -47 97 99 -41 -167 -57 159 -67 -97 -251 -259 -17 231 83 83 111 -116 39 81 143 13 -24 29 63 218 68 194 182 -14 -8 -44 98 188 242 140 26 -64 30 56 188 -24 -50 90 200 334 150 -94 -96 -140 -230 -164 -104 -172 -152 58 -76
-116 -24 218 68 194 182 -14 -3 -8 -44 98 188 242 140 26 -64 30 56 188 -24 -50 90 200 334 150 -94 -96 -140 -230 -164 11 -104 -172 -152 58 -121 -76 0 -151 -185 -213 -119 43 99 -67 -57 -237 -115 -47 97 99 -41 -167 -57 159 -67 -97 -251 -259 -17 231 83 83 111 39 81 143 13 29 63
No
Yes
60 -207 66 68 -207 70 -211 64 -199 52 -193 48 -191 56 -199 344 -487 338 -481 346 -491 350 -244 101 26 -167 30 -178 31 -172 27 -166 19 -166 31 -180 31 -180 39 -188 43 -190 49 -188 43 -192 51 -190 47 -186 51 -196 51 -196 59 80 -225 88 -235 92 -229 82 -223 78 -221 74 -211 64 -207
-207 66 68 -207 70 -211 64 -199 52 -193 48 -191 56 -199 344 -487 338 -481 346 -491 350 -244 101 26 -167 30 -178 31 -172 27 -166 19 -166 31 -180 31 -180 39 -188 43 -190 49 -188 43 -192 51 -190 47 -186 51 -196 51 -196 59 80 -225 88 -235 92 -229 82 -223 78 -221 74 -211 64 -207 60
Yes
0 143 -8 -10 151 -14 155 240 -103 230 -95 224 216 -85 210 204 194 -79 184 -71 174 -65 162 -57 150 -49 144 -35 140 -27 134 124 120 112 -15 -5 -1 3 13 19 29 -259 39 45 55 -217 110 -211 96 -205 -193 -185 90 82 356 -175 350 -171 340 330 324 314 306 -159 139 10
143 -8 151 155 -10 -103 -14 -95 240 -85 230 -79 -71 224 -65 -57 -49 216 -35 210 -27 204 -15 194 -5 184 -1 174 3 162 13 19 29 -259 150 144 140 134 124 120 112 110 96 90 82 356 39 350 45 340 330 324 55 -217 -211 314 -205 306 -193 -185 -175 -171 -159 10 0 139
Yes
-92 227 -122 255 -392 283 -252 231 -290 227 -12 -354 423 -322 339 -270 133 -5 104 -65 170 -38 173 -150 41 -162 87 2 17 110 -191 132 -221 252 -201 322 -359 469 -380 287 -156 143 -8 -79 120 -97 108 -153 82 -9 16 123 -151 58 -61 0 -65 104 2 105
227 -122 255 -392 283 -252 231 -290 227 -354 -12 423 -322 339 -270 133 -5 104 -65 170 -38 173 -150 41 -162 87 2 17 110 -191 132 -221 252 -201 322 -359 469 -380 287 -156 143 -8 -79 120 -97 108 -153 82 -9 16 123 -151 58 -61 0 -65 104 2 105 -92
Yes
63 0 143 91 71 9 5 -23 -49 -137 13 -55 -183 -153 -93 133 -29 -91 -91 -9 -177 -425 -473 -525 -513 -437 -219 -231 -217 -31 123 -36 0 8 -46 100 -16 128 48 64 -42 198 200 234 -44 -58 18 236 64 46 322 354 430 384 410 352 114 358 104 6
-36 63 0 8 -46 100 -16 128 48 64 -42 198 200 234 -44 -58 18 236 64 46 322 354 430 384 410 352 114 358 104 6 0 143 91 71 9 5 -23 -49 -137 13 -55 -183 -153 -93 133 -29 -91 -91 -9 -177 -425 -473 -525 -513 -437 -219 -231 -217 -31 123
Yes
37 102 -40 127 4 61 -134 1 66 -107 204 -209 98 -169 180 -45 109 -76 47 -100 225 -342 271 -237 320 -191 198 -335 478 -493 620 -550 531 -386 437 -480 525 -470 467 -568 603 -469 461 -326 209 -274 173 -122 -21 -40 83 -12 113 -70 55 -42 -31 130 -269 198 -69
102 -40 127 4 61 -134 1 66 -107 204 -209 98 -169 180 -45 109 -76 47 -100 225 -342 271 -237 320 -191 198 -335 478 -493 620 -550 531 -386 437 -480 525 -470 467 -568 603 -469 461 -326 209 -274 173 -122 -21 -40 83 -12 113 -70 55 -42 -31 130 -269 198 -69 37
Yes
-641 734 -673 726 -721 610 -602 715 -800 809 -684 601 -603 636 -737 614 -505 628 -625 582 -589 476 -463 388 -519 528 -389 412 -519 472 -437 306 -233 154 -195 128 7 -116 79 -48 93 -198 315 -302 401 -302 235 -288 383 -363 232 -271 348 -365 296 -253 354 -369 516 -377 474 -383 514
734 -673 726 -721 610 -602 715 -800 809 -684 601 -603 636 -737 614 -505 628 -625 582 -589 476 -463 388 -519 528 -389 412 -519 472 -437 306 -233 154 -195 128 7 -116 79 -48 93 -198 315 -302 401 -302 235 -288 383 -363 232 -271 348 -365 296 -253 354 -369 516 -377 474 -383 514 -641
Yes
-69 -175 39 -175 25 -167 27 -167 25 -175 37 -175 31 -173 27 -177 33 -183 35 -179 33 -183 35 93 -231 325 -471 329 -469 331 -477 335 -473 327 -465 325 -463 319 -455 315 -457 311 -461 321 -457 313 -449 301 -441 299 -443 305 -451 309 -445 301 -443 293 -435 291 -435 291 -439 297 -437 293 -441 303
-69 39 -175 25 -167 27 -167 25 -175 37 -175 31 -173 27 -177 33 -183 35 -179 33 -183 35 93 -231 325 -471 329 -469 331 -477 335 -473 327 -465 325 -463 319 -455 315 -457 311 -461 321 -457 313 -449 301 -441 299 -443 305 -451 309 -445 301 -443 293 -435 291 -435 291 -439 297 -437 293 -441 303 -175
Yes
0 -121 260 -111 -105 -385 -367 254 244 244 -361 -355 -349 -343 -335 508 -325 -319 -313 -311 500 -301 -293 496 490 -289 482 -287 472 464 458 456 448 -279 440 -267 434 432 -257 426 -247 45 51 61 69 414 404 394 104 77 96 84 85 78 68 91 60 54 97 50 105 111 42 119 38 133 137 28 16 10
-121 260 -111 254 244 244 508 -105 -385 -367 500 496 490 482 472 -361 464 458 456 448 -355 440 434 -349 -343 432 -335 426 -325 -319 -313 -311 -301 414 -293 404 -289 -287 394 -279 104 96 84 78 68 -267 -257 -247 45 60 51 61 54 69 77 50 85 91 42 97 38 28 105 16 111 10 0 119 133 137
No
Yes
-109 -103 -53 -271 -217 -137 -311 -265 -135 -177 -359 -577 -569 -571 -515 -415 -233 -69 171 243 51 -41 101 41 113 -1 0 43 -36 -47 1 -46 140 25 212 178 282 246 150 68 288 480 686 606 598 444 270 152 -74 -128 -110 82 -20 0 -14 -118 50 106 106 -56
-36 -46 140 212 178 282 246 150 68 288 480 686 606 598 444 270 152 -74 -128 -110 82 -20 0 -14 -118 50 -109 106 -103 106 -56 -53 -271 0 -217 -137 -311 -265 -135 -177 -359 -577 -569 -571 -515 -415 -233 -69 171 243 51 -41 101 41 113 -1 43 -47 1 25
Yes
33 -15 -66 1
33 -66 1 -15
No
Yes
-163 252 -122 10 -20 -130 27
252 -122 10 -20 -130 27 -163
Yes
-135 0 -127 -119 -10 -111 -101 -93 -89 -22 -75 -24 -69 -67 -36 -46 -52 -60 -68 -55 -325 -321 -74 -80 186 -311 -297 -289 -281 180 -271 174 162 -263 148 140 134 -259 126 118 112 98 -247 -235 88 80 -229 72 -217 62 52 -207 -201 46 -193 -189 42 -181 36 -171 -159 24 -149 12
-10 -135 -22 -24 -127 -36 -46 -52 -60 -119 -68 -111 -74 -80 -101 -93 -89 -75 -69 186 180 174 -67 -55 -325 162 148 140 134 -321 126 -311 -297 118 -289 -281 -271 112 -263 -259 -247 -235 98 88 -229 -217 80 -207 72 -201 -193 62 52 -189 46 42 -181 36 -171 24 12 -159 0 -149
Yes
-222 83 -220 73 -208 67 -212 75 -71 -214 65 -208 67 -215 65 -212 77 -220 74 -210 62 -207 65 -204 69 -208 64 -208 69 -214 64 -199 61 -201 53 -201 66 -206 65 -203 54 92 -232 92 -229 94 -241 98 -236 93 -242 107 -244 103 -241 101 -236 97 -233 90 -227 84 -228 78 -216 72 -213 76 -218 83
83 -220 73 -208 67 -212 75 -214 -71 65 -208 67 -215 65 -212 77 -220 74 -210 62 -207 65 -204 69 -208 64 -208 69 -214 64 -199 61 -201 53 -201 66 -206 65 -203 54 92 -232 92 -229 94 -241 98 -236 93 -242 107 -244 103 -241 101 -236 97 -233 90 -227 84 -228 78 -216 72 -213 76 -218 83 -222
No
Yes
149 161 171 183 187 191 195 201 0 207 -14 -26 215 221 229 -36 -44 -46 -50 243 245 -58 253 -64 -68 -78 -82 -94 -102 -106 263 271 279 5 -114 297 309 -128 -130 317 323 59 -144 67 73 81 -154 -162 -174 -176 -186 82 74 68 89 93 60 50 101 44 36 107 30 -165 -157 306 -145 294
-14 -26 -36 -44 -46 -50 -58 -64 149 -68 161 171 -78 -82 -94 183 187 191 195 -102 -106 201 -114 207 215 221 229 243 245 253 -128 -130 -144 -154 263 -162 -174 271 279 -176 -186 82 5 74 68 60 297 309 317 323 59 67 73 81 50 44 89 93 36 101 107 30 -165 306 294 -157 0 -145
Yes
-370 463 -532 403 -412 437 -288 211 -68 -9 4 119 24 59 -50 -45 130 -1 -125 262 -375 236 -119 194 -227 342 -469 360 -425 564 -701 850 -815 756 -685 588 -669 586 -675 678 -575 494 -381 467 -350 299 -282 381 -484 457 -388 277 -374 241 -138 285 -432 497 -564 499
463 -532 403 -412 437 -288 211 -68 -9 4 119 24 59 -50 -45 130 -125 -1 262 -375 236 -119 194 -227 342 -469 360 -425 564 -701 850 -815 756 -685 588 -669 586 -675 678 -575 494 -381 467 -350 299 -282 381 -484 457 -388 277 -374 241 -138 285 -432 497 -564 499 -370
Yes
-11 -545 471 -451 323 -193 221 -311 215 -239 213 -77 146 -26 -4 62 -25 45 -156 291 -433 293 -375 289 -261 339 -428 286 -374 497 -353 471 -329 303 -377 365 -317 431 -312 250 -382 290 -430 529 -475 587 -569 447 -586 436 -481 376 -300 339 -299 255 -123 225 -217 356 -452 561
-11 471 -451 323 -193 221 -311 215 -239 213 -77 146 -26 -4 62 -25 45 -156 291 -433 293 -375 289 -261 339 -428 286 -374 497 -353 471 -329 303 -377 365 -317 431 -312 250 -382 290 -430 529 -475 587 -569 447 -586 436 -481 376 -300 339 -299 255 -123 225 -217 356 -452 561 -545
Yes
41 37 -75 -31 -86
37 -75 -31 -86 41
No
Yes
45
45
No
Yes
79 65 -159 211 -293 443 -357 325 -465 323 -397 487 -391 247 -165 215 -315 453 -409 286 -408 480 -330 194 -226 210 -280 188 -142 50 -164 48 -188 152 -294 252 -265 347 -357 371 -281 247 -155 249 -255 137 -61 -29 -27 173 -127 -7 -59 -63 83 51 -95 -11 158 -138 186 -123 55
65 -159 211 -293 443 -357 325 -465 323 -397 487 -391 247 -165 215 -315 453 -409 286 -408 480 -330 194 -226 210 -280 188 -142 50 -164 48 -188 152 -294 252 -265 347 -357 371 -281 247 -155 249 -255 137 -61 -29 -27 173 -127 -7 -59 -63 83 51 -95 -11 158 -138 186 -123 55 79
No
Yes
0 8 22 26 139 127 117 30 -206 111 109 -194 341 331 -186 -174 -168 323 313 307 -164 -158 301 -152 -148 -144 295 289 -140 -134 128 130 287 140 283 148 279 13 11 9 152 156 158 -3 -94 -80 -74 -9 -15 -17 -23 229 -64 219 211 201 -54 -46 191 183 413 -276 143 -264
139 127 117 111 8 22 26 109 341 30 -206 331 -194 -186 323 313 307 -174 -168 -164 301 295 -158 289 287 283 -152 -148 279 13 11 9 -144 -3 -140 -9 -134 128 130 140 -15 -17 -23 148 229 219 211 152 156 158 -94 -80 201 -74 -64 -54 191 183 -46 -276 -264 413 0 143
No
Yes
47 -69 -5 -69 -37 75 -45 185 -149 75 -221 297 -417 429 -489 417 -371 471 -525 447 -309 225 -307 387 -461 591 -591 679 -675 619 -581 547 -577 461 -481 575 -669 711 -617 541 -609 497 -439 491 -399 291 -231 133 -215 231 -353 329 -467 361 -511 365 -267 213 -223 85 -105 51 -97
-69 -5 -69 -37 75 -45 185 -149 75 -221 297 -417 429 -489 417 -371 471 -525 447 -309 225 -307 387 -461 591 -591 679 -675 619 -581 547 -577 461 -481 575 -669 711 -617 541 -609 497 -439 491 -399 291 -231 133 -215 231 -353 329 -467 361 -511 365 -267 213 -223 85 -105 51 -97 47
Yes
-32 167 -28 176 -39 -87 224 -75 224 -85 224 -77 224 -83 218 -77 224 -79 220 -77 226 -77 221 -84 -49 196 -325 188 -51 190 -43 180 -43 182 -45 187 -48 -84 227 -82 225 -76 219 -72 207 -60 199 -54 193 -50 197 -52 193 -50 193 -46 183 -44 181 -40 177 -40 179 -38 177 -30 173 -30 167
167 -28 176 -39 -87 224 -75 224 -85 224 -77 224 -83 218 -77 224 -79 220 -77 226 -77 221 -84 -49 196 -325 188 -51 190 -43 180 -43 182 -45 187 -48 -84 227 -82 225 -76 219 -72 207 -60 199 -54 193 -50 197 -52 193 -50 193 -46 183 -44 181 -40 177 -40 179 -38 177 -30 173 -30 167 -32
Yes
-57 55 57 151 281 195 223 283 129 225 251 13 159 45 75 105 49 -11 -67 -145 -271 0 -153 -169 -291 -151 -267 -237 -319 -451 -315 -229 36 -29 -229 -73 92 -158 -274 -308 -224 -282 -244 -242 -238 -136 -44 -156 -28 -164 -134 -6 -24 108 220 232 220 148 274 214 360 268 390 406 226 134 116 124
36 92 -158 -274 -308 -224 -282 -244 -242 -238 -136 -44 -156 -28 -164 -134 -6 -24 108 220 232 -57 220 148 274 214 360 268 390 406 226 134 55 116 124 0 57 151 281 195 223 283 129 225 251 13 159 45 75 105 49 -11 -67 -145 -271 -153 -169 -291 -151 -267 -237 -319 -451 -315 -229 -29 -229 -73
No
Yes
41 -2 -27 -84 217 -362 219 -196 267 -124 165 75 -216 189 -86 79 -20 -67 216 -205 132 -195 68 39 -86 37 -18 -91 176 -52 79 66 -119 14 126 -147 276 -225 160 -213 94 -79 18 102 -207 114 -149 258 -177 110 -99 14 -7 -72 161 -86 -1 -106 9 26 77 36 113 -24 5 18 121 -28
-2 -27 -84 217 -362 219 -196 267 -124 165 -216 75 189 -86 79 -20 -67 216 -205 132 -195 68 39 -86 37 -18 -91 176 -52 79 66 -119 14 126 -147 276 -225 160 -213 94 -79 18 102 -207 114 -149 258 -177 110 -99 14 -7 -72 161 -86 -1 -106 9 26 77 36 113 -24 5 18 121 -28 41
No
Yes
75 75 75 75 75 75 75 75 75 75 75 75 75 75 75 75 75 75 75 75 75 75 75 75 75 75 75 75 75 75 75 75 75 75 75 75 75 75 75 75 75 75 75 75 75 75 75 75 75 75 75 75 75 75 75 75 75 75 75 75 75 75 75 75 75 75 75 75 75 75
75 75 75 75 75 75 75 75 75 75 75 75 75 75 75 75 75 75 75 75 75 75 75 75 75 75 75 75 75 75 75 75 75 75 75 75 75 75 75 75 75 75 75 75 75 75 75 75 75 75 75 75 75 75 75 75 75 75 75 75 75 75 75 75 75 75 75 75 75 75
Yes
70 -28 178 -32 172 -30 170 -32 172 -26 170 -22 172 -34 -74 220 -74 220 -76 220 -74 220 -84 228 -82 226 -76 222 -78 218 -82 226 -84 222 -82 226 -78 220 -70 212 -62 208 -68 206 -66 208 -58 204 -62 200 -54 202 -66 204 -56 202 -60 196 -52 196 -48 194 -52 194 -50 192 -42 188 -38 174
70 178 -32 172 -30 170 -32 172 -26 170 -22 172 -34 -74 220 -74 220 -76 220 -74 220 -84 228 -82 226 -76 222 -78 218 -82 226 -84 222 -82 226 -78 220 -70 212 -62 208 -68 206 -66 208 -58 204 -62 200 -54 202 -66 204 -56 202 -60 196 -52 196 -48 194 -52 194 -50 192 -42 188 -38 174 -28
Yes
48 -64 198 -56 155 -43
48 198 -56 155 -43 -64
Yes
0 2 141 137 6 12 135 14 18 28 40 129 125 48 52 60 66 119 74 107 99 78 93 87 88 77 71 96 104 112 120 67 59 126 138 49 146 154 41 31 23 17 11 -1 -9 164 174 178 186 -17 -27 -33 -39 188 198 -45 -51 206 -61 -67 147 -12
141 137 2 6 135 129 12 125 119 107 99 14 18 93 87 77 71 28 67 40 48 59 52 60 49 66 74 41 31 23 17 78 88 11 -1 96 -9 -17 104 112 120 126 138 146 154 -27 -33 -39 -45 164 174 178 186 -51 -61 188 198 -67 206 -12 0 147
No
Yes
-241 252 -303 448 -535 568 -429 318 -241 95 34 93 -86 -34 143 -263 200 -275 257 -320 359 -301 376 -461 353 -204 309 -442 353 -266 295 -226 173 -184 85 -151 30 -31 -109 106 -247 154 -227 290 -145 151 -32 97 -116 240 -189 288 -189 104 -65 -68 -47 128 -43 -72 144 -201 279 -384 296 -164 263 -366 325
252 -303 448 -535 568 -429 318 -241 95 34 93 -86 -34 143 -263 200 -275 257 -320 359 -301 376 -461 353 -204 309 -442 353 -266 295 -226 173 -184 85 -151 30 -31 -109 106 -247 154 -227 290 -145 151 -32 97 -116 240 -189 288 -189 104 -65 -68 -47 128 -43 -72 144 -201 279 -384 296 -164 263 -366 325 -241
No
No
Yes
-121 -73 -85 -209 -133 -283 -43 -31 -113 -133 -13 227 463 0 451 607 150 509 531 599 799 669 471 407 423 479 453 387 331 379 381 -18 137 147 1 98 60 182 162 128 164 120 130 -112 -368 -356 -484 -594 -476 -610 -680 -748 -536 -328 -348 -364 -602 -402 -254 -334 -428 -250 -48 -118
150 -18 98 60 182 162 128 164 120 130 -112 -368 -356 -121 -484 -594 -73 -476 -610 -680 -748 -536 -328 -348 -364 -602 -402 -254 -334 -428 -250 -85 -48 -118 0 -209 -133 -283 -43 -31 -113 -133 -13 227 463 451 607 509 531 599 799 669 471 407 423 479 453 387 331 379 381 137 147 1
Yes
-70 2 -144 8 -158 16 -154 10 -158 20 -164 22 -160 22 -170 32 -182 38 -176 38 -182 40 -182 42 -192 56 -200 56 -204 60 -204 64 -204 62 -202 60 -200 60 -204 64 -212 64 -208 68 -212 64 -208 68 -210 74 -222 82 -232 84 -234 92 -238 90 -238 96 -244 108 -254 110 14 -152 12 -150
-70 -144 8 -158 16 -154 10 -158 20 -164 22 -160 22 -170 32 -182 38 -176 38 -182 40 -182 42 -192 56 -200 56 -204 60 -204 64 -204 62 -202 60 -200 60 -204 64 -212 64 -208 68 -212 64 -208 68 -210 74 -222 82 -232 84 -234 92 -238 90 -238 96 -244 108 -254 110 14 -152 12 -150 2
Yes
-135 -127 -125 0 -117 -8 -103 -14 -20 -97 -93 -32 -40 -44 -83 -329 -317 -311 -305 -56 -297 192 182 -287 174 170 158 150 146 132 -281 -271 128 -265 -255 -251 120 -245 114 -237 110 102 -229 90 -223 84 -219 82 70 62 -205 -197 54 48 -191 46 -187 91 -232 97 -238 103 113 -252 119 -147 -258 8 -145 6
-8 -14 -20 -135 -32 -127 -40 -125 -117 -44 -56 -103 -97 -93 192 182 174 170 158 -83 150 -329 -317 146 -311 -305 -297 -287 -281 -271 132 128 -265 120 114 110 -255 102 -251 90 -245 -237 84 -229 82 -223 70 -219 -205 -197 62 54 -191 -187 48 91 46 -232 97 -238 103 -252 -258 113 8 6 119 -147 0 -145
Yes
-145 0 -151 6 -153 -155 8 10 -163 16 20 34 286 294 304 68 -169 78 86 -181 -433 -443 -203 90 94 98 100 106 -215 116 120 -223 -231 -235 132 -241 -243 142 -249 -255 -263 152 -267 -279 -291 -297 -79 154 -93 -101 -105 -111 -56 -123 -46 -135 -42 -38 -26 -12 -137 -8
6 -145 8 -151 10 16 -153 -155 20 -163 -169 -181 -433 -443 -203 -215 34 -223 -231 286 294 304 68 -235 -241 -243 -249 -255 78 -263 -267 86 90 94 -279 98 100 -291 106 116 120 -297 132 142 152 154 -56 -79 -46 -42 -38 -26 -93 -12 -101 -8 -105 -111 -123 -135 0 -137
No
Yes
188 -266 313 -206 171 -152 65 -168 23 -170 115 -86 204 -133 28 121 -194 113 -212 313 -404 343 -484 535 -428 281 -152 277 -368 343 -466 583 -518 389 -362 243 -148 189 -280 241 -168 272 -315 174 -59 204 -57 40 -113 20 91 -66 215 -126 185 -167 166 -255 118 -13 -32 139 -130 154 -237 164 -131 166 -121
-266 313 -206 171 -152 65 -168 23 -170 115 -86 204 -133 28 121 -194 113 -212 313 -404 343 -484 535 -428 281 -152 277 -368 343 -466 583 -518 389 -362 243 -148 189 -280 241 -168 272 -315 174 -59 204 -57 40 -113 20 91 -66 215 -126 185 -167 166 -255 118 -13 -32 139 -130 154 -237 164 -131 166 -121 188
Yes
83 175 389 0 355 273 369 289 173 31 -71 149 1 -63 -11 -37 177 -41 -147 -43 -32 -33 117 291 211 363 211 239 221 287 243 333 277 -250 47 -458 -372 -342 -400 -178 -36 66 -58 -52 36 68 -4 -52 -76 72 182 -102 -58 -256 -212 -236 -262 -266 -108 -246 -282 -214 -352 -146
-32 -250 -458 83 -372 -342 -400 -178 -36 66 -58 -52 36 68 -4 -52 -76 72 182 -102 175 -58 -256 -212 -236 -262 -266 -108 -246 -282 -214 -352 -146 389 0 355 273 369 289 173 31 -71 149 1 -63 -11 -37 177 -41 -147 -43 -33 117 291 211 363 211 239 221 287 243 333 277 47
Yes
-105 89 -7 121 -33 203 15 55 229 319 139 335 471 341 253 139 153 275 303 241 185 215 147 267 99 183 139 -45 101 157 133 237 175 0 245 34 147 -30 -72 12 -58 -148 -40 -158 -232 -190 -200 -450 -344 -288 -232 -78 -130 -310 -222 -230 -294 -80 -262 -122 -192 -134 -104 -100 -140 -182 -140 -184 -212 -130
34 -30 -72 12 -58 -148 -40 -158 -232 -190 -200 -450 -344 -288 -232 -78 -130 -310 -222 -230 -294 -80 -262 -122 -192 -134 -104 -100 -140 -182 -140 -184 -212 -105 -130 89 0 -7 121 -33 203 15 55 229 319 139 335 471 341 253 139 153 275 303 241 185 215 147 267 99 183 139 -45 101 157 133 237 175 245 147
Yes
-38 -109 -32 -117 -26 -113 -30 -109 -38 -97 -46 -93 69 -42 -101 219 -354 217 -358 217 -358 221 -364 227 -374 233 -376 233 -368 233 -378 241 -376 235 -380 233 -376 451 -594 457 -604 455 -594 445 -590 449 -588 441 -576 433 -582 443 -588 439 -586 437 -305 164 -313 164 -301 164 -303 158 -36 -105 -42 -93 -48 -99
-109 -32 -117 -26 -113 -30 -109 -38 -97 -46 -93 -42 69 -101 219 -354 217 -358 217 -358 221 -364 227 -374 233 -376 233 -368 233 -378 241 -376 235 -380 233 -376 451 -594 457 -604 455 -594 445 -590 449 -588 441 -576 433 -582 443 -588 439 -586 437 -305 164 -313 164 -301 164 -303 158 -36 -105 -42 -93 -48 -99 -38
Yes
-149 -159 0 12 -165 -171 20 24 36 -179 -191 44 54 -197 -209 -217 60 72 -225 78 -237 90 -247 -251 -257 100 -267 108 -275 110 122 126 -283 138 -293 144 -29 156 -35 -110 -41 -102 -96 -47 -90 -57 -69 -80 -73 -81 -93 -97 -70 -64 -109 -54 -115 -119 -48 -38 -125 -135 -32 -24 -20 -141 -12 -2
12 20 -149 -159 24 36 -165 -171 -179 44 54 -191 -197 60 72 78 -209 -217 90 -225 100 -237 108 110 122 -247 126 -251 138 -257 -267 -275 144 -283 156 -293 -110 -29 -102 -35 -96 -41 -47 -90 -57 -80 -70 -69 -64 -54 -48 -38 -73 -81 -32 -93 -24 -20 -97 -109 -12 -2 -115 -119 -125 0 -135 -141
Yes
414 -376 388 -286 400 -398 370 -466 530 -454 544 -570 604 -494 372 -496 506 -436 580 -482 504 -642 538 -458 308 -194 318 -312 284 -378 266 -296 250 -104 -10 24 -44 78 -210 122 -212 62 66 -44 174 -96 36 102 -26 94 -204 316 -416 472 -590 444 -388 310 -260 206 -234 154 -144 142 -164 186 -224 226 -338
-376 388 -286 400 -398 370 -466 530 -454 544 -570 604 -494 372 -496 506 -436 580 -482 504 -642 538 -458 308 -194 318 -312 284 -378 266 -296 250 -104 -10 24 -44 78 -210 122 -212 62 66 -44 174 -96 36 102 -26 94 -204 316 -416 472 -590 444 -388 310 -260 206 -234 154 -144 142 -164 186 -224 226 -338 414
No
Yes
0 -143 8 -153 16 -157 18 -161 24 -173 -181 36 -193 -205 46 -211 -217 56 -229 -239 70 76 82 92 100 112 116 -249 -253 126 -261 -275 -281 -291 -301 -305 -311 138 144 -313 -323 156 164 166 172 178 -329 188 -337 190 200 206 216 -341 220 -353 232 -359 -369 -26 -113 -117 -18 -129 -139 -8
-143 8 -153 16 -157 18 -161 24 -173 36 46 -181 56 70 -193 76 82 -205 92 100 -211 -217 -229 -239 -249 -253 -261 112 116 -275 126 138 144 156 164 166 172 -281 -291 178 188 -301 -305 -311 -313 -323 190 -329 200 -337 -341 -353 -359 206 -369 216 -113 220 232 -117 -26 -18 -129 -8 0 -139
Yes
70 -70 -46 196 -54 196 -50 192 -290 440 -292 430 -290 436 -296 432 -290 432 -292 442 -306 444 -304 444 -302 448 -310 452 -314 460 -318 456 -316 454 -314 456 -314 456 -314 458 -312 452 -312 448 -302 448 -310 458 -314 456 -320 458 -312 208 -72 208 -68 204 -60 208 -66 212 -76 222 -80 224 -80 226 -76 214
70 -46 196 -54 196 -50 192 -290 440 -292 430 -290 436 -296 432 -290 432 -292 442 -306 444 -304 444 -302 448 -310 452 -314 460 -318 456 -316 454 -314 456 -314 456 -314 458 -312 452 -312 448 -302 448 -310 458 -314 456 -320 458 -312 208 -72 208 -68 204 -60 208 -66 212 -76 222 -80 224 -80 226 -76 214 -70
No
