3
7 -2 3
3
4 8 8
4
1 2 4 8
6
-6 -2 3 2 9 -4
1
-100
62
63 -65 143 -123 -67 -93 -23 -75 67 -21 109 11 131 -13 119 -99 -113 -109 -1 17 -119 -115 -105 -51 109 63 59 -89 -63 -143 -85 131 7 -23 -147 -53 -31 -125 -45 -77 -133 -145 33 143 141 107 149 -27 57 35 -111 69 -75 103 71 -139 147 -91 23 -109 -103 95
70
-133 87 13 -51 -63 -11 11 109 -143 83 -51 81 -119 37 133 -61 3 69 -5 143 7 -109 -43 -133 47 -51 -31 -59 -31 87 97 -133 7 -137 53 -105 -113 -105 97 55 -49 -3 -23 135 15 7 75 -15 -27 -123 49 -113 -65 -101 97 -123 -5 33 53 -55 129 97 -107 -35 121 97 113 -107 27 -141
62
145 137 145 147 -111 147 145 143 143 135 143 147 143 141 147 135 135 135 149 141 137 139 145 139 135 149 -145 145 139 135 139 137 145 143 -143 139 141 149 143 135 143 139 -111 135 145 139 135 141 149 139 -143 143 145 141 141 135 145 137 143 149 149 141
68
101 -31 77 -35 35 -37 -145 55 123 -27 -47 55 103 -139 -143 107 141 -87 -79 49 33 -133 79 -133 -101 5 147 -15 -119 -41 -117 149 93 -105 105 71 -25 -93 -145 45 103 97 -91 -49 47 -31 -149 -45 -85 79 55 79 -85 -63 13 -59 -117 -11 -53 17 95 115 19 -147 -49 61 -71 -31
69
-143 -143 -141 -143 -139 -139 -141 -145 -139 -141 -147 -143 -147 -141 -145 -147 -139 125 -135 -149 -143 -143 -145 -135 -135 -147 132 -137 -137 -149 -137 -141 -141 -149 -135 -137 -139 -137 -143 -141 -143 -135 -141 -135 141 -149 -139 -139 -135 -135 -137 -135 135 131 -141 -141 -139 -143 -145 -143 -141 -139 -147 -145 -139 -147 -137 -137 -149
68
141 141 -111 147 149 -128 147 144 137 142 143 148 139 139 144 149 146 139 137 139 140 149 143 149 137 146 149 144 147 -120 145 149 149 149 136 143 144 145 144 136 149 146 143 147 137 140 143 137 141 139 149 135 141 149 135 142 148 141 144 147 143 142 139 141 139 140 138 147
68
-11 -133 -133 57 -123 -39 1 -57 31 49 149 -55 17 -5 -25 -45 97 -61 -63 69 123 -47 -139 37 127 -63 -55 127 -117 -69 73 45 65 143 -99 -135 73 7 3 67 -133 105 -141 -143 -107 -119 -81 -19 93 145 -59 77 105 -139 133 95 15 -35 -47 113 27 23 -67 61 -3 -99 15 -89
62
-139 -143 -147 -149 -141 -139 -143 -145 -135 135 -143 -143 -137 -145 -135 -135 -141 -147 -141 -137 -139 -145 -147 125 -135 -137 -143 -137 -149 -143 -139 -141 -143 -137 -141 -145 -147 -137 -141 145 -147 -145 -145 -139 -149 -145 -141 -147 -135 -137 -139 -145 -147 -135 -141 -135 -147 -137 -135 -145 -147 -149
65
-123 33 -87 -115 111 95 95 19 -29 -59 -93 25 -127 61 123 -69 143 -14 -125 107 137 111 83 -131 -59 -13 -39 115 75 -117 133 61 -41 47 143 -135 141 -93 -89 25 -63 99 131 -43 -75 -59 -1 97 -49 -75 -89 53 -119 -133 -35 1 -15 5 -27 19 33 -99 -127 121 115
70
-149 -149 -149 -149 -149 -149 -149 -149 -149 -149 -149 -149 -149 -149 -149 -149 -149 -149 -149 -149 -149 -149 -149 -149 -149 -149 -149 -149 -149 -149 -149 -149 -149 -149 -149 -149 -149 -149 -149 -149 -149 -149 -149 -149 -149 -149 -149 -149 -149 -149 -149 -149 -149 -149 -149 -149 -149 -149 -149 -149 -149 -149 -149 -149 -149 -149 -149 -149 -149 -149
70
137 137 137 141 141 135 145 139 141 147 139 143 137 137 -119 149 139 135 150 143 141 149 141 -119 143 141 145 141 147 141 135 137 -135 143 139 137 147 149 145 139 149 135 135 143 135 143 147 147 147 143 147 141 137 -126 143 149 135 137 143 143 -125 141 147 143 147 141 139 137 149 139
68
-103 -19 -3 133 93 -137 99 139 -137 109 111 63 -95 17 -115 47 -93 107 -23 49 -115 117 -73 -59 135 25 133 -133 115 -141 -139 49 -133 41 65 139 101 -67 -7 107 55 -27 -131 -17 -95 -25 -123 -125 95 -121 137 -73 149 133 -21 19 25 141 -7 -141 85 -77 -81 -9 -13 13 -39 71
66
-48 32 94 -40 66 -86 -116 150 -100 16 84 -44 138 134 -71 -12 -142 -100 -21 88 -22 -94 -24 -40 -62 118 -40 -48 -104 -118 -36 144 -96 40 -8 138 40 39 -34 -68 58 -6 62 -40 96 -84 -139 82 6 -12 -20 -36 -29 92 63 -124 -136 60 -114 2 -56 -12 -131 -90 -147 -128
60
87 127 49 -3 -77 -17 -99 -87 -129 141 -69 3 83 -47 -141 93 15 93 -5 -129 -111 145 -127 -95 75 -145 -9 -111 63 103 -29 101 133 -93 -15 107 -133 -135 -107 -45 89 51 55 103 -17 119 45 9 21 25 127 25 51 -101 137 -93 -91 49 147 -39
10
-137 91 125 74 93 -88 -23 -22 -111 146
64
137 141 149 135 139 145 149 -127 149 143 141 145 145 135 149 145 135 135 149 139 147 141 139 141 145 139 141 139 137 137 143 141 135 147 137 149 145 135 137 141 147 147 139 143 141 143 137 145 145 137 141 145 135 149 135 147 145 135 139 141 139 145 145 149
2
43 43
68
-21 119 113 -147 -71 -133 -75 15 113 143 -45 -139 103 -45 19 -147 9 -59 115 -65 69 -47 71 -25 -127 87 33 37 -63 109 29 99 -21 -21 15 75 43 21 -135 105 59 -75 31 1 -9 -23 -105 -107 59 15 23 -21 39 -25 1 3 -37 -129 -77 -17 89 -83 -67 -23 -125 -73 137 -37
69
150 150 150 150 150 150 150 150 150 150 150 150 150 150 150 150 150 150 150 150 150 150 150 150 150 150 150 150 150 150 150 150 150 150 150 150 150 150 150 150 150 150 150 150 150 150 150 150 150 150 150 150 150 150 150 150 150 150 150 150 150 150 150 150 150 150 150 150 150
68
51 23 69 65 23 -137 -87 -111 -105 -49 73 -69 -7 -17 -51 -149 -55 129 -71 -11 149 -19 -113 -87 149 27 -89 55 21 -147 83 119 119 51 -35 -87 -107 -143 135 -27 -41 111 -119 123 111 79 -123 -97 41 73 87 -3 -101 87 97 -43 131 1 117 65 -67 -53 13 -103 -53 -125 -59 -105
70
-37 -1 -99 -33 -91 143 33 -145 -43 -59 87 149 49 113 23 59 -125 -63 -47 23 145 -35 1 55 69 -53 -7 23 -69 145 103 111 -1 5 -135 131 -99 65 -95 -123 -135 -27 -87 61 -83 71 -69 11 -37 37 -115 -43 23 91 -141 31 -117 33 9 25 17 1 -3 63 21 5 -41 85 -7 63
70
-17 -143 -149 115 -123 -111 121 -105 -143 -17 51 91 23 -93 -89 17 105 111 77 123 51 -103 137 51 -93 -21 105 -53 107 -115 -39 63 -35 -7 -135 -79 113 29 97 71 -127 -109 -77 -145 -141 -73 69 27 53 67 -145 85 149 111 25 37 -25 71 93 59 -43 -103 83 63 107 125 -111 -141 -35 -43
66
145 -13 27 -19 25 81 -145 -89 143 -119 31 -31 65 141 93 -83 -21 -63 -81 85 -77 -113 -83 49 -69 87 89 27 75 51 -1 105 -123 103 107 149 -45 73 27 -41 -143 -45 25 5 41 -15 141 -9 5 73 95 45 1 17 -75 -141 81 -99 87 15 -5 -65 -47 3 119 23
68
-145 -141 -147 -141 -135 -147 -139 -145 -147 -139 -149 -143 -147 -147 -147 -139 -137 -143 -143 -147 -147 133 -141 -135 -145 -139 -141 -143 -149 -145 -137 -145 -149 -143 -149 -137 -147 -139 -147 -135 -137 -147 -137 -143 -149 -143 -137 -141 -141 -145 -139 -141 -143 -141 -135 -137 -135 -141 -135 -147 125 113 -145 -135 -137 -141 -141 -137
64
-145 -141 -149 -139 -135 -139 -137 -145 -143 -149 -135 -149 -141 -141 -139 -139 -139 -147 -135 -145 -143 -139 -145 -137 -139 -137 -143 -141 -143 -141 -149 -147 -145 -137 -145 -141 -143 -135 139 -139 -145 -143 -135 -147 -143 -147 -143 -147 -143 -147 -143 -149 -141 -135 -141 -135 91 -135 -145 -139 -135 -149 -141 147
2
-75 -77
8
78 47 -149 5 -42 -85 -19 -131
70
-149 -141 -143 -145 -137 -149 -141 -149 -147 -143 -145 -137 -143 -145 -147 -149 -141 -147 -145 -145 -147 -147 -141 -135 -141 -141 -135 -143 -135 -139 135 -135 -139 -145 -145 -149 -141 -135 -147 -143 -141 -145 -139 -135 -147 -135 -141 -147 -139 -147 -145 -145 -135 -149 -149 -139 -149 -137 -139 -139 -135 -135 -135 -137 -137 -143 -143 -141 -137 -141
64
-76 26 -136 -40 110 -108 102 -72 -132 -136 -26 -2 24 104 -108 -56 86 130 74 -38 116 -110 36 84 -130 114 -42 84 -120 84 98 100 92 10 -38 -4 132 -72 88 22 -132 -58 6 58 -88 -108 -32 40 44 142 138 74 100 -88 -76 -36 142 2 -42 -28 62 -68 -54 -62
69
73 33 117 15 -94 -67 -77 -130 70 123 -51 -78 10 -7 -5 -87 -63 149 13 13 -107 -34 140 10 38 -53 113 -21 -44 -55 143 105 -65 41 -10 110 -89 -79 1 -29 78 -84 -135 79 121 84 -16 63 -33 -128 117 -142 18 -137 -67 -93 -53 -92 117 -72 -57 26 -62 142 -143 48 -24 20 -15
69
-10 6 -103 -53 -94 -80 32 -28 -64 -91 64 -33 -105 -94 47 128 142 -113 -10 12 -40 107 58 136 -147 -76 141 -106 -72 121 -11 -9 -81 53 -105 -54 48 -93 25 -116 96 42 30 76 -10 66 -85 -14 -70 -65 -78 -150 -8 107 -11 56 -71 -147 139 28 -74 12 54 -56 -78 -41 -86 23 -58
9
-75 -101 139 51 121 125 -85 57 146
61
117 -141 -102 -27 -22 77 96 30 48 -116 7 44 -100 -115 150 -100 -35 81 -23 25 -144 -69 55 147 31 132 39 -89 88 119 -144 65 -56 -104 135 -33 123 33 70 -143 -53 -115 -77 139 126 -121 -17 -4 -16 119 -39 -25 -86 45 39 -4 -68 -93 137 -125 -11
66
-135 149 -137 -137 -145 -149 -137 -145 -143 -135 -149 -135 -141 -135 -149 -145 -137 -149 -139 -137 -143 -149 -139 -149 -147 -137 -141 135 -141 -145 -137 -143 -139 -137 -141 -139 -141 -143 -137 -145 -145 -145 -141 -137 -139 -143 -135 -137 -145 -139 -135 -141 -135 121 -139 -149 -135 -139 -149 -143 -135 -137 -149 -139 -137 -139
2
-76 -76
66
142 150 142 146 146 138 142 148 138 144 144 141 136 150 142 140 -133 138 145 144 149 146 140 -128 138 139 144 149 140 149 148 140 148 150 -97 140 150 138 140 144 140 146 138 148 136 136 137 147 148 138 144 140 144 143 146 144 -125 146 142 140 147 138 -127 137 142 143
70
137 135 147 143 143 147 139 141 141 137 143 143 145 135 141 137 143 141 135 149 149 149 145 143 141 137 -119 149 137 147 145 143 143 147 147 143 135 137 135 141 -145 147 143 145 149 143 137 149 143 147 147 137 143 141 137 145 -147 143 149 143 145 149 139 135 143 147 145 139 135 149
70
-119 -13 97 -83 9 -31 -133 -3 35 55 31 131 5 25 -21 33 129 15 21 -81 109 23 103 83 -109 -111 135 -57 -147 -53 -105 -65 -91 -9 71 -145 -47 63 67 -117 -19 63 29 91 -111 41 -49 127 93 123 35 -11 -111 131 135 -117 -7 -51 75 133 137 -13 -57 -119 -125 -23 -29 -139 87 -13
68
-149 -137 -147 -145 -141 -135 -139 -149 -141 -139 -139 -141 -143 -145 -137 -143 -145 -145 131 -139 -135 -145 -139 -141 -149 -141 -137 -139 -145 -139 -143 -135 -145 -137 -139 -147 -141 -147 129 -145 -137 -141 -143 131 -143 -145 -137 -147 -139 -147 -139 -149 -139 -147 -137 -149 123 -135 -137 -145 -135 -137 -141 -139 -145 -137 131 -143
69
-147 -141 134 -139 -137 -141 -147 -135 -147 -141 -145 -143 -135 -143 145 -143 -149 -143 -135 -145 -141 106 -143 127 -141 -137 -148 -147 -141 -145 -139 -147 -147 -135 -149 -149 -149 -141 -149 -145 -147 -141 -139 -145 -149 -141 -139 -143 -139 -135 -145 -145 -145 -137 139 -145 -137 -147 -143 -137 -147 -141 -145 -143 -147 -137 -147 -143 -147
66
143 135 143 145 141 -117 141 145 137 145 135 145 145 139 145 147 145 137 149 139 147 139 147 137 145 135 143 139 143 135 147 143 149 -147 135 139 139 137 137 139 141 -149 135 135 137 139 149 139 141 135 137 139 145 -135 145 139 145 135 147 145 149 143 147 -149 139 149
60
135 105 133 -137 -109 31 -21 -59 -63 -127 -24 69 101 17 69 -137 128 99 39 105 132 135 23 -109 -121 -75 89 19 127 -81 -59 -89 31 51 121 -37 110 89 -93 131 -13 135 -87 41 23 11 -45 -71 73 7 139 -28 -93 -3 -61 -65 39 106 107 13
60
27 63 143 99 25 109 -11 105 -1 -73 -29 143 17 81 -137 75 -11 145 -27 37 145 -71 -43 -141 -103 -85 -105 127 -113 -25 123 107 91 79 -37 105 -39 79 -89 77 -97 15 47 141 89 -87 -73 145 55 -131 -103 -119 -95 -129 -27 133 -117 141 73 129
61
139 62 87 131 65 -73 -133 67 -41 97 -5 -111 -71 11 135 64 33 -29 -53 125 -117 -71 34 83 129 7 -137 143 -15 127 70 -19 145 51 -43 45 55 -3 -101 35 134 -8 135 -117 -65 -101 51 -143 -61 43 71 101 43 -15 13 -73 99 -139 -71 129 -32
63
93 61 53 5 -111 8 113 -85 9 125 -83 -2 33 -101 -123 109 123 3 -43 -7 -113 13 -75 -131 9 139 23 -107 -47 35 -131 73 -79 -41 -67 135 -109 -37 31 45 -105 117 13 99 99 -67 -53 95 20 -131 -39 77 -17 -69 43 101 -15 147 139 97 91 131 -127
68
-138 -136 -136 -150 -142 -140 -140 -142 -150 -138 -138 -144 -142 -146 -150 -144 -150 -148 -144 -146 -150 -148 128 -138 94 -146 -142 -140 -138 -146 -142 -138 -146 -138 -140 -138 -144 -136 -140 -142 -146 -150 -140 -136 -144 -136 -148 -140 -142 -144 -138 -146 -142 -136 -144 -142 -150 -142 -144 -144 -144 -148 -142 -140 -144 -148 -138 128
70
-121 139 149 143 139 -141 141 149 -141 -123 139 141 141 139 137 147 139 139 143 137 145 139 141 147 147 143 147 139 147 145 145 145 147 135 147 137 145 145 137 147 -143 141 135 139 137 147 147 147 149 137 147 145 139 147 145 141 145 145 139 147 143 139 147 135 149 143 137 147 149 147
66
145 139 143 143 147 -125 145 145 145 145 145 143 145 137 143 135 149 145 135 135 145 135 143 145 135 135 137 147 -125 145 137 145 145 141 -99 139 141 145 145 139 141 147 137 147 147 149 -133 141 141 145 137 135 139 149 145 139 143 139 143 141 139 143 149 149 139 -117
60
-145 -149 87 -59 -39 145 -65 -115 -67 111 121 109 37 27 -71 -145 -81 -143 43 133 133 -61 101 27 -5 49 -109 149 -139 59 -55 -99 -131 25 -5 41 -29 -19 15 -109 -71 -97 117 35 83 29 37 83 97 115 -59 41 81 41 99 -119 93 59 107 -31
4
66 -81 -65 -14
66
145 -143 -147 -139 -149 -143 -137 -141 -139 -143 -141 -135 -135 -149 -143 -139 -135 -143 -135 -143 -141 -139 -149 -141 -147 -143 -137 -143 -141 -139 -143 -143 -145 -149 -147 -137 -141 -149 -145 -141 -137 -141 -135 -147 -147 -143 -143 -143 -141 -147 -143 -141 -145 -137 -137 -149 -137 -147 -149 -147 -141 -145 -149 -147 -149 -145
7
89 130 -112 -10 -150 -103 -136
64
-145 -135 -149 -143 -137 -147 -147 -145 -149 -141 -143 -135 -143 -147 -137 -139 -141 -135 -137 131 -145 -147 -141 -135 -139 -149 -149 -149 -147 -141 -145 -137 -135 -145 -141 -141 -137 -147 -137 -141 -135 -137 -149 -147 -141 -137 -149 -135 -145 -139 -141 -145 -149 -143 -147 -147 -139 -145 -135 -147 -147 -135 -149 -137
70
-139 -137 -147 -135 -141 -145 -137 -139 -142 -149 -143 -141 -148 -150 -147 -135 -143 -146 -136 -148 -145 -142 -139 -135 -139 -144 -144 -139 -145 -150 -135 -138 -140 -148 -148 -135 -140 -141 -138 -149 146 -140 -140 -137 -135 -147 -143 -138 -143 -149 -135 -137 -141 -138 -140 -135 -139 -136 -143 -137 -143 -144 -150 -138 -144 -141 -137 -142 -135 -139
64
-137 -141 -137 -145 -143 -143 -139 -135 -137 -139 -137 -149 -147 -139 -139 -135 -143 -147 -149 -141 -145 -137 -149 -139 -137 -135 -141 -149 -141 -137 -145 -141 -139 -141 -145 -135 -147 81 -145 -149 -143 -143 -135 -141 -139 103 -143 -141 -135 -149 -147 -145 -141 -141 -145 -143 -149 -139 -143 -139 111 -141 -143 -139
68
135 135 135 139 141 141 137 137 149 139 147 145 137 139 135 147 143 145 145 141 139 143 139 143 147 143 147 149 143 147 135 141 135 -149 149 135 135 143 149 141 137 141 -139 141 141 141 143 147 143 147 -127 149 147 149 139 137 149 143 137 145 143 137 -135 141 137 149 -145 149
60
93 -69 -129 -9 25 149 -77 143 -77 -5 123 143 83 9 -95 85 5 -2 137 -113 -139 117 75 -33 115 -127 -109 -65 139 -137 149 35 -59 71 -97 -81 -83 -89 3 103 -81 113 86 117 -51 17 99 -103 -27 69 -111 -97 -133 103 147 -147 65 -67 -65 129
62
-22 -74 20 -128 130 28 -90 -96 -24 -26 136 69 120 -30 58 37 20 -111 135 -142 -140 -82 -86 28 78 -89 -142 -88 123 144 118 142 -26 -74 -12 48 114 119 -62 -132 -92 -140 99 54 112 18 -122 -139 -150 -45 -105 76 39 40 -44 132 102 8 139 -96 109 16
5
78 -38 -106 -117 -45
70
-149 -135 -139 -145 -147 -139 -143 -143 -149 -139 -145 -149 -149 -139 -135 -141 -147 -149 -141 -137 -141 -141 -147 -143 -143 -139 -145 -141 -143 -149 -137 -137 -145 -143 -145 -137 -145 -147 -147 -145 -139 -135 -143 -147 -137 -139 -141 -141 -141 -145 99 -143 -137 -141 -141 -143 -147 -149 -145 -149 -143 -147 -147 -143 -135 -143 -135 -143 -137 -137
1
90
64
111 -145 -139 -139 -135 -147 -141 -143 -145 -135 -149 -145 -135 141 -149 -149 -141 -149 -149 -135 -141 -145 141 -139 -135 -137 -141 -141 -139 -139 -139 -135 -143 -135 -139 -145 -147 -137 -137 -135 -145 -137 -149 -145 -141 -139 -139 -137 -135 -135 -137 -147 -137 -149 -139 -135 -141 139 -141 -135 -147 -143 -147 139
63
144 -94 52 -82 150 86 -32 -140 -142 -74 90 96 -144 82 50 -100 138 44 -123 -122 72 150 -136 -32 -16 -70 -92 46 -92 -114 -116 -140 -36 -142 -42 -13 82 -10 14 90 -34 92 94 -6 -118 76 -90 -56 146 46 -134 -66 -122 20 134 -44 -106 147 20 48 63 -68 134
69
-149 -149 -149 -149 -149 -149 -149 -149 -149 -149 -149 -149 -149 -149 -149 -149 -149 -149 -149 -149 -149 -149 -149 -149 -149 -149 -149 -149 -149 -149 -149 -149 -149 -149 -149 -149 -149 -149 -149 -149 -149 -149 -149 -149 -149 -149 -149 -149 -149 -149 -149 -149 -149 -149 -149 -149 -149 -149 -149 -149 -149 -149 -149 -149 -149 -149 -149 -149 -149
64
139 135 139 137 147 149 143 139 135 141 -97 137 147 145 137 139 139 149 145 143 137 137 143 137 139 139 143 141 139 -121 139 139 143 137 143 139 145 141 141 149 137 139 135 145 135 139 137 143 141 141 -117 149 137 145 147 147 137 137 145 -93 149 137 143 -121
65
71 79 35 -79 -145 59 -9 27 45 109 -67 -123 137 -95 -113 55 149 75 -73 131 1 91 71 -25 21 27 37 -9 13 -111 87 3 61 5 -109 -99 59 -83 -69 33 -103 41 -41 -73 -135 67 69 -17 73 -19 115 91 -87 3 73 147 -129 -103 -115 -127 -147 -27 97 -5 -75
63
-22 -74 -74 -106 38 30 140 36 -74 -146 76 -120 12 -60 -72 46 100 -54 -78 138 -84 -82 80 -74 130 0 88 4 -56 38 -34 -30 -116 -20 94 -94 42 94 -76 -68 -112 58 52 92 -108 60 -98 -82 16 -122 -24 -138 -106 -150 -146 98 -54 -10 -138 -20 -54 -46 -50
69
135 139 148 137 -126 137 149 149 139 139 147 147 141 135 141 147 145 141 143 149 149 144 137 -133 147 -129 -137 137 139 147 137 137 139 137 142 139 -132 143 145 143 149 143 147 135 147 139 145 139 143 147 145 141 143 143 147 137 139 137 141 137 137 139 141 139 147 143 143 137 135
68
-21 147 -101 -123 -27 -29 -59 39 -113 -13 115 -31 3 17 -89 -29 43 -35 41 75 -39 -57 67 -21 -17 63 93 31 71 -45 -89 -95 91 87 -105 -73 149 -7 7 -113 -1 1 -115 -17 13 -123 115 -111 47 -59 -85 -17 -91 -37 -51 79 51 -143 123 -53 123 -51 -61 91 -3 105 -113 51
1
-47
68
39 -29 -111 133 -145 -143 23 71 143 41 -51 150 -27 103 -7 59 -87 149 11 -73 -63 -127 107 -47 -49 19 -109 85 124 27 145 -53 -105 140 -21 129 51 -65 -53 -119 15 -61 120 -105 -93 -35 109 81 -67 11 -85 7 -79 89 75 -87 -107 -97 35 103 113 149 89 -19 23 139 93 13
68
137 143 141 141 149 143 149 139 141 145 143 143 145 -95 135 137 147 145 145 149 149 -131 147 143 147 141 141 139 147 143 147 -125 145 147 139 149 149 135 137 145 143 149 149 145 135 145 141 145 147 143 135 141 139 141 147 147 145 149 139 147 137 135 147 145 141 149 145 145
70
150 150 150 150 150 150 150 150 150 150 150 150 150 150 150 150 150 150 150 150 150 150 150 150 150 150 150 150 150 150 150 150 150 150 150 150 150 150 150 150 150 150 150 150 150 150 150 150 150 150 150 150 150 150 150 150 150 150 150 150 150 150 150 150 150 150 150 150 150 150
70
140 150 146 140 142 140 138 140 146 144 148 150 138 -108 146 146 146 144 144 146 146 136 144 146 144 150 146 144 140 136 144 142 138 140 144 148 142 150 142 150 146 140 138 140 142 150 146 142 138 146 148 136 138 148 146 142 136 144 144 148 146 142 142 144 142 150 146 150 136 146
6
96 134 142 99 112 -107
62
141 139 143 143 141 141 147 139 137 135 139 143 143 141 139 137 137 147 141 147 147 137 145 147 137 143 145 137 135 135 137 145 147 137 137 145 137 137 145 143 143 143 149 145 145 137 141 139 141 147 147 145 147 137 137 143 147 139 145 -79 147 135
65
39 99 55 -107 3 -19 129 73 -87 -15 -45 -63 -147 -71 -43 -45 147 -83 -119 61 69 21 -139 145 -27 27 -9 -51 37 21 17 -89 31 -97 121 -87 47 59 57 -35 -117 -19 125 83 45 93 65 -31 99 -19 131 -143 13 -43 41 -39 -69 133 9 69 -15 -11 -93 -149 81
69
11 -51 145 -87 33 139 -111 77 -146 129 127 7 -120 109 -120 -63 -75 -18 -63 39 58 75 -85 -108 149 105 -133 -89 87 29 69 -53 -11 -99 -66 -121 -1 -140 -3 -141 -93 -73 63 145 6 119 65 -19 124 51 99 99 -85 39 -133 -115 81 85 -115 72 -57 78 -105 -88 132 99 -103 -41 84
62
145 139 145 141 135 147 135 143 149 137 143 135 147 137 139 147 145 139 147 139 145 145 137 139 139 141 143 145 141 143 143 143 137 147 139 147 -103 143 139 141 149 147 139 145 143 143 147 145 139 141 147 135 149 137 141 139 137 141 139 137 135 139
70
-149 -135 -145 -141 -137 -147 -149 -145 121 -145 -147 -141 -139 -149 -139 -137 -137 -141 -145 -135 -139 -145 -143 -147 -149 -141 -139 -147 -149 -135 -139 -139 -147 -139 -139 -135 -137 -137 -135 -149 -149 -143 -141 -145 -147 -143 -149 -137 -145 129 -147 -147 -137 -139 -135 131 -137 -141 -143 133 -143 -141 -143 -147 -145 -141 -139 -141 135 -141
64
29 -91 13 -149 49 -121 85 133 7 -3 -125 -141 107 -121 -33 13 77 33 -79 -81 51 133 143 59 59 -123 51 133 -3 -49 131 -103 89 29 1 -111 -73 -101 119 97 51 -13 117 115 95 95 123 -85 55 -11 119 -79 -65 79 75 115 -149 -15 77 45 -47 -113 99 -117
68
-140 -142 -136 -150 -142 -138 -144 -148 -138 -144 -142 -138 -138 -148 -138 -150 -144 -138 -138 -144 -142 -142 -140 -150 -136 -144 -144 -148 -144 -144 -140 -140 -142 -140 -142 -140 -140 -144 -140 -148 -148 -144 -140 -144 -148 -144 -140 -142 -136 -148 -140 -150 -148 -150 -142 -146 -148 -148 -142 -148 -136 -146 -144 124 -138 -140 -138 -148
70
-143 -141 -145 -135 -149 -135 -143 -139 -137 -141 -149 -135 -137 -137 109 -147 -143 -141 -147 -139 -147 -137 -135 -141 -137 -135 -139 -137 -135 -139 -149 -143 -137 -145 -141 -141 -135 -143 -137 -147 -135 -135 -145 -139 -141 -139 -149 -137 -135 -135 -143 -143 -137 -139 -143 137 -141 -141 -135 -141 -135 -149 -145 -139 127 -141 -139 -139 -145 -139
62
-139 -145 -143 -145 -143 -139 -145 -145 -143 -147 -149 -147 -147 -149 101 -147 -135 -145 -145 105 -139 -139 -135 -145 -147 -145 -149 -149 -137 -147 -147 -137 -141 -141 -147 -143 -143 -149 -143 -139 -143 -145 -135 -137 -139 -143 -135 75 -139 -143 -143 -137 -149 -135 -147 -143 -147 -149 -149 -147 -137 -145
62
147 -117 147 141 143 145 139 141 149 143 147 147 -101 135 139 139 141 147 143 143 139 139 -127 145 141 143 147 141 139 137 147 143 143 135 139 143 -125 149 -147 141 137 135 139 145 147 139 147 149 141 139 141 145 139 145 149 139 139 137 149 139 135 145
69
-78 47 107 -35 19 -87 -103 -145 -147 -55 29 118 71 -105 149 -73 -81 -99 101 -91 -61 -141 51 107 -147 129 125 -91 -25 -123 117 65 -129 27 -119 95 41 -91 -39 73 104 -43 -141 115 145 147 -17 -73 -93 111 25 149 89 59 18 -1 -89 -137 105 -45 107 9 24 -83 -73 33 35 45 67
64
51 -75 -69 83 -17 -69 -31 111 137 97 -129 97 37 5 -15 -89 101 31 35 -145 143 -91 -139 79 -25 101 -55 131 -25 5 29 -19 131 139 47 -103 -99 27 -111 -5 -5 -5 91 -51 -27 57 -41 125 -117 -75 139 -135 59 35 -1 127 -51 -27 113 41 -39 119 -75 -99
70
-71 59 -79 133 -91 55 -25 -103 -3 129 -61 -115 127 53 21 61 23 -35 81 11 -109 135 -115 145 -93 49 35 -145 -39 -25 -7 53 -37 -105 115 123 147 -37 49 -21 145 -133 15 71 87 -51 135 21 -3 -35 -93 75 145 -7 19 -45 -79 67 5 -23 -9 5 -149 1 17 -49 97 -9 33 17
70
-147 -141 -149 -143 -139 -143 -139 -147 -135 -143 -139 -135 138 -143 118 -135 -137 -141 -141 -141 -137 -143 -137 -147 -141 -143 -143 -135 -135 -145 -137 -135 -141 -145 -147 -143 75 -143 -137 -147 -149 -139 -149 -145 -141 -139 -147 -135 -143 -149 -139 -145 -149 -147 -149 132 -141 -149 -149 -137 -137 -139 -145 122 -141 -147 -135 -141 -147 -137
68
-137 -139 -149 -147 -141 -135 -145 -147 -143 -135 -137 -147 -143 -137 -137 -139 -149 -145 -135 -147 -137 -147 -139 -141 -135 -147 -141 -143 -137 -147 -145 -149 -139 -145 -137 -149 -139 127 -137 -145 -137 -143 -143 -137 -147 -137 -139 -149 -137 -135 -141 -135 -143 -145 -141 -147 -139 -139 -145 -147 -137 -137 -147 -143 -145 -141 -147 -143
69
38 12 102 114 2 -28 -96 64 76 90 -26 34 110 -122 -124 10 70 144 98 22 -138 -104 80 -150 114 124 6 -28 -94 -112 -30 -46 146 -114 14 -20 34 -132 -88 -90 -150 128 22 130 78 -60 138 76 68 -110 112 -100 56 -118 -146 56 -78 50 -54 -28 -80 10 -2 -22 22 -38 2 -112 76
66
147 143 147 139 143 141 137 135 149 139 145 145 145 137 145 137 143 149 137 139 143 135 135 139 143 143 137 145 141 139 145 149 135 137 145 149 149 143 149 139 139 139 137 135 147 145 145 135 -125 145 139 145 145 145 -129 141 135 139 135 149 141 145 -133 147 149 149
66
-143 -135 -145 -137 -141 -139 -143 -137 -149 -137 -135 -145 -137 -135 -147 -135 -135 -149 -137 -139 -141 -141 -147 -147 -149 -141 -145 -137 -137 -149 -135 -137 -137 -135 -137 -139 -139 -143 -147 -135 -135 -145 -141 -145 -141 -145 -139 -141 -137 -147 -141 -147 -143 -135 -149 -137 119 -139 -137 -143 -139 -135 -147 -137 -139 -147
70
140 -116 150 142 142 146 142 -98 150 148 138 140 146 140 136 142 142 140 150 136 138 140 140 142 146 138 142 138 146 142 138 140 138 140 142 142 142 142 144 146 140 140 136 146 146 138 148 144 142 136 138 146 -104 136 136 140 136 144 148 142 146 136 146 142 144 144 146 150 138 144
68
135 147 141 145 143 141 147 139 141 145 139 149 149 143 137 135 139 141 145 145 147 145 147 147 147 137 135 149 143 147 137 139 139 143 135 141 143 135 137 135 139 147 137 135 139 135 141 145 145 141 147 143 147 139 141 139 145 137 -129 139 139 145 147 141 135 139 145 147
0
