Yes
1 -3 6
6 1 -3
Yes
2 4 4
2 4 4
No
Yes
3 -1 4 -1 5 -9
-9 -1 -1 3 4 5
Yes
-50
-50
Yes
-244 203 -312 375 -496 503 -384 236 -385 362 -399 482 -447 416 -387 522 -417 282 -137 268 -305 342 -309 352 -491 570 -537 391 -386 429 -442 443 -370 403 -322 203 -202 325 -426 359 -252 402 -311 452 -423 278 -257 152 -259 406 -405 276 -167 84 -17 22 9 116 -77 78 31 96 -145 14 41 -188 213
203 -312 375 -496 503 -384 236 -385 362 -399 482 -447 416 -387 522 -417 282 -137 268 -305 342 -309 352 -491 570 -537 391 -386 429 -442 443 -370 403 -322 203 -202 325 -426 359 -252 402 -311 452 -423 278 -257 152 -259 406 -405 276 -167 84 -17 22 9 116 -77 78 31 96 -145 14 41 -188 213 -244
No
Yes
0 -4 145 151 163 -284 -22 -30 167 173 -36 185 197 -48 203 207 217 229 237 241 249 13 21 31 -56 -64 35 -72 -80 39 41 -90 -98 -102 -110 -221 -217 -207 124 114 110 -199 104 73 81 102 100 360 354 87 342 70 62 97 58 103 117 48 123 40 32 24 135 14
145 151 -4 -284 -22 163 167 173 -30 -36 185 -48 -56 197 -64 -72 -80 -90 -98 -102 -110 124 114 110 203 207 104 217 229 102 100 237 241 249 13 360 354 342 21 31 35 70 39 62 58 41 -221 -217 -207 48 -199 73 81 40 87 32 24 97 14 103 117 123 0 135
Yes
81 64 83 52 89 -59 56 -180 325 -184 329 -188 81 62 75 60 75 -199 338 -199 334 -193 342 -193 334 -191 332 -189 334 -185 334 -197 342 -207 354 -205 348 -201 336 -193 338 -191 81 56 79 60 83 62 83 66 79 66 73 64 73 64 81 60 85 64 85 64 71 68 77 60 89 60 83 58
64 83 52 89 56 -59 -180 325 -184 329 -188 81 62 75 60 75 -199 338 -199 334 -193 342 -193 334 -191 332 -189 334 -185 334 -197 342 -207 354 -205 348 -201 336 -193 338 -191 81 56 79 60 83 62 83 66 79 66 73 64 73 64 81 60 85 64 85 64 71 68 77 60 89 60 83 58 81
No
No
Yes
265 -276 127 -64 131 -254 129 -82 173 -106 155 -18 -63 198 -293 418 34 -543 546 -549 630 -621 508 -561 674 -775 790 -649 666 -681 610 -575 500 -495 574 -667 578 -585 644 -557 464 -351 356 -403 390 -303 298 -421 286 -373 296 -401 378 -517 458 -361 302 -431 290 -210
-276 127 -64 131 -254 129 -82 173 -106 155 -18 -63 198 -293 418 -543 34 546 -549 630 -621 508 -561 674 -775 790 -649 666 -681 610 -575 500 -495 574 -667 578 -585 644 -557 464 -351 356 -403 390 -303 298 -421 286 -373 296 -401 378 -517 458 -361 302 -431 290 -210 265
Yes
0 4 -143 -151 -157 14 16 -159 20 -169 -175 28 38 50 -187 -193 -205 -217 56 70 82 88 -225 -237 -247 98 -251 108 -259 114 -265 122 -273 -279 -287 -299 -313 -327 -333 130 134 140 -347 150 164 178 190 198 206 -355 -365 218 -375 226 -381 234 246 254 -395 -401 -125 -133 262 -10 -139 -4
-143 -151 4 14 16 -157 -159 20 -169 28 38 -175 -187 -193 50 56 70 82 -205 -217 -225 -237 88 98 108 -247 114 -251 122 -259 130 -265 134 140 150 164 178 190 198 -273 -279 -287 206 -299 -313 -327 -333 -347 -355 218 226 -365 234 -375 246 -381 -395 -401 254 262 -10 -4 -125 -133 0 -139
Yes
-71 97 -235 89 -235 91 -235 97 -243 95 -237 95 -233 89 -235 91 -231 87 -225 77 -221 75 -219 83 -227 77 -221 83 51 -193 57 -195 59 -201 59 89 -231 95 51 -195 53 -191 51 -193 49 -189 53 -201 53 -193 57 -197 55 -193 49 -195 57 -207 57 -203 63 -205 65 -215 73 -223 87 -235
-71 -235 89 -235 91 -235 97 -243 95 -237 95 -233 89 -235 91 -231 87 -225 77 -221 75 -219 83 -227 77 -221 83 51 -193 57 -195 59 -201 59 89 -231 95 51 -195 53 -191 51 -193 49 -189 53 -201 53 -193 57 -197 55 -193 49 -195 57 -207 57 -203 63 -205 65 -215 73 -223 87 -235 97
Yes
155 -194 223 -222 104 -154 150 -170 117 -58 130 -236 375 -445 555 -551 431 -575 525 -523 569 -586 696 -568 579 -504 476 -389 530 -615 599 -647 502 -370 241 -237 121 -108 18 61 -71 183 -41 11 -91 130 -29 15 -149 229 -302 338 -228 291 -146 192 -177 251 -219 333 -348 207 -314 261 -241
-194 223 -222 104 -154 150 -170 117 -58 130 -236 375 -445 555 -551 431 -575 525 -523 569 -586 696 -568 579 -504 476 -389 530 -615 599 -647 502 -370 241 -237 121 -108 18 61 -71 183 -41 11 -91 130 -29 15 -149 229 -302 338 -228 291 -146 192 -177 251 -219 333 -348 207 -314 261 -241 155
Yes
73 -69 211 -73 -51 197 -61 207 -59 197 -49 187 -45 187 -51 195 -47 189 -45 193 -47 189 -49 195 -59 207 -341 485 -339 483 -341 485 -345 483 -339 205 -55 201 -59 205 -67 215 -75 215 -77 221 -83 221 -83 227 -83 221 -71 213 -65 209 -71 207 -71 215 -75 217 -81 217 -75 211 -69 209 -69 205
73 211 -73 -51 197 -61 207 -59 197 -49 187 -45 187 -51 195 -47 189 -45 193 -47 189 -49 195 -59 207 -341 485 -339 483 -341 485 -345 483 -339 205 -55 201 -59 205 -67 215 -75 215 -77 221 -83 221 -83 227 -83 221 -71 213 -65 209 -71 207 -71 215 -75 217 -81 217 -75 211 -69 209 -69 205 -69
Yes
0 125 365 353 359 467 441 459 499 473 397 505 273 271 305 35 73 147 315 153 -27 -175 -307 -234 -93 47 95 -65 -113 -232 -278 -49 29 -89 -394 -368 -466 -418 -568 -514 -516 -418 -340 -268 -162 4 -130 -210 -232 -52 66 174 216 16 22 -54 164 66 86 18
125 -234 -232 -278 -394 -368 -466 -418 -568 -514 -516 -418 -340 -268 -162 4 -130 -210 -232 -52 66 174 216 365 16 22 -54 164 66 353 359 86 18 0 467 441 459 499 473 397 505 273 271 305 35 73 147 315 153 -27 -175 -307 -93 47 95 -65 -113 -49 29 -89
Yes
-137 -387 0 -383 -369 250 242 -361 234 222 218 -75 -69 -61 -70 -74 -86 -51 -92 -47 -102 -114 -128 -33 -136 -144 -21 -148 -7 -3 -154 -158 3 11 13 17 25 -164 -174 37 -180 -186 -194 -200 39 49 53 -212 62 56 52 63 46 77 -199 -195 40 -189 32 -183 -179 -169 -161 22 -153 18 -147 8
250 242 -137 234 222 -387 -383 218 -369 -361 -75 -70 -74 -86 -69 -61 -51 -92 -47 -102 -33 -21 -7 -114 -3 3 -128 11 -136 -144 13 17 -148 -154 -158 -164 -174 25 37 -180 39 49 53 63 -186 -194 -200 77 -199 -195 -189 -212 -183 62 56 52 -179 46 -169 40 32 22 18 -161 8 -153 0 -147
Yes
77 26 -121 142 -33 175 -193
26 -121 142 -33 175 -193 77
No
Yes
0 8 -147 276 -157 288 -425 -431 294 306 310 -443 312 318 324 -451 -453 -457 -463 334 -469 -479 342 348 -487 -491 350 -493 -499 -251 352 364 -261 -263 114 -275 -287 -299 -307 -311 120 -317 126 140 150 -329 158 168 -333 -339 -87 170 182 -93 -105 -117 188 -123 196 202 -54 -135 -42 -30 -22 -14
-147 -157 8 -425 276 -431 288 294 -443 -451 -453 306 -457 -463 -469 310 312 318 324 -479 334 342 -487 -491 348 350 -493 352 364 114 -499 -251 120 126 -261 140 150 158 168 170 -263 182 -275 -287 -299 188 -307 -311 196 202 -54 -317 -329 -42 -30 -22 -333 -14 -339 -87 -93 0 -105 -117 -123 -135
Yes
-36 142 -133 171 -39
142 -133 171 -39 -36
Yes
-342 357 -242 275 -308 255 -192 58 -45 114 1 48 -25 56 -117 70 -84 157 -32 -5 146 -145 6 -71 -46 90 -71 194 -47 194 -163 154 -219 116 -183 208 -287 196 -227 330 -394 289 -272 223 -258 127 -60 -19 100 -73 142 -165 52 -112 149 -60 99 -210 213 -306 395 -380 251
357 -242 275 -308 255 -192 58 -45 114 1 48 -25 56 -117 70 -84 157 -32 -5 146 -145 6 -71 -46 90 -71 194 -47 194 -163 154 -219 116 -183 208 -287 196 -227 330 -394 289 -272 223 -258 127 -60 -19 100 -73 142 -165 52 -112 149 -60 99 -210 213 -306 395 -380 251 -342
Yes
-89 -54 -69 218 -81 218 -83 224 -75 214 -75 -65 210 -67 214 -355 496 -357 496 -361 502 -353 502 -359 494 -353 494 -351 486 -343 488 -351 492 -353 490 -347 492 -343 486 -341 488 -353 494 -347 496 -351 488 -353 490 -349 484 -347 212 -67 216 -75 218 -73 212 -65 206 -59 198 -59 206 -71 212 -77 226
-54 -69 218 -81 218 -83 224 -75 214 -75 -65 210 -67 214 -355 496 -357 496 -361 502 -353 502 -359 494 -353 494 -351 486 -343 488 -351 492 -353 490 -347 492 -343 486 -341 488 -353 494 -347 496 -351 488 -353 490 -349 484 -347 212 -67 216 -75 218 -73 212 -65 206 -59 198 -59 206 -71 212 -77 226 -89
Yes
-36 -36
-36 -36
Yes
97 143 33 33 -85 -81 -227 -79 -157 -11 29 0 -23 115 53 239 355 321 87 -71 -99 137 105 49 65 -37 -113 79 29 -20 -113 -139 -305 -273 -89 -173 -68 -119 78 -34 -24 198 144 14 66 -28 -84 14 -148 -114 -302 -356 -200 -54 44 -40 -242 16 6 -6 22 28 -172 40 146 246 366 138 48 180
-20 -68 78 -34 -24 198 144 14 66 -28 -84 97 14 -148 -114 -302 -356 -200 -54 44 -40 -242 16 6 -6 22 28 -172 40 143 146 246 366 138 48 180 33 0 33 -85 -81 -227 -79 -157 -11 29 -23 115 53 239 355 321 87 -71 -99 137 105 49 65 -37 -113 79 29 -113 -139 -305 -273 -89 -173 -119
Yes
-75 -197 62 -206 63 -212 71 -214 66 -214 75 -224 82 -217 339 -477 335 -471 324 -207 67 -212 70 -209 69 -219 71 -218 73 -218 76 -223 80 -221 74 -216 69 51 -189 40 -175 28 -166 31 -173 23 -167 23 -167 20 -165 26 -173 26 -176 31 -180 44 -193 58 -198 57 -199 59 -196 51 -191 54
-75 62 -206 63 -212 71 -214 66 -214 75 -224 82 -217 339 -477 335 -471 324 -207 67 -212 70 -209 69 -219 71 -218 73 -218 76 -223 80 -221 74 -216 69 51 -189 40 -175 28 -166 31 -173 23 -167 23 -167 20 -165 26 -173 26 -176 31 -180 44 -193 58 -198 57 -199 59 -196 51 -191 54 -197
Yes
0 -95 -139 -307 -519 -741 -627 -639 -635 -793 -869 -705 -485 -477 -591 -341 -377 34 -531 -659 -511 -483 -287 -227 -187 -219 -217 -125 -73 -3 240 398 21 616 -1 762 546 634 758 848 848 606 422 570 452 486 506 596 560 452 386 296 210 260 364 172 124 -60 -66 82
-95 34 240 398 616 762 546 634 758 848 848 606 422 570 452 486 506 -139 596 560 452 386 296 210 260 364 172 124 -60 -66 -307 -519 82 -741 0 -627 -639 -635 -793 -869 -705 -485 -477 -591 -341 -377 -531 -659 -511 -483 -287 -227 -187 -219 -217 -125 -73 -3 21 -1
Yes
-35 -27 72 -84
72 -27 -84 -35
Yes
-72 -214 68 -204 62 -212 74 -212 70 -206 62 -198 52 -196 58 -194 46 -192 50 -198 58 -200 50 -194 44 -192 50 -190 40 -190 42 -186 36 -180 38 -180 38 -182 36 -186 46 -184 38 -180 36 -176 32 -182 32 -176 36 56 -192 56 -198 48 -192 50 -196 56 -200 56 -196 54 -196 56 -206 62 -210 68
-72 68 -204 62 -212 74 -212 70 -206 62 -198 52 -196 58 -194 46 -192 50 -198 58 -200 50 -194 44 -192 50 -190 40 -190 42 -186 36 -180 38 -180 38 -182 36 -186 46 -184 38 -180 36 -176 32 -182 32 -176 36 56 -192 56 -198 48 -192 50 -196 56 -200 56 -196 54 -196 56 -206 62 -210 68 -214
Yes
143 149 -61 0 -6 -57 -14 -53 200 -45 196 -37 192 180 -253 -251 174 392 -243 -229 -221 -213 388 -201 -195 -183 378 366 -173 358 350 340 332 320 49 92 90 80 76 55 64 61 71 81 56 50 85 40 32 97 103 26 111 115 22 119 125 135 16 14 137 4
-6 -14 200 143 149 196 -61 192 -57 180 -53 174 -45 -37 392 388 -253 -251 378 366 358 350 -243 340 332 320 -229 -221 92 -213 -201 -195 -183 -173 90 49 55 61 71 80 81 76 64 56 85 97 50 103 111 40 32 115 26 22 119 16 14 4 125 135 0 137
Yes
52 -552 565 -416 463 -432 467 -387 503 -629 669 -695 557 -558 611 -686 658 -711 602 -666 545 -435 481 -404 453 -482 340 -324 253 -257 145 0 -76 93 -186 291 -309 431 -331 439 -462 495 -502 597 -718 582 -549 594 -485 610 -627 530 -418 339 -283 356 -289 346 -212 82 -221 215 -344 410 -361 351 -299 413 -483 495
52 565 -416 463 -432 467 -387 503 -629 669 -695 557 -558 611 -686 658 -711 602 -666 545 -435 481 -404 453 -482 340 -324 253 -257 145 0 -76 93 -186 291 -309 431 -331 439 -462 495 -502 597 -718 582 -549 594 -485 610 -627 530 -418 339 -283 356 -289 346 -212 82 -221 215 -344 410 -361 351 -299 413 -483 495 -552
Yes
149 149 149 149 149 149 149 149 149 149 149 149 149 149 149 149 149 149 149 149 149 149 149 149 149 149 149 149 149 149 149 149 149 149 149 0 0 0 0 0 0 0 0 0 0 0 0 0 0 0 0 0 0 0 0 0 0 0 0 0 0 0 0 0 0 0 0 0 0 0
0 0 0 0 0 0 0 0 0 0 0 0 0 0 0 0 0 0 0 0 0 0 0 0 0 0 0 0 0 0 0 0 0 0 0 149 149 149 149 149 149 149 149 149 149 149 149 149 149 149 149 149 149 149 149 149 149 149 149 149 149 149 149 149 149 149 149 149 149 149
No
Yes
71 46 -129 45 68 -200 216 -296 257 -225 298 -267 240 -225 291 -351 471 -535 470 -378 284 -176 154 -278 204 -234 264 -329 431 -355 481 -541 401 -343 411 -456 580 -594 647 -651 679 -715 567 -691 557 -526 472 -526 426 -374 334 -418 353 -329 275 -261 355 -216 150 -39 105 -81 179 -122 128 -169
71 -129 45 68 -200 216 -296 257 -225 298 -267 240 -225 291 -351 471 -535 470 -378 284 -176 154 -278 204 -234 264 -329 431 -355 481 -541 401 -343 411 -456 580 -594 647 -651 679 -715 567 -691 557 -526 472 -526 426 -374 334 -418 353 -329 275 -261 355 -216 150 -39 105 -81 179 -122 128 -169 46
Yes
305 -192 193 -254 393 -244 119 -84 15 199 -224 200 -273 170 -133 224 -207 66 9 -76 103 -86 35 28 109 -108 207 -142 29 -176 185 -68 -5 44 -51 180 -37 -62 37 -32 53 -24 15 66 -71 164 -61 118 -3 18 127 -50 83 -44 -47 80 -133 184 -63 -82 133 -252
-192 193 -254 393 -244 119 -84 199 15 -224 200 -273 170 -133 224 -207 66 9 -76 103 -86 35 28 109 -108 207 -142 29 -176 185 -68 -5 44 -51 180 -37 -62 37 -32 53 -24 15 66 -71 164 -61 118 -3 18 127 -50 83 -44 -47 80 -133 184 -63 -82 133 -252 305
No
Yes
-147 -155 -159 0 8 14 24 36 -173 -183 42 -191 -197 50 -203 -209 60 -217 62 70 80 -227 -237 -249 -259 -263 90 100 110 -269 -273 120 126 130 -277 132 -285 -299 -309 138 -323 150 -331 164 -337 174 182 190 -71 -79 -89 200 -64 -58 -48 -40 -101 -105 -115 -125 -135 -30 -22 -12
8 14 24 -147 -155 -159 -173 -183 36 42 -191 50 60 -197 62 70 -203 80 -209 -217 -227 90 100 110 120 126 -237 -249 -259 130 132 -263 -269 -273 138 -277 150 164 174 -285 182 -299 190 -309 200 -323 -331 -337 -64 -58 -48 -71 -79 -89 -101 -105 -40 -30 -22 -12 0 -115 -125 -135
Yes
-337 200 -343 202 -337 202 -349 202 -341 200 -343 194 -337 476 -617 472 -611 462 -341 192 -337 202 -59 -76 -69 -70 -77 -68 -69 -68 -79 -66 -71 -66 -73 -62 -77 -72 -67 -70 -73 -62 -73 -72 -63 -78 -65 -70 -65 -76 -63 -74 -65 56 -74 -63 -74 -73 -66 184 -319 174 -321 184 -329 190 -335 198 -333 196
200 -343 202 -337 202 -349 202 -341 200 -343 194 -337 476 -617 472 -611 462 -341 192 -337 202 -59 -76 -69 -70 -77 -68 -69 -68 -79 -66 -71 -66 -73 -62 -77 -72 -67 -70 -73 -62 -73 -72 -63 -78 -65 -70 -65 -76 -63 -74 -65 -74 56 -63 -74 -73 -66 184 -319 174 -321 184 -329 190 -335 198 -333 196 -337
Yes
103 167 427 603 607 535 639 0 471 283 423 -60 299 459 -296 277 71 157 273 163 33 23 43 163 103 75 -486 -5 57 219 217 175 43 -71 -534 -113 -7 17 -646 -644 -612 -388 -324 -398 -310 -400 -212 -66 -212 -152 -138 -94 -2 -156 -76 -210 -126 50 -110 -246 -308 -140 50 4 106 -138
-60 -296 -486 -534 -646 -644 -612 103 -388 -324 -398 167 -310 -400 427 -212 -66 -212 -152 -138 -94 -2 -156 -76 -210 -126 603 50 -110 -246 -308 -140 50 4 607 106 -138 0 535 639 471 283 423 299 459 277 71 157 273 163 33 23 43 163 103 75 -5 57 219 217 175 43 -71 -113 -7 17
Yes
-129 0 -187 -133 -231 -93 59 137 157 51 253 189 195 211 169 107 61 87 143 55 -17 -91 157 56 141 -83 -77 -247 -259 -213 -161 128 -205 -21 -121 87 204 154 -54 -114 -208 -28 -150 -270 -272 -228 -284 -64 -108 -60 -84 -60 46 70 -12 -54 -12 56 184 132 184 276 158 64 128 -22
56 -129 128 204 154 -54 -114 -208 -28 -150 -270 -272 -228 -284 -64 -108 -60 -84 -60 46 70 -12 -54 -187 -12 56 184 132 184 276 158 -133 64 128 -22 0 -231 -93 59 137 157 51 253 189 195 211 169 107 61 87 143 55 -17 -91 157 141 -83 -77 -247 -259 -213 -161 -205 -21 -121 87
Yes
67 -513 643 -549 537 -461 371 -335 187 -91 217 -365 311 -441 333 -187 233 -249 153 -113 57 -173 97 -195 73 -183 143 -219 159 -77 95 1 -57 -93 183 -33 -35 91 -233 311 -279 149 -217 303 -413 321 -251 237 -231 281 -167 209 -331 363 -349 235 -271 259 -285 405 -461 511
67 643 -549 537 -461 371 -335 187 -91 217 -365 311 -441 333 -187 233 -249 153 -113 57 -173 97 -195 73 -183 143 -219 159 -77 95 1 -57 -93 183 -33 -35 91 -233 311 -279 149 -217 303 -413 321 -251 237 -231 281 -167 209 -331 363 -349 235 -271 259 -285 405 -461 511 -513
Yes
137 127 0 119 12 113 20 107 24 32 359 353 -218 -214 343 -208 331 319 309 299 287 283 -196 -182 -172 275 -162 267 259 -152 247 239 233 -144 -136 225 -132 -118 -110 -98 219 -96 -86 -82 -74 -64 -54 -48 -40 213 -30 199 193 183 175 165 161 153 -20 -14 145 -10
12 20 137 24 127 32 119 -218 113 107 -214 -208 359 353 -196 343 -182 -172 -162 -152 -144 -136 331 319 309 -132 299 -118 -110 287 -98 -96 -86 283 275 -82 267 259 247 239 -74 233 225 219 213 199 193 183 175 -64 165 -54 -48 -40 -30 -20 -14 -10 161 153 0 145
Yes
47
47
Yes
-49 -265 -331 -385 -641 -745 -765 0 -729 -601 -487 -567 -505 -509 -537 -303 -303 -313 -207 136 -113 -7 89 45 -1 -209 -99 -137 -53 21 103 95 27 -147 -67 354 350 520 612 858 716 604 516 592 594 518 410 440 260 388 306 106 24 6 22 -90 80 194 34 38 94 28 -100 -80 68 74
136 354 350 520 612 858 716 -49 604 516 592 594 518 410 440 260 388 306 106 -265 24 6 22 -90 80 194 34 38 94 28 -100 -80 68 74 0 -331 -385 -641 -745 -765 -729 -601 -487 -567 -505 -509 -537 -303 -303 -313 -207 -113 -7 89 45 -1 -209 -99 -137 -53 21 103 95 27 -147 -67
Yes
0 141 181 205 315 591 603 443 295 331 187 143 23 235 -84 249 57 -19 11 -70 -105 -267 -125 -73 -25 -204 15 -187 -450 -127 -500 41 15 -59 -173 -87 -131 -546 -444 -348 -210 -176 -52 -170 -280 -168 -6 -78 8 138 202 220 0 110 40 230 44 -78 -14 130 132 128
141 -84 -70 -204 -450 -500 -546 -444 -348 -210 -176 -52 -170 -280 181 -168 -6 -78 8 205 138 202 220 0 110 315 40 230 591 44 603 -78 -14 130 132 128 0 443 295 331 187 143 23 235 249 57 -19 11 -105 -267 -125 -73 -25 15 -187 -127 41 15 -59 -173 -87 -131
Yes
0 -107 -30 -36 177 -44 -46 179 187 -56 193 -64 201 -66 -72 -82 207 -88 -94 211 221 229 233 -102 237 245 249 261 -104 545 553 -114 -400 563 573 -410 577 -418 323 -424 -432 -436 -188 -192 -194 331 -200 -204 -206 -208 335 -214 341 345 347 349 34 28 351 103 113 121 131 16 135 8
-107 -30 177 179 -36 187 193 -44 -46 201 -56 207 -64 211 221 229 -66 233 237 -72 -82 -88 -94 245 -102 -104 -114 -400 249 -410 -418 261 545 -424 -432 553 -436 563 -188 573 577 323 331 335 341 -192 345 347 349 351 -194 103 -200 -204 -206 -208 113 121 -214 34 28 16 8 131 0 135
Yes
69 105 -19 211 167 191 69 303 167 215 321 199 299 247 243 151 243 0 11 -1 27 265 249 391 407 297 183 -81 -10 135 21 141 41 7 40 -74 -282 -118 -56 -162 -316 -278 -240 -284 -208 -366 -368 -228 -118 -112 -80 18 -160 -262 -352 -516 -288 -248 -68 -54 -2 -26 -98 100
-10 40 -74 -282 -118 -56 -162 -316 -278 -240 -284 -208 -366 -368 -228 -118 -112 69 -80 18 -160 -262 -352 -516 -288 -248 -68 -54 105 -2 -26 -98 100 0 -19 211 167 191 69 303 167 215 321 199 299 247 243 151 243 11 -1 27 265 249 391 407 297 183 -81 135 21 141 41 7
Yes
-343 229 -285 363 -483 587 -583 459 -471 345 -309 251 -275 215 -327 259 -147 213 -187 193 -245 257 -179 133 -95 187 -281 295 -241 357 -319 351 -499 437 -331 481 -589 455 -563 689 -713 823 -687 793 -865 715 -607 495 -413 387 -507 377 -293 195 -79 -31 105 -225 311 -251 267 -391 469
229 -285 363 -483 587 -583 459 -471 345 -309 251 -275 215 -327 259 -147 213 -187 193 -245 257 -179 133 -95 187 -281 295 -241 357 -319 351 -499 437 -331 481 -589 455 -563 689 -713 823 -687 793 -865 715 -607 495 -413 387 -507 377 -293 195 -79 -31 105 -225 311 -251 267 -391 469 -343
Yes
127 97 353 187 359 411 415 267 239 323 281 0 321 161 227 175 19 -55 -265 -367 -441 -369 -209 -439 -389 -221 -199 -97 -265 -131 -40 -65 -234 3 -210 -328 -330 -272 -416 -306 -268 -302 -290 -260 -158 -232 -132 -68 202 228 490 372 278 298 292 362 322 238 174 220 32 30
-40 -234 -210 -328 -330 -272 -416 -306 -268 -302 -290 127 -260 -158 -232 -132 -68 202 228 490 372 278 298 292 362 322 238 174 220 32 97 30 353 0 187 359 411 415 267 239 323 281 321 161 227 175 19 -55 -265 -367 -441 -369 -209 -439 -389 -221 -199 -97 -265 -131 -65 3
Yes
-3 219 141 293 91 15 -269 -327 -417 -299 -237 -247 -283 -201 -275 -43 -137 -169 0 -19 -179 -141 -345 -295 -207 -391 -419 -197 3 109 205 -72 -78 33 -158 -226 -74 120 268 290 302 166 154 260 170 224 140 102 148 112 38 224 286 388 258 252 528 284 48 -60 -258 -164
-72 -78 -158 -226 -74 120 268 290 302 166 154 260 170 224 140 102 148 112 -3 38 224 286 388 258 252 528 284 48 -60 -258 -164 219 141 0 293 91 15 -269 -327 -417 -299 -237 -247 -283 -201 -275 -43 -137 -169 -19 -179 -141 -345 -295 -207 -391 -419 -197 3 109 205 33
Yes
-68 -767 623 -761 617 -767 631 -771 631 -779 637 -781 637 -775 625 -775 629 -487 347 -209 61 -209 71 -221 81 -227 77 -225 79 -225 85 -231 83 63 -199 49 -193 55 -195 54 -204 68 -205 57 -199 344 -486 346 -490 342 -490 340 -484 340 -488 348 -496 350 -488 346 -492 354 -492 348 -498 627
-68 623 -761 617 -767 631 -771 631 -779 637 -781 637 -775 625 -775 629 -487 347 -209 61 -209 71 -221 81 -227 77 -225 79 -225 85 -231 83 63 -199 49 -193 55 -195 54 -204 68 -205 57 -199 344 -486 346 -490 342 -490 340 -484 340 -488 348 -496 350 -488 346 -492 354 -492 348 -498 627 -767
No
Yes
-75 -75 -75 -75 -75 -75 -75 -75 -75 -75 -75 -75 -75 -75 -75 -75 -75 -75 -75 -75 -75 -75 -75 -75 -75 -75 -75 -75 -75 -75 -75 -75 -75 -75 -75 -75 -75 -75 -75 -75 -75 -75 -75 -75 -75 -75 -75 -75 -75 -75 -75 -75 -75 -75 -75 -75 -75 -75 -75 -75 -75 -75 -75 -75 -75 -75 -75 -75 -75 -75
-75 -75 -75 -75 -75 -75 -75 -75 -75 -75 -75 -75 -75 -75 -75 -75 -75 -75 -75 -75 -75 -75 -75 -75 -75 -75 -75 -75 -75 -75 -75 -75 -75 -75 -75 -75 -75 -75 -75 -75 -75 -75 -75 -75 -75 -75 -75 -75 -75 -75 -75 -75 -75 -75 -75 -75 -75 -75 -75 -75 -75 -75 -75 -75 -75 -75 -75 -75 -75 -75
Yes
278 -154 264 -353 277 -169 235 -258 243 -381 313 -194 166 -154 73 -64 172 -280 154 -108 120 -118 96 -154 296 -155 251 -255 318 -376 462 -432 370 -356 490 -418 361 -263 229 -153 297 -219 212 -185 291 -256 324 -410 326 -192 140 8 104 -52 120 -140 212 -194 188 -68 214 -116 64 14 -94 230 -116 164 -154
-154 264 -353 277 -169 235 -258 243 -381 313 -194 166 -154 73 -64 172 -280 154 -108 120 -118 96 -154 296 -155 251 -255 318 -376 462 -432 370 -356 490 -418 361 -263 229 -153 297 -219 212 -185 291 -256 324 -410 326 -192 140 8 104 -52 120 -140 212 -194 188 -68 214 -116 64 14 -94 230 -116 164 -154 278
Yes
124 -59 -38 -11 -134 -15 116 -177 186 -139 226 -233 96 -245 388 -433 448 -375 452 -359 384 -277 245 -114 11 53 -90 149 -70 103 -122 249 -290 285 -354 331 -210 181 -238 153 -254 382 -453 506 -477 428 -281 170 -195 56 -123 64 -121 156 -87 62 -203 144 -277 376 -249 178 -319 194 -113 248 -169
-59 -38 -11 -134 -15 116 -177 186 -139 226 -233 96 -245 388 -433 448 -375 452 -359 384 -277 245 -114 11 53 -90 149 -70 103 -122 249 -290 285 -354 331 -210 181 -238 153 -254 382 -453 506 -477 428 -281 170 -195 56 -123 64 -121 156 -87 62 -203 144 -277 376 -249 178 -319 194 -113 248 -169 124
No
Yes
75 -119 -9 -113 173 -75 39 -101 25 -31 35 59 -71 -9 -11 -17 41 -31 153 -211 241 -177 35 79 19 -11 53 -41 165 -99 113 -3 49 89 -191 299 -211 145 -115 -33 85 -195 237 -221 241 -245 225 -279 161 -45 -53 31 -49 161 -167 83 -33 -95 5 41 -11 -45 -39 65 -49 135 -119 93
75 -9 -113 173 -75 39 -101 25 -31 35 59 -71 -9 -11 -17 41 -31 153 -211 241 -177 35 79 19 -11 53 -41 165 -99 113 -3 49 89 -191 299 -211 145 -115 -33 85 -195 237 -221 241 -245 225 -279 161 -45 -53 31 -49 161 -167 83 -33 -95 5 41 -11 -45 -39 65 -49 135 -119 93 -119
Yes
0 149 153 -10 159 161 -16 173 -18 183 -24 193 199 -34 -48 205 217 -52 -62 223 231 -70 -76 -82 235 239 -92 249 -94 3 17 27 -100 -112 132 120 37 43 329 112 339 349 104 351 -184 357 -194 99 107 -202 397 403 127 -208 -214 -222 135 36 -248 -260 -266 8
149 -10 -16 153 -18 -24 159 -34 161 -48 173 -52 -62 183 193 -70 -76 199 205 -82 -92 217 223 231 -94 -100 235 -112 239 132 120 112 249 3 17 27 104 -184 -194 37 -202 -208 43 -214 329 -222 339 36 -248 349 -260 -266 8 351 357 99 0 107 397 403 127 135
No
Yes
-134 223 -138 163 -138 -60 219 -296 245 -170 211 -360 337 -208 95 16 119 -50 195 -322 293 -274 177 -110 167 -120 109 -165 62 -61 22 121 -104 169 -278 363 -484 547 -544 411 -386 451 -460 313 -271 410 -311 355 -318 273 -245 348 -463 318 -215 324 -235 250 -399 458 -463 367 -306 225 -292 269 -130 23
223 -138 163 -138 219 -60 -296 245 -170 211 -360 337 -208 95 16 119 -50 195 -322 293 -274 177 -110 167 -120 109 -165 62 -61 22 121 -104 169 -278 363 -484 547 -544 411 -386 451 -460 313 -271 410 -311 355 -318 273 -245 348 -463 318 -215 324 -235 250 -399 458 -463 367 -306 225 -292 269 -130 23 -134
No
Yes
123 199 455 669 615 641 855 761 681 563 0 611 621 575 555 335 387 205 335 363 323 375 -68 -332 285 325 325 253 -540 481 533 453 423 305 -546 61 11 -556 -750 -760 -756 -712 -652 -628 -534 -694 -462 -342 -304 -252 -460 -348 -412 -404 -212 -422 -256 -362 -626 -588 -476 -442 -158 -48
-68 -332 -540 -546 -556 -750 -760 -756 -712 -652 123 -628 -534 -694 -462 -342 -304 -252 -460 -348 -412 -404 199 455 -212 -422 -256 -362 669 -626 -588 -476 -442 -158 615 -48 0 641 855 761 681 563 611 621 575 555 335 387 205 335 363 323 375 285 325 325 253 481 533 453 423 305 61 11
Yes
-75 -75 -75 -75 -75 -75 -75 -75 -75 -75 -75 -75 -75 -75 -75 -75 -75 -75 -75 -75 -75 -75 -75 -75 -75 -75 -75 -75 -75 -75 -75 -75 -75 -75 -75 -75 -75 -75 -75 -75 -75 -75 -75 -75 -75 -75 -75 -75 -75 -75 -75 -75 -75 -75 -75 -75 -75 -75 -75 -75 -75 -75 -75 -75 -75 -75 -75 -75 -75
-75 -75 -75 -75 -75 -75 -75 -75 -75 -75 -75 -75 -75 -75 -75 -75 -75 -75 -75 -75 -75 -75 -75 -75 -75 -75 -75 -75 -75 -75 -75 -75 -75 -75 -75 -75 -75 -75 -75 -75 -75 -75 -75 -75 -75 -75 -75 -75 -75 -75 -75 -75 -75 -75 -75 -75 -75 -75 -75 -75 -75 -75 -75 -75 -75 -75 -75 -75 -75
No
No
Yes
-71 -175 29 -169 23 95 -231 93 -233 91 -239 91 -231 91 -231 85 -221 81 -221 75 -221 77 -217 75 -221 79 -223 79 -217 71 -209 61 -211 67 -207 63 -211 69 -211 75 -211 63 -201 61 -199 59 -207 57 -199 59 -199 51 -187 37 -179 41 -183 43 -185 49 -191 41 -177 29 -177 41 -181 35
-71 29 -169 23 95 -231 93 -233 91 -239 91 -231 91 -231 85 -221 81 -221 75 -221 77 -217 75 -221 79 -223 79 -217 71 -209 61 -211 67 -207 63 -211 69 -211 75 -211 63 -201 61 -199 59 -207 57 -199 59 -199 51 -187 37 -179 41 -183 43 -185 49 -191 41 -177 29 -177 41 -181 35 -175
Yes
-47 36 26 -13 -12 113 9 30 24 -65 50 -192 78 27 92 41 36 -139 0 17 87 18 -7 -74 171 -168 241 -344 449 -355 380 -422 292 -307 362 -301 172 -64 69 -161 128 -109 110 11 -43 -40 103 -29 6 -98 88 -19 -37 -111 44 -161 287 -213 154 -198 69 38
36 -13 26 -12 113 9 30 24 -65 50 -192 78 27 92 41 36 -139 0 17 87 18 -7 -74 171 -168 241 -344 449 -355 380 -422 292 -307 362 -301 172 -64 69 -161 128 -109 110 11 -43 -40 103 -29 6 -98 88 -19 -37 -111 44 -161 287 -213 154 -198 69 38 -47
No
No
Yes
-119 -231 -399 -305 -499 -331 -371 -321 -303 -315 -539 -543 -451 -297 0 -151 -173 -147 -305 82 -257 -313 -463 -463 -281 250 -207 -275 -233 -257 -99 -105 43 334 442 472 352 438 422 368 456 530 538 328 236 52 272 160 340 224 420 486 382 308 324 232 172 244 96 100
82 250 334 442 472 352 438 422 368 456 530 538 328 236 -119 52 272 160 340 -231 224 420 486 382 308 -399 324 232 172 244 96 100 0 -305 -499 -331 -371 -321 -303 -315 -539 -543 -451 -297 -151 -173 -147 -305 -257 -313 -463 -463 -281 -207 -275 -233 -257 -99 -105 43
Yes
143 147 0 157 -4 163 167 173 -8 185 -20 187 191 -24 199 203 -30 -36 215 219 227 -44 -48 -56 -60 229 235 -68 239 245 -74 259 -78 -86 -88 271 275 283 -96 -98 -110 -122 -130 -138 -142 -152 287 -160 299 -168 -176 309 40 313 99 107 109 34 32 28 22 113 117 127 133 10 139 4
-4 -8 143 -20 147 -24 -30 -36 157 -44 163 -48 -56 167 -60 -68 173 185 -74 -78 -86 187 191 199 203 -88 -96 215 -98 -110 219 -122 227 229 235 -130 -138 -142 239 245 259 271 275 283 287 299 -152 309 -160 313 99 -168 107 -176 40 34 32 109 113 117 127 28 22 10 4 133 0 139
Yes
243 -291 156 -149 61 35 -29 2 -111
-291 156 -149 61 35 -29 2 -111 243
Yes
98 -7 114 -1 -58 62 30 -99 165 -100
-7 114 -1 62 -58 30 -99 165 -100 98
Yes
71 -50 185 -37 180 -41 -65 205 -60 205 -58 207 -68 208 -72 212 -62 208 -67 211 -75 224 -76 220 -78 214 -71 213 -68 211 -70 218 -72 210 -68 204 -56 192 -53 203 -57 203 -57 198 -52 193 -51 193 -52 193 -50 192 -48 194 -44 187 -47 194 -59 201 -56 200 -54 203 -61 198 -49 195 -56 198
71 185 -37 180 -41 -65 205 -60 205 -58 207 -68 208 -72 212 -62 208 -67 211 -75 224 -76 220 -78 214 -71 213 -68 211 -70 218 -72 210 -68 204 -56 192 -53 203 -57 203 -57 198 -52 193 -51 193 -52 193 -50 192 -48 194 -44 187 -47 194 -59 201 -56 200 -54 203 -61 198 -49 195 -56 198 -50
No
No
Yes
139 0 133 -137 6 -147 12 286 290 -149 -161 -171 -179 296 -187 308 -193 318 326 332 41 33 94 29 108 21 112 116 11 126 5 134 138 146 -3 -9 154 164 -19 -29 172 -31 -41 176 217 -78 207 -72 205 201 199 -64 191 177 -60 169 165 -58 -56 -42 -28 -26 153 -286 149 145 -10 -6
6 139 12 286 133 290 -137 -147 -149 296 308 318 326 -161 332 -171 94 -179 -187 -193 108 112 41 116 33 126 29 21 134 11 138 5 -3 -9 146 154 -19 -29 164 172 -31 176 -78 -41 -72 217 -64 207 -60 -58 -56 205 -42 -28 201 -26 -286 199 191 177 169 165 -10 153 -6 0 149 145
Yes
139 137 131 127 125 0 117 343 341 4 8 12 333 327 16 24 -202 319 -200 317 -196 -186 309 305 -184 299 295 -176 -170 -166 281 -160 279 277 267 -156 -146 -138 -136 -130 -344 -336 481 -330 477 471 469 -328 -322 457 -314 -302 -298 449 -296 443 439 433 425 421 -286 -282 149 -276
4 8 12 16 24 139 -202 -200 -196 137 131 127 -186 -184 125 117 343 -176 341 -170 333 327 -166 -160 319 -156 -146 317 309 305 -138 299 -136 -130 -344 295 281 279 277 267 481 477 -336 471 -330 -328 -322 469 457 -314 449 443 439 -302 433 -298 -296 -286 -282 -276 425 421 0 149
Yes
141 131 0 6 127 123 14 16 119 22 109 105 26 34 38 40 103 97 48 93 91 83 50 75 54 73 64 68 74 65 59 51 283 275 78 267 86 -144 -136 259 -132 -122 -110 247 247 -358 237 223 -100 -88 213 205 197 -74 -66 185 181 179 -56 177 -50 -42 -38 171 -36 -34 157 149 -22 -12
6 14 141 131 16 22 127 123 26 119 34 38 109 105 103 97 40 48 93 50 54 64 91 68 83 74 75 73 65 78 86 -144 -136 -132 59 -122 51 283 275 -110 267 259 247 -358 -100 247 -88 -74 237 223 -66 -56 -50 213 205 -42 -38 -36 197 -34 185 181 179 -22 177 171 -12 0 157 149
No
Yes
85 -100 -21 -9 110 -123
-100 -9 -21 110 -123 85
Yes
-47 -87 163 369 391 405 363 479 209 313 241 0 179 123 321 58 327 223 161 255 173 151 -49 111 -29 -101 -47 -107 -121 -169 -173 -191 -117 -161 73 -22 -232 -332 -512 -364 -382 -356 -212 -380 -260 -192 -224 -426 -236 -216 -110 -322 -96 -26 -50 -70 148 36 2 -18 96 250 136 244 72 30
58 -22 -232 -332 -512 -364 -382 -356 -212 -380 -260 -47 -192 -224 -426 -87 -236 -216 -110 -322 -96 -26 -50 -70 148 36 2 -18 96 250 136 244 72 30 0 163 369 391 405 363 479 209 313 241 179 123 321 327 223 161 255 173 151 -49 111 -29 -101 -47 -107 -121 -169 -173 -191 -117 -161 73
Yes
-529 644 -673 800 -699 752 -625 548 -489 390 -291 434 -429 476 -445 452 -307 -7 312 -437 342 -429 304 -347 320 -277 232 -327 186 -314 287 -256 361 -480 367 -250 337 -212 301 -366 285 -188 287 -282 139 -154 271 -216 129 -214 251 -246 181 -256 359 -258 167 -180 103 -108 -41 188 -215 240 -315 236 -269 326 -365 501
644 -673 800 -699 752 -625 548 -489 390 -291 434 -429 476 -445 452 -307 312 -7 -437 342 -429 304 -347 320 -277 232 -327 186 -314 287 -256 361 -480 367 -250 337 -212 301 -366 285 -188 287 -282 139 -154 271 -216 129 -214 251 -246 181 -256 359 -258 167 -180 103 -108 -41 188 -215 240 -315 236 -269 326 -365 501 -529
No
No
Yes
0 -10 149 153 -16 -24 159 167 177 -28 -40 185 189 -46 195 -48 201 207 -58 227 -64 229 -19 -15 -344 -7 1 -86 -92 5 158 152 144 7 138 285 291 136 293 43 -140 -144 -150 47 51 -156 98 61 71 75 79 92 85 84 76 68 93 66 105 111 123 62 54 131 44 141 34 26 14 6
149 153 -10 -16 159 167 -24 -28 -40 177 185 -46 -48 189 -58 195 -64 -344 201 -86 207 -92 158 152 227 144 138 229 -19 136 -15 -7 1 -140 5 -144 -150 7 -156 98 285 291 293 92 84 43 47 76 68 66 62 51 54 61 71 75 44 79 34 26 14 85 93 6 105 0 111 123 131 141
Yes
-242 99 -242 107 33 -172 31 -178 29 -174 27 -168 27 -172 35 -178 41 95 -242 93 -230 89 -230 87 61 -204 69 -214 79 -214 69 -210 65 -214 79 51 -194 49 -184 39 -186 45 -188 45 -180 41 -182 47 93 -234 99 -244 101 -248 101 -244 99 -244 97 -244 107 -246 105 -254 113 -254 107 -248 105
99 -242 107 33 -172 31 -178 29 -174 27 -168 27 -172 35 -178 41 95 -242 93 -230 89 -230 87 61 -204 69 -214 79 -214 69 -210 65 -214 79 51 -194 49 -184 39 -186 45 -188 45 -180 41 -182 47 93 -234 99 -244 101 -248 101 -244 99 -244 97 -244 107 -246 105 -254 113 -254 107 -248 105 -242
Yes
145 -4 -62 93 -8 -132 237 -176
-4 93 -62 -8 -132 237 -176 145
Yes
-56 -45 112 -203 98 -141 32 25 14 -95 138 -81 84 -11 -86 189 -320 357 -236 241 -240 322 -241 210 -243 216 -239 310 -225 148 -129 228 -117 -12 35 92 -231 270 -281 392 -367 390 -289 158 -139 70 5 106 41 -182 141 -196 251 -352 269 -154 139 -56 -39 50 63 -4 -77 -42 99 -12 17
-45 112 -203 98 -141 32 25 14 -95 138 -81 84 -11 -86 189 -320 357 -236 241 -240 322 -241 210 -243 216 -239 310 -225 148 -129 228 -117 -12 35 92 -231 270 -281 392 -367 390 -289 158 -139 70 5 106 41 -182 141 -196 251 -352 269 -154 139 -56 -39 50 63 -4 -77 -42 99 -12 17 -56
Yes
-7 -219 -357 -303 -173 -201 -339 -263 -155 0 -75 27 53 -105 3 23 37 87 67 27 47 33 111 19 95 141 -41 -219 -129 -221 -235 -47 -3 -55 90 354 448 168 304 320 212 294 152 -50 -92 54 86 -120 40 -170 24 -70 -80 -100 -46 10 -76 -146 -92 94 180 174 150 176 94 72
90 354 448 168 304 320 212 294 152 -7 -50 -92 54 86 -120 40 -170 24 -70 -80 -100 -46 10 -76 -146 -92 94 180 174 150 176 94 72 0 -219 -357 -303 -173 -201 -339 -263 -155 -75 27 53 -105 3 23 37 87 67 27 47 33 111 19 95 141 -41 -219 -129 -221 -235 -47 -3 -55
Yes
47 0
0 47
Yes
117 313 475 307 261 203 363 209 165 65 245 83 119 205 35 -143 -211 -129 -171 -53 -133 -315 -193 -337 0 -53 -194 -33 -265 -141 -405 -275 -321 -251 -161 -360 43 -382 -332 -274 -348 -332 -60 -122 -164 -198 -156 -66 -112 10 124 230 162 74 86 230 322 246 194 2 180 190 288 366 318 330 162 46
-194 -360 -382 -332 -274 -348 -332 -60 -122 -164 -198 -156 -66 -112 10 124 230 162 74 86 230 322 246 194 117 2 313 180 190 288 366 318 330 162 46 475 0 307 261 203 363 209 165 65 245 83 119 205 35 -143 -211 -129 -171 -53 -133 -315 -193 -337 -53 -33 -265 -141 -405 -275 -321 -251 -161 43
No
No
Yes
-337 220 -81 220 -79 226 -91 236 -89 234 -87 231 -90 227 -84 227 -82 223 -78 221 -82 231 -94 233 -90 233 -96 231 -88 237 -98 235 -88 -47 186 -47 186 -51 192 -43 178 -41 184 -303 448 -307 450 -311 446 -311 448 -307 454 -313 458 -319 456 -319 458 -323 466 -329 466 -331 205 -337 476 -329 474
220 -81 220 -79 226 -91 236 -89 234 -87 231 -90 227 -84 227 -82 223 -78 221 -82 231 -94 233 -90 233 -96 231 -88 237 -98 235 -88 -47 186 -47 186 -51 192 -43 178 -41 184 -303 448 -307 450 -311 446 -311 448 -307 454 -313 458 -319 456 -319 458 -323 466 -329 466 -331 205 -337 476 -329 474 -337
Yes
-147 -153 0 -163 6 18 -175 -185 -195 -203 -217 28 36 46 54 69 68 80 -206 63 -202 57 -198 51 -190 41 35 27 23 15 7 -178 -3 -176 -15 -166 -160 -154 -27 -33 -146 -134 -120 -112 -35 -41 -108 -51 -57 -102 -67 -77 -89 -99 -101 -98 -109 -121 -88 -82 -72 -125 -60 -48 -135 -42 -36 -26 -18 -10
6 18 -147 28 -153 -163 36 46 54 68 80 -175 -185 -195 -203 -206 -217 69 63 -202 57 -198 51 -190 41 -178 -176 -166 -160 -154 -146 35 -134 27 -120 23 15 7 -112 -108 -3 -15 -27 -33 -102 -98 -35 -88 -82 -41 -72 -60 -48 -42 -36 -51 -26 -18 -57 -67 -77 -10 -89 -99 0 -101 -109 -121 -125 -135
No
Yes
127 0 299 361 479 535 -162 637 471 337 169 79 65 53 63 229 93 67 -79 -244 -237 -359 -345 -303 -355 -541 -406 -585 -433 -223 -163 -123 -394 -79 -528 -43 33 -560 -330 -302 -144 -118 12 46 -118 -178 -90 62 162 316 416 352 306 410 620 504 304 216 154 88 6 106
-162 127 -244 -406 -394 -528 299 -560 -330 -302 -144 -118 12 46 -118 -178 -90 62 162 361 316 416 352 306 410 620 479 504 304 216 154 88 535 6 637 106 0 471 337 169 79 65 53 63 229 93 67 -79 -237 -359 -345 -303 -355 -541 -585 -433 -223 -163 -123 -79 -43 33
No
