3
7 -2 3
3
4 8 8
4
1 2 4 8
6
-6 -2 3 2 9 -4
1
-100
67
-41 -109 63 -121 7 119 -148 -149 -23 -37 83 35 -31 29 135 105 -135 145 131 -37 37 33 43 -139 79 33 -146 5 43 -13 1 73 33 81 -119 1 123 -101 -67 107 150 91 141 29 -145 21 -105 -107 147 1 -129 109 -83 67 5 31 125 39 1 109 127 -49 -131 55 -147 25 -31
66
135 141 141 143 145 141 141 139 149 143 147 135 147 141 143 145 149 149 147 137 149 147 139 141 141 143 147 147 137 141 139 137 141 135 -145 141 -117 141 149 143 143 147 143 143 137 139 145 143 137 147 137 137 143 145 -141 135 137 141 137 141 141 147 141 139 145 135
64
145 147 141 -133 141 -121 145 143 137 137 149 137 141 149 139 135 137 139 139 139 139 137 135 141 147 143 139 145 149 141 141 147 143 147 -97 139 137 135 145 145 145 -129 143 135 139 143 -121 143 147 135 143 143 143 137 145 135 141 145 137 143 149 147 135 149
70
145 147 135 141 145 -118 -124 145 141 145 141 -107 143 137 135 135 -124 139 139 135 141 149 149 141 143 141 143 145 149 149 137 145 135 147 149 143 147 135 143 145 147 -110 137 135 139 143 145 145 149 145 145 139 137 137 137 145 141 145 149 149 149 135 139 145 137 149 149 143 141 139
68
141 147 141 141 137 147 143 -139 139 143 137 141 149 147 -115 141 139 139 145 135 149 139 141 139 139 143 137 139 143 145 139 141 147 135 139 141 149 143 137 139 147 143 135 143 135 145 143 139 137 141 137 145 149 149 147 145 -113 147 145 135 139 147 143 143 141 135 143 145
65
-31 147 103 -127 117 131 57 -111 -131 -57 121 -53 -5 137 41 149 -93 -25 -111 -9 -59 -99 -53 59 -11 -5 31 -131 -19 -45 -105 107 -9 -13 69 -67 143 -17 -11 127 -47 17 -145 -33 -115 65 -113 -113 103 -77 -125 65 57 -107 -31 41 53 -87 -101 25 -79 99 69 -51 -53
60
-11 -149 63 67 -123 -125 47 91 67 49 137 -81 135 -95 125 -125 68 3 -3 81 9 -113 -53 113 -101 15 141 17 -15 -71 35 -75 5 79 -93 -89 -7 59 87 -93 113 5 -47 -13 87 -5 -123 -135 -87 -77 -105 -23 -139 -59 97 -59 -129 -141 80 55
66
-143 -147 -139 -137 -141 -143 -143 -139 -149 -141 -137 -147 -149 -143 -137 -137 -135 -135 -149 -147 -143 -149 -137 -139 -139 -149 -137 -143 -137 -145 -135 -143 -139 -139 -137 -135 -135 -137 -135 -143 -145 -147 -141 -149 -149 -149 -143 -149 -149 -137 -139 -147 -141 -149 -135 -147 -149 -147 -141 -139 -135 -137 137 -143 -139 -143
68
-142 -138 -146 -146 -144 -144 -138 -146 -148 -142 -142 -138 -144 -146 -144 -140 -144 -138 -148 -144 -146 -144 -136 -144 -150 -144 -138 134 -142 -136 -138 -136 -142 -142 148 -142 -136 146 -144 -142 -138 -140 -142 -144 -140 -136 -148 -148 -140 -136 -140 -142 -138 -144 -146 -138 -150 -150 -146 -140 -142 -140 -150 -142 -150 -136 -148 -138
65
-39 29 1 -118 -50 -4 -20 -53 59 72 -106 139 -70 110 4 -120 -144 -50 2 46 -17 110 128 11 75 -28 87 141 -85 -16 -48 -145 132 -129 4 -116 13 -90 79 -10 112 142 -30 -80 39 101 -14 -134 80 -73 36 110 63 145 46 15 74 32 114 -15 -141 -107 -53 20 -86
70
146 142 138 -124 146 136 146 148 138 148 138 142 142 136 144 148 142 144 148 146 142 140 146 136 148 -134 144 146 144 142 144 140 138 144 -134 150 146 142 146 138 148 140 140 138 144 138 138 138 144 144 138 150 142 148 144 138 136 136 144 140 142 136 136 142 136 142 140 140 136 136
60
125 -109 133 75 -35 99 -25 41 -69 -41 -119 87 -67 3 143 39 -57 -63 83 101 39 -1 -91 131 -77 69 41 99 -47 121 81 37 47 -89 73 73 -7 81 -95 -117 -11 -145 -69 37 -127 77 17 105 -79 -79 -109 -133 123 63 117 -119 51 17 115 -71
68
113 -145 -137 -149 -147 -137 -141 -143 -135 -139 143 -145 -143 -147 -139 -135 -137 -143 -139 -149 -135 -135 -135 -147 -139 -141 -149 -137 -143 -147 -141 -141 -145 -143 -145 -147 -149 -139 -137 -143 -141 -137 -141 -137 -147 -145 -147 -135 -137 -139 -137 -149 -137 139 -143 -143 -139 -143 -137 -143 -147 -147 -143 -139 -145 -135 -147 -139
7
103 -95 21 109 142 -18 -116
2
-71 -73
66
-147 -149 -139 -149 119 -143 -137 -137 -149 -145 -143 -137 -145 -145 -145 -141 -141 -139 -139 -145 -135 -137 -145 -143 -139 -141 -143 -141 -135 -137 -147 113 -141 -137 -147 -135 -137 -141 -139 -141 -143 -135 -149 -147 -149 -141 -149 -143 -137 -137 -141 -147 -147 -135 -135 -139 -145 -137 -143 115 -147 -135 -147 -147 -145 -149
5
106 9 38 132 -75
63
15 115 33 -33 -53 63 -134 13 69 115 49 23 31 -61 -47 -14 73 125 -37 141 1 -139 -65 -117 44 19 123 147 147 31 -9 -65 -103 -67 25 -79 -91 -31 103 -64 -105 17 -49 -35 -131 67 -79 81 27 69 -23 -113 -60 37 89 39 -111 3 -93 89 15 -129 -91
69
-143 -123 149 137 137 135 141 149 139 139 -140 145 143 147 -141 141 139 139 135 141 149 149 143 135 141 141 143 135 143 145 137 141 139 137 143 145 149 143 145 147 135 141 147 149 145 137 135 137 141 135 137 -135 145 149 141 143 145 139 147 141 147 139 139 147 135 141 135 149 137
2
-72 -72
70
77 75 111 -1 -109 117 -83 -65 -91 -39 -55 97 -9 -33 -61 -63 -1 121 33 -27 -139 -105 121 55 59 -15 -85 -93 69 123 33 107 61 -135 -41 7 -35 -119 111 -119 -105 -29 65 -143 55 1 -107 129 -95 125 53 -35 -113 -125 -55 97 -137 65 71 -43 -91 107 -143 -73 7 -59 93 49 -125 61
68
-150 -135 -144 -143 -149 -141 -143 -148 -148 -139 -149 -142 -135 122 -138 -142 -136 -147 117 -140 -145 -142 -139 -140 -150 -148 -147 -145 -145 -142 -147 -143 -141 -147 -142 -147 120 -138 -149 -135 -147 -138 -135 -142 -150 -144 -144 -144 -147 -145 -139 -147 -147 -150 -145 -149 -136 -149 -135 -140 -141 -142 -140 -137 -145 -140 -137 -143
60
-95 -61 101 91 97 21 -81 -5 123 55 -21 -99 -63 93 -139 145 129 -105 65 -99 -59 -97 9 -17 73 145 -45 -1 -133 -69 -67 -121 103 -125 -1 135 -93 -1 -35 -21 143 121 -55 -21 111 109 -25 -63 49 -31 99 69 23 41 147 47 51 -63 -45 81
4
37 -54 -12 -119
70
-144 -146 -136 -142 -150 -138 -138 -142 -136 -144 -136 -146 -144 -138 -136 -148 -146 -142 -148 -140 -142 -150 -144 -150 -148 -142 -140 -150 -150 -148 -144 -150 -144 -142 -142 -142 -144 -146 -150 -140 -138 -146 -142 -144 -140 -144 -150 -150 -144 -140 92 -136 -136 -142 -150 -144 -142 -146 -140 -144 -144 -140 -142 -142 -140 -150 -144 -148 -142 -146
62
137 135 139 143 143 139 -75 139 143 135 143 137 147 143 139 137 -79 141 135 137 137 137 145 139 137 137 149 145 -81 145 149 145 149 147 139 141 145 141 147 135 145 137 135 137 141 147 135 143 143 137 135 141 137 137 141 135 139 139 141 149 137 141
70
104 13 149 47 31 35 80 116 -126 40 -26 -138 -1 53 -75 -28 -53 -109 -64 -121 110 46 77 49 -29 -142 16 -71 -4 -112 145 -76 17 -93 105 -18 122 100 108 -23 33 -7 95 -121 -136 33 45 109 125 -17 -97 112 -79 56 73 67 57 134 -130 -139 -6 -129 66 49 -10 52 114 -70 12 -57
70
149 149 149 149 149 149 149 149 149 149 149 149 149 149 149 149 149 149 149 149 149 149 149 149 149 149 149 149 149 149 149 149 149 149 149 149 149 149 149 149 149 149 149 149 149 149 149 149 149 149 149 149 149 149 149 149 149 149 149 149 149 149 149 149 149 149 149 149 149 149
62
85 -145 -135 -139 -143 -145 -143 111 -139 -147 113 -141 -149 -145 -145 121 -139 -141 -143 -141 -135 -145 -143 -145 -141 -145 -141 -137 -137 -143 -139 -147 -147 147 -149 -137 -139 -143 -135 -141 -143 -137 -141 -145 -147 -143 -137 -145 -141 -137 -147 -139 -147 -145 -141 -147 -141 -145 -147 -147 -139 -145
66
142 -83 -84 113 -132 16 -80 -39 32 73 31 -27 15 66 -60 120 -64 -65 92 -94 108 -22 -124 -74 -30 30 -65 102 76 126 -60 -140 58 68 -45 124 -14 53 -4 28 -36 -148 -124 -134 31 -54 -54 -100 52 -40 -84 -65 24 -54 14 94 139 -66 111 66 24 98 57 6 -41 -123
62
113 1 -61 139 149 -125 35 115 30 -25 -24 -73 -103 37 91 17 -141 75 -67 27 17 -51 63 137 1 99 65 -113 -147 9 117 -73 39 -7 129 143 -99 -25 5 21 29 -9 81 -5 93 103 57 115 15 145 77 33 39 -91 33 -53 51 121 -145 51 -119 53
66
-147 -139 -135 -147 -145 -141 -139 119 -139 -137 -141 -143 -135 -149 111 -139 -139 -149 -143 -137 -139 -141 -141 135 -147 -137 -147 -139 -137 -147 -149 -149 -143 -135 101 -137 -141 -143 -147 -147 -143 -137 -141 -141 -143 -141 -135 -139 -141 -147 -141 -149 -137 -145 -147 113 -139 -147 -145 -137 -141 -141 -139 -141 -143 -147
64
-139 -141 -135 -147 -147 -145 -149 -147 -137 -141 -149 -141 -137 -147 -141 -139 -143 -137 -147 -147 -147 -137 -137 -139 -139 -137 -147 -149 -149 -139 -141 -143 -143 -143 -139 -145 -135 -135 -135 -147 -141 -149 -141 -145 -137 -149 -149 -147 -135 -137 -137 129 -143 -147 -149 -145 -141 -135 -137 -137 -135 -145 -147 -147
70
-137 -143 -141 -135 -135 -147 -147 -139 -141 -143 -149 -143 139 -141 -145 -139 -149 121 -149 -145 -135 143 -135 -145 -139 -147 -145 -137 -137 -147 -145 -137 -137 -139 -135 -139 -149 -139 -137 -143 -135 -135 -145 -135 -141 -143 -135 -135 -141 -139 -137 -139 -139 112 -137 -137 -147 -139 118 -135 -145 -147 -137 -145 -139 -145 -137 -135 -137 -141
66
43 -129 -59 69 -39 -109 27 103 83 -41 25 107 -11 59 131 65 5 -55 121 25 -61 21 -113 87 -107 -51 117 45 -53 -27 -91 35 93 -67 73 -7 -145 17 -111 -5 -141 -105 99 -99 149 -123 -141 91 61 11 -105 -71 41 7 27 -135 -131 107 109 -29 -133 -97 -21 -109 99 -121
66
-73 -129 -59 71 -77 -147 -55 -71 129 -99 -17 -83 -33 -73 105 -1 1 3 83 101 53 -103 103 -131 129 -27 107 -115 -75 63 -3 -5 -141 107 -143 87 -27 61 5 23 -51 23 103 -81 -77 -17 -115 43 -47 27 59 -5 29 -21 145 87 -95 -21 -63 -127 -29 115 -47 43 7 65
62
134 130 94 -12 76 -90 36 -148 96 126 -148 -54 -130 -108 146 46 -16 -96 40 -56 -116 -76 -98 -122 -110 -40 -76 -60 82 18 96 -56 -150 90 150 -68 56 -142 78 32 -130 -68 86 -110 -92 70 -14 6 50 114 42 -122 32 14 -114 -36 -12 -26 120 -56 50 -2
62
149 147 137 143 139 145 139 -111 137 139 145 145 141 139 147 135 149 147 147 147 143 147 135 137 137 143 137 149 149 135 149 143 147 139 139 143 135 141 137 141 145 137 139 137 139 135 139 135 135 149 135 145 145 143 145 145 147 143 141 139 145 135
1
94
66
87 89 19 135 -29 113 -49 -49 -125 -85 105 27 13 -99 -97 -43 85 -7 -101 -129 -89 -1 111 -45 79 -15 -65 -99 41 49 3 15 95 -73 -67 23 -35 -121 -133 93 -13 3 29 25 89 9 -127 137 -43 75 99 -7 17 95 67 -91 -129 95 -103 -15 115 131 -5 -53 -79 7
62
141 57 111 1 -135 91 57 -1 -53 121 11 91 -147 -45 97 81 51 -97 19 135 33 -65 95 -73 85 111 55 43 141 -83 103 -37 1 71 -41 41 -131 -103 -149 -17 -23 -33 -29 65 -31 -111 -25 -67 -97 -129 77 147 -25 125 -147 103 85 -63 -73 -43 45 -3
66
-107 -137 147 143 141 143 147 135 141 145 137 143 137 145 149 147 141 145 143 139 139 141 139 143 135 141 135 -139 145 135 135 147 145 139 141 143 141 145 135 149 145 -113 143 143 147 139 145 143 143 143 141 -111 141 141 141 141 147 149 137 137 141 137 139 147 135 143
64
59 145 -93 -71 49 135 -93 -13 -111 -25 37 -9 -67 -121 15 33 131 69 -69 17 -133 3 -103 -125 119 49 115 -135 95 133 -5 43 141 7 21 137 -115 73 13 141 -149 -63 81 -85 91 -119 -125 -77 125 -101 -81 45 105 -13 39 -109 9 -65 -149 81 19 115 -57 107
63
-114 -56 78 -120 104 4 -124 -12 -126 36 -58 -24 -60 -112 -68 112 66 26 6 -52 12 78 -46 38 92 -94 14 54 116 38 32 -148 -62 106 150 -108 -134 -108 126 -24 110 136 106 -72 -150 108 -112 82 -26 -120 -130 84 -98 116 -110 74 -120 86 60 16 -124 78 126
62
87 -137 143 -141 29 139 -1 -39 -29 21 -9 127 61 3 -5 43 -49 147 -37 123 -69 -91 89 -147 -27 101 39 77 -45 -99 57 -35 119 3 -23 31 81 143 -149 -67 55 -21 31 -99 69 -57 -113 -123 -63 -139 49 3 69 -141 -97 141 123 141 -91 89 -33 33
62
-75 141 -17 67 17 135 -1 -37 -115 -133 -83 13 -113 23 -135 59 11 -57 -3 19 45 145 43 -37 45 137 -135 -149 -57 -149 41 147 63 33 135 -135 -59 -149 -59 -127 3 -71 -93 -23 -31 -51 97 -35 -21 93 -141 83 -59 93 51 -139 109 87 51 49 -53 -131
66
-136 -144 -138 -144 -150 -136 -140 -140 -148 -142 -144 -144 -138 -150 -150 -146 142 -140 138 -148 -148 -138 -150 -140 -146 -150 -148 -146 -146 -140 -146 -148 146 -136 -150 -144 -138 -140 -141 -150 -136 -137 -148 -142 145 -142 -140 -144 -148 -148 -150 -144 -144 -148 -140 -148 -146 -138 -142 -146 -138 -138 -144 -150 129 -140
62
135 141 135 149 135 143 141 137 137 147 145 141 143 139 137 145 143 143 141 145 137 135 139 139 139 135 149 145 139 141 143 145 147 145 137 149 149 137 145 135 137 147 149 149 137 149 141 135 141 135 -127 147 149 139 137 143 135 143 145 139 147 137
70
-150 -150 -150 -150 -150 -150 -150 -150 -150 -150 -150 -150 -150 -150 -150 -150 -150 -150 -150 -150 -150 -150 -150 -150 -150 -150 -150 -150 -150 -150 -150 -150 -150 -150 -150 -150 -150 -150 -150 -150 -150 -150 -150 -150 -150 -150 -150 -150 -150 -150 -150 -150 -150 -150 -150 -150 -150 -150 -150 -150 -150 -150 -150 -150 -150 -150 -150 -150 -150 -150
69
124 110 -89 -76 108 66 -23 -15 -138 -68 119 -28 12 -81 9 108 -108 -126 46 12 2 -22 -58 142 141 96 -4 63 -58 86 30 -62 14 134 72 -57 98 -34 76 144 78 -7 27 106 35 68 -86 -84 134 -52 148 112 52 68 -20 72 18 -6 120 146 98 -52 78 -80 136 114 48 10 124
67
65 -97 -49 -145 -149 101 -61 9 47 87 -7 -137 -149 143 -45 15 73 77 93 25 107 -32 131 -103 64 -37 59 79 33 -19 127 -41 -5 -69 -23 121 -29 -57 -85 -101 128 -71 53 29 -49 147 -111 -25 -139 -67 -59 -57 35 69 -25 -141 -59 -133 99 127 -71 -141 -125 81 135 79 -45
68
-149 -141 -143 -147 -145 -149 -137 -139 -141 -149 -141 141 -141 -141 -143 -149 -143 -147 -135 -137 -137 -143 -139 -139 -141 -137 -137 -143 -141 -135 -145 -135 -149 -149 -149 127 -137 -145 -149 -139 -143 -147 -139 139 -135 -147 -135 -141 -145 -135 -139 -139 129 -147 -147 -141 -141 -145 -147 135 -141 -149 -141 -147 -141 -147 -135 -139
68
150 -128 -122 60 98 -36 -62 -76 -6 4 94 -12 -80 -20 -28 24 10 122 -58 30 64 -142 114 98 8 42 12 124 66 14 110 46 138 -102 108 88 -66 30 -148 52 -110 42 16 20 -4 -20 -54 -118 116 -98 -22 -18 112 -6 -84 50 -128 -90 46 30 -56 -84 26 16 86 16 -26 -26
62
149 139 137 143 141 137 143 139 143 135 149 141 137 149 145 135 141 147 143 141 139 147 147 149 141 139 143 137 145 135 137 139 149 -109 149 147 141 -141 135 149 137 141 147 137 145 135 145 135 -141 147 137 137 135 143 143 -123 135 143 149 143 -139 143
62
-145 -75 -17 11 -37 -131 -129 -97 1 -19 25 73 -141 77 -147 85 -111 1 -101 -67 -125 111 105 139 139 53 -3 -91 -13 -105 -67 45 61 55 -51 -57 -113 -133 -31 -131 -109 -5 -47 61 -59 -27 -109 59 -89 -139 95 -103 -35 -99 143 -73 -97 -83 23 91 -139 53
68
89 85 25 25 81 -120 -77 -51 75 41 -149 -23 129 -113 111 135 69 145 -127 -29 19 -97 67 57 47 -11 -56 -103 1 -39 143 17 65 -109 85 -121 63 3 -133 25 65 -9 -147 42 139 99 44 37 -45 28 103 -115 -145 103 109 89 15 -149 59 -5 -96 61 -81 -67 -23 139 -107 -111
64
-149 -149 -143 -149 -147 -145 91 -149 -143 -147 -137 -137 -135 -147 -149 -143 -149 -147 -147 -143 -143 -145 -149 -145 -143 -137 -143 -145 -139 -141 -149 -141 -143 -149 -143 -139 -145 -141 -149 -139 -147 -143 -145 -147 -149 -135 -145 -147 -143 -147 -141 -139 -135 -141 -145 -147 -143 -147 -135 -141 -147 -149 -149 -149
64
55 -133 -85 123 59 -109 95 5 -31 -89 123 -17 87 -119 93 -7 83 -47 -125 15 -89 -29 131 123 73 -97 69 -109 129 -145 -55 -23 -19 147 69 13 11 85 105 1 -75 -149 -41 -7 41 -139 -127 45 -99 83 -97 -25 -37 -119 113 -97 -3 119 -93 -135 -53 -137 -97 -37
69
-150 -150 -150 -150 -150 -150 -150 -150 -150 -150 -150 -150 -150 -150 -150 -150 -150 -150 -150 -150 -150 -150 -150 -150 -150 -150 -150 -150 -150 -150 -150 -150 -150 -150 -150 -150 -150 -150 -150 -150 -150 -150 -150 -150 -150 -150 -150 -150 -150 -150 -150 -150 -150 -150 -150 -150 -150 -150 -150 -150 -150 -150 -150 -150 -150 -150 -150 -150 -150
1
-43
65
-117 -111 -12 52 140 3 -132 -112 70 32 120 -6 150 -82 -48 98 24 2 -14 98 -44 -102 -121 54 -18 149 52 -49 -56 -142 -48 -64 102 60 -138 76 -92 -64 134 -8 124 -146 150 -146 146 -119 -52 52 -18 49 19 27 70 78 -96 78 46 -48 16 62 -30 81 -116 -22 74
68
-142 -146 -140 -146 118 -136 -138 -140 -142 -148 -148 -140 -140 -140 -146 -136 -140 -140 -146 -146 -144 -140 -142 -146 -142 -144 -144 -138 -146 -138 -148 -150 -144 -140 -144 -148 -142 -142 -136 -136 -148 -138 -140 -138 -140 -148 -150 -142 -140 -140 -148 -136 -150 -142 -138 -142 -140 -142 -136 -142 -150 -136 -148 -148 -136 -140 -146 -140
62
-11 23 52 -25 101 122 39 54 -41 -15 -142 -114 105 119 133 77 -103 -139 17 104 105 11 -81 97 3 73 -103 105 94 25 -42 -130 -15 55 61 -129 108 5 -92 -33 19 1 121 -32 -83 63 74 -23 -92 -10 69 -56 -148 -67 -117 126 74 -59 -44 -129 107 -9
70
141 137 147 139 139 141 145 141 145 141 137 141 141 137 145 139 141 139 149 141 145 145 149 149 -129 135 137 141 143 143 147 137 147 137 147 141 145 143 143 149 143 137 149 145 139 147 149 137 135 135 147 141 137 143 139 149 141 147 135 137 145 135 139 143 137 141 143 141 147 139
64
143 149 137 145 149 141 141 135 135 147 137 141 -143 137 -147 143 145 141 137 149 -119 135 145 147 141 143 143 145 141 141 137 147 149 135 141 147 143 135 149 143 141 137 137 149 135 137 143 135 135 143 147 135 139 145 143 149 141 143 135 141 141 149 139 143
60
-37 19 -65 137 -27 21 67 101 65 141 -9 -5 -123 -61 -119 -99 99 13 35 -149 -33 107 23 -81 27 -149 117 -43 -61 -13 -3 -5 43 29 -57 141 -19 117 119 53 -83 -13 87 31 85 -121 125 -145 83 -89 -43 23 101 101 49 -1 -85 145 -9 143
68
139 139 143 137 143 139 137 137 149 141 143 139 135 143 139 135 143 149 141 141 141 143 143 143 143 141 139 147 141 135 145 137 149 143 147 141 137 141 143 147 149 149 145 145 145 147 135 149 139 145 -77 141 147 137 139 141 141 143 145 145 149 141 139 137 137 143 139 143
9
-48 -135 7 -88 96 6 -27 -109 132
10
91 107 113 61 -116 92 -69 66 65 -2
70
142 135 148 143 139 -106 140 145 145 147 149 139 140 136 140 150 146 141 144 136 149 148 144 142 136 143 142 145 143 141 148 146 138 142 136 148 136 139 150 146 146 146 141 146 141 142 142 141 141 143 142 144 146 150 143 140 147 135 142 145 144 146 149 142 137 149 146 139 142 148
70
-141 -141 -139 -145 -139 -149 -143 -137 -141 -143 -145 -139 -145 -137 -143 -137 -143 -143 -143 -147 -135 -147 -143 -143 -137 -141 -143 -139 -143 -147 -145 -135 -137 -137 -135 -143 -135 -143 -141 -141 131 -139 -141 -141 -139 -139 -143 109 -145 -141 -135 -139 -149 -141 -141 -141 -139 -147 -143 -139 -139 -141 -145 127 -147 -143 -141 -147 -145 -145
69
149 149 149 149 149 149 149 149 149 149 149 149 149 149 149 149 149 149 149 149 149 149 149 149 149 149 149 149 149 149 149 149 149 149 149 149 149 149 149 149 149 149 149 149 149 149 149 149 149 149 149 149 149 149 149 149 149 149 149 149 149 149 149 149 149 149 149 149 149
68
145 139 145 149 139 143 -125 139 141 147 147 147 147 135 145 137 -99 139 139 139 149 145 135 145 141 147 141 137 145 137 143 139 135 137 143 145 135 135 145 143 141 145 -119 135 145 139 143 135 145 143 143 141 149 149 141 143 -121 141 135 135 141 139 143 -133 143 145 139 139
64
143 145 143 143 149 139 -85 143 145 141 139 139 147 143 141 141 141 143 141 147 137 141 143 145 135 143 149 141 139 139 143 139 143 147 -77 139 135 141 141 137 137 141 145 141 147 143 147 141 135 143 135 141 141 147 137 145 143 147 143 145 139 139 149 -127
70
147 145 141 137 143 145 141 139 145 141 143 143 135 139 141 137 143 145 141 143 145 147 141 143 137 147 139 141 139 143 145 -93 147 143 137 145 137 139 139 149 135 137 137 -111 147 -111 149 149 137 135 147 149 147 139 139 143 143 143 141 143 135 139 141 149 141 137 145 149 135 137
68
-135 -149 -143 -147 -135 -139 -145 -141 -135 -137 -137 -143 -145 -145 -149 -141 -141 -135 -143 -147 -137 -143 -137 -141 -141 -141 -139 -141 -141 -137 -143 -149 -143 -139 -143 -149 -149 -139 -141 -147 -141 -149 -135 -147 -135 -139 -149 -139 -139 -141 -149 -145 139 -143 -143 -145 -149 -135 -147 -145 -141 -147 -141 -149 -149 -147 -135 -143
6
-15 -109 -42 101 -13 -38
66
11 -109 -69 37 -121 41 -19 123 -3 -67 -19 -47 -13 -101 -105 -29 91 7 51 -67 77 125 -99 41 119 -65 -45 -125 -25 81 -37 53 -45 -131 73 141 137 59 -107 -1 97 -147 101 -139 -81 -69 97 -99 -13 -55 145 -149 55 -75 61 -99 47 -11 -105 -139 -73 77 -55 127 -89 103
70
115 -29 127 101 53 127 -77 59 -99 99 143 5 47 31 7 145 5 -14 -125 -95 -87 -125 -43 -27 43 -45 -95 -141 -128 -27 31 105 -119 -113 117 87 125 89 -65 -81 97 99 5 -143 -15 117 55 -87 -85 37 5 -65 -75 103 101 -91 -13 -77 -5 -149 147 -27 25 -75 -79 -33 57 -39 136 -28
66
-149 -147 -137 -139 -147 -141 -141 -137 -147 -137 -139 -139 -139 -147 -145 -149 -147 -149 -149 -149 -139 -145 -135 -137 -139 -145 -139 -141 -145 -141 -145 -137 -147 -141 -141 -141 -137 -149 -137 -139 -147 -149 -143 -135 -143 -145 127 -141 -137 -139 -145 -145 -141 -143 -139 -139 -143 -143 -145 -149 -135 -143 -145 -145 -137 -143
64
149 137 145 135 137 143 -117 145 143 143 149 135 139 149 141 147 149 137 139 141 139 143 147 141 141 141 135 141 143 149 139 141 137 -119 143 149 135 141 149 135 137 -127 135 141 -119 141 145 145 145 137 147 139 135 135 141 149 145 137 -93 141 143 143 143 147
70
149 143 139 137 143 143 135 139 137 149 145 139 141 143 137 147 137 -137 143 141 143 137 139 137 -117 137 139 143 -111 141 143 145 145 -133 143 141 141 143 137 141 145 147 143 139 135 -113 145 137 139 141 141 143 139 145 147 143 137 145 139 137 137 147 147 137 149 141 145 149 145 147
69
-143 -143 -135 140 -139 -141 -147 -149 -145 -147 -141 -141 -145 -137 -143 -137 136 -147 -149 -137 -141 -141 -143 148 -143 -135 -145 -135 -135 -145 -141 -145 -149 -135 130 -143 -145 -135 -145 -147 -141 -143 -143 -135 -139 -141 -135 140 -141 -135 -145 -143 -147 -147 -143 -145 -145 -147 -147 -137 -139 -141 -149 -141 -141 -147 -141 -143 -137
8
141 89 -124 85 -140 105 61 -31
67
-101 67 -91 -105 -43 -109 57 39 -81 43 57 3 73 -97 103 -131 37 121 5 1 82 81 -31 -33 -27 -23 71 85 -77 19 99 111 -129 23 127 -139 39 -11 111 25 23 101 -131 19 -69 75 111 147 -141 -41 -55 55 -101 -83 115 -15 83 -95 11 113 59 -81 -119 57 87 5 -39
66
83 135 91 -135 131 119 -127 31 -3 -7 -125 -65 107 -19 -117 63 -133 111 -3 -53 -53 -13 121 -57 -51 49 53 -39 45 -71 -59 47 69 -55 -129 -3 145 -5 103 -19 -51 139 77 -23 -39 -51 89 -97 77 -83 91 -43 -33 -67 65 29 19 -5 -133 -125 51 -47 -85 129 91 17
2
47 47
68
-77 -47 93 -25 -13 -145 31 149 43 -99 47 -73 53 93 45 -19 19 33 -97 33 97 7 53 -143 117 -51 119 147 -75 147 -39 43 9 -89 -115 115 43 -75 -71 -71 15 -123 105 -57 81 -115 -37 139 -77 -133 -87 101 -9 21 -47 -85 129 -91 141 -31 -85 49 -117 91 -3 79 1 89
70
143 -141 147 137 147 147 -137 139 145 139 139 143 143 141 147 147 147 137 141 143 135 145 139 141 145 137 135 139 145 137 143 139 135 147 -131 143 137 143 139 147 137 137 145 145 -129 149 145 143 137 139 139 -127 143 147 143 141 141 139 135 135 135 149 147 137 137 143 137 145 143 135
66
11 -83 -55 99 97 -141 81 75 99 141 79 41 81 141 -33 27 -45 -145 27 -49 41 93 79 53 149 119 91 -111 35 -135 -31 145 -59 -35 133 -95 -3 -49 7 37 121 97 -137 -65 133 -11 -97 -87 -17 81 -73 -123 -15 133 15 65 -37 77 113 139 -51 -105 55 9 -35 -81
69
-117 139 139 141 147 135 145 147 145 147 144 141 137 143 143 145 141 145 143 139 149 137 139 143 143 137 135 143 149 139 137 147 -135 139 139 139 135 141 149 135 137 143 -119 145 141 143 139 135 135 137 141 147 141 145 139 137 137 139 135 143 137 137 135 -126 -132 139 147 145 137
70
-141 -135 -147 -135 -147 -145 -139 -139 -141 -135 -137 -147 -149 -149 -149 -137 -149 149 -143 -139 -145 -141 -147 -139 -149 -137 -141 -139 -137 -139 -139 -143 -137 -149 -135 -143 -145 -147 -139 -141 -149 -149 -147 -145 -137 -139 -143 -139 -139 -143 -139 -137 -137 -141 -137 -149 -135 -139 -145 -149 -149 -135 -149 -147 -135 -143 -145 -147 -143 -145
61
-15 61 5 -19 -135 -65 7 19 43 47 -129 129 79 -33 55 -123 37 -15 113 111 -107 -147 -145 149 79 29 -103 49 -141 -37 7 109 -55 5 -145 139 87 57 -53 -51 -127 93 -129 -137 -3 55 15 53 -3 -147 145 -3 -35 -39 3 -103 -1 -101 53 -115 -123
62
-35 127 55 -45 85 7 137 77 141 35 25 -39 77 99 -55 51 3 129 83 117 79 57 7 3 55 79 73 -81 -129 -7 -9 -35 141 -73 109 63 33 -89 7 -133 -65 -53 65 109 111 -85 -23 -17 -75 -43 71 49 -49 -131 35 71 81 53 31 9 -37 139
62
-139 -149 -149 -147 -145 -143 -139 -141 -147 -135 -137 -147 -141 -137 -145 -149 -143 -137 -137 -145 -147 -149 -141 135 -139 -141 -141 -139 -139 -139 -145 -149 -141 -147 -145 -141 -141 -143 -145 -139 -137 -137 -145 -139 -137 -147 -135 127 -141 -139 -139 -145 107 -149 -149 -137 -137 -143 -141 -143 -149 -147
0
