-1
153858691142611176
347514059602980049
-1
303374321973256138
-1
248
408137581570414269
136484736356467760
559420538881
-1
178631143559577696
-1
4
302126464308326241
-1
576460752303423488
-1
232323407844640336
293405654277713190
-1
10793
4322232325
-1
-1
160541235006135321
31
-1
576460752303423488
-1
-1
576460752303423488
1920
-1
41538
-1
298100054286253464
298198436576474263
1830
19793
330121068245567146
-1
31663820783146862
219742250435315524
332708124472026079
360875526465117276
-1
-1
-1
227
158602977412207131
198482050540176801
224231537408025489
226029222609367274
57505
988
-1
148728119909330793
58628
152723911608226175
504403158399713287
-1
84729358909295742
-1
576460752303423488
127
151985260017278385
32
225024844556016711
-1
-1
158375498936122729
-1
-1
-1
196858157785699843
-1
351471051183052117
576460752303423488
307357604458904939
-1
189656464519561711
155577701405021396
0
1010
576460752303423488
296368669340516502
218906927478274388
155391241710137011
95834794230639320
-1
244314934975677755
576460752303423488
7909872357200
-1
0
94062011473794868
576460752303423488
7243637515327
-1
