73876
104774904727186230
-1
-1
2002
127
-1
-1
296243931252434622
46019762146656693
362338716726254693
-1
288818559860511233
-1
439946143446119491
23169
110130110270837763
298861683543956843
35872
306811740103457066
-1
5810809570435
448837580470273264
576460752303423488
576460752303423488
-1
-1
-1
-1
576460752303423488
-1
-1
1615069185
576460752303423488
-1
-1
-1
296496228538234619
298596688055160573
-1
-1
-1
70050179431061723
12066191262683
52014460516736351
576460752303423488
369401822274943138
0
33800
-1
16
31
-1
-1
292312074210654920
-1
3
226592135692616802
-1
-1
-1
797
179678025210098411
229756341678876348
4
576460752303423488
12218007552
94783048217682383
-1
-1
4
85138489940313723
159038515014252131
541081272173225350
164261790228035126
432357249223568144
305075192079823713
576460752303423488
576460752303423488
-1
172369501569987598
127
576460752303423488
95978982874947893
74752
-1
500
0
-1
576460752303423488
576460752303423488
300114977110168132
154393789479840223
302984501178583819
576460752303423488
-1
239660216259331227
322193536066821455
156947768692214715
220445547526194752
