576460752303423488
88114703929593821
-1
576460752303423488
116290703921849989
121061581321794569
0
-1
-1
-1
-1
86009031028564691
4726557709450
576460752303423488
311294489968987747
994
-1
576460752303423488
1920
369734057316553498
35120
226256524067457476
297920033474708740
-1
-1
-1
-1
-1
-1
294015687146377387
26724
217875868104624446
100075802427095202
149625775787170700
13
331966310730590012
-1
-1
236038198758900462
0
-1
-1
124472473607892418
576460752303423488
-1
-1
370757835156414868
15
296255190586005087
4
-1
452389126178446905
275284754692
127
-1
15
-1
3175051517755
59395
229734041029983668
291393621654670579
-1
325393424391430749
231185473898645209
272102552940589281
15889
-1
252
499
576460752303423488
152732845883707081
158890047078349948
443219776169983987
-1
308316453839887894
-1
16020
153477436197248574
576460752303423488
7
305986064126066225
321399012761835753
-1
228821554811876012
113825772824632728
336216783434368564
220328744632893810
432347970504524967
-1
80411483294591172
-1
-1
294615828082885316
153932889432034285
-1
-1
-1
305013826071574849
432345839122579471
1186484716032
