-1
256
110418352133437344
349066247034973493
1877
-1
576460752303423488
-1
-1
-1
171026259016706487
-1
1229979649
8025115417046
-1
576460752303423488
125
328114724535436721
289601558744242317
576460752303423488
40000
576460752303423488
10697699326275
0
289685717449575134
156100128116252056
150410251196418587
-1
224824617331919298
-1
186542200323657978
159390146898786115
-1
-1
-1
4
295088014320833880
-1
157131878730987000
15
-1
289254657828889104
439744212473348159
576460752303423488
-1
508
345695859991434494
66100
161540820389010171
83460
162456802240034598
576460752303423488
-1
434670767190442027
296651165790614889
576460752303423488
15568
0
-1
-1
-1
-1
94953766721638017
-1
-1
-1
300308149276431726
432634600524238066
350024207746132337
158170253773924699
576460752303423488
4
318384719512662694
49430292859457297
-1
-1
156319928739470693
4
159687179185714455
-1
25088
156414900091163783
432434626016317453
-1
-1
-1
-1
161755602237352271
-1
433290779619805762
-1
293636520939688045
228184786479455265
437216802452391977
332290158241121369
61
231298863452705662
298797353561126322
69802983433
2021
