2
500 1000
95
2 1 1 4 1 2 3 4 1 3 5 1 1 1 3 5 5 1 4 5 3 5 4 5 1 4 3 3 1 1 5 3 3 1 4 5 1 4 4 3 5 3 3 5 3 2 4 2 1 3 2 2 4 2 3 4 2 4 4 3 3 1 3 4 4 2 4 3 3 1 4 5 3 1 3 3 1 4 3 1 2 5 2 1 3 3 5 3 3 4 3 1 1 4 4
4
120 240 180 1
96
5 3 2 1 5 2 5 2 5 3 5 2 5 2 1 5 2 3 1 4 3 2 2 5 5 2 4 1 1 5 4 2 4 5 1 4 1 4 5 3 3 5 1 1 1 5 1 3 1 3 1 3 4 5 1 2 5 5 3 3 2 2 2 5 5 5 4 2 4 3 2 3 3 3 1 1 1 5 1 1 4 4 5 2 3 3 4 2 5 2 2 5 2 1 3 2
10
15 91 108 66 22 21 34 62 61 57
18
2 183 3 220 9 175 7 208 1 178 7 158 2 180 10 165 3 206
16
2 209 10 229 9 170 4 183 2 188 8 197 3 152 6 193
9
59 32 119 135 71 34 91 75 9
16
2 152 7 204 8 218 1 152 2 202 1 200 4 182 9 208
10
27 52 23 141 30 143 92 133 85 26
42
10 4 14 7 18 4 19 8 12 7 15 17 11 13 12 7 10 19 1 12 6 10 13 15 5 13 16 15 7 18 2 11 20 18 20 17 10 6 5 20 12 19
36
4 289 1 347 1 327 6 325 2 342 5 287 5 353 2 347 2 286 5 311 5 378 2 310 5 315 5 332 1 282 5 340 6 319 4 320
36
1 317 1 308 1 299 2 379 6 332 5 339 2 332 5 357 3 346 3 348 6 299 6 299 6 323 5 313 2 362 1 375 4 332 6 353
9
21 75 47 84 126 41 17 115 79
9
107 51 143 118 13 62 72 145 30
40
5 308 6 290 5 337 2 347 6 306 1 306 2 312 3 369 2 340 6 283 1 362 1 325 4 363 4 358 5 322 3 321 2 345 5 370 4 327 2 358
6
2 3 5 7 11 13
46
6 16 13 14 13 7 19 8 11 4 17 18 16 2 14 12 17 6 5 19 5 19 17 16 19 2 18 18 6 17 17 6 12 11 14 1 17 12 10 19 18 3 12 16 5 2
8
75 134 48 67 43 63 22 6
9
81 55 45 110 78 150 98 96 30
93
5 3 3 4 5 5 2 2 5 4 3 4 4 2 2 4 3 5 1 4 2 1 2 2 3 2 1 4 2 2 1 1 1 4 3 3 1 3 3 2 4 4 4 1 4 1 3 2 3 4 2 2 1 3 5 2 4 3 4 2 2 1 1 4 2 4 2 4 2 1 3 3 5 2 5 3 2 4 2 1 1 4 1 4 4 3 1 2 5 5 1 3 4
52
18 15 13 10 9 12 4 8 5 19 20 13 17 18 4 10 7 19 7 11 2 2 10 7 16 20 11 2 4 9 17 7 10 18 8 2 15 5 16 17 9 10 15 8 6 12 18 2 8 11 9 2
50
11 7 19 19 18 14 17 17 16 12 13 12 6 14 7 11 1 17 3 5 11 18 5 16 9 1 5 19 5 18 5 17 18 17 14 18 20 4 12 15 7 14 10 14 15 15 11 1 3 20
20
9 223 2 195 4 202 9 195 2 193 5 206 4 165 10 215 5 192 6 228
1
2
47
7 18 12 20 4 19 8 11 1 10 12 17 13 16 20 7 16 11 2 6 2 16 3 16 16 14 13 10 1 16 19 16 9 6 4 13 5 8 7 5 10 6 15 19 7 16 19
96
2 3 4 5 5 2 2 4 3 1 4 4 3 2 2 3 5 5 2 1 1 4 4 5 1 1 3 5 1 3 1 3 2 4 5 5 4 4 1 1 4 2 2 5 3 4 1 2 5 4 2 5 2 2 4 1 1 3 1 2 1 3 4 3 3 4 3 4 4 1 4 4 3 1 2 4 5 1 3 3 4 2 5 4 3 5 3 2 4 4 2 4 2 1 3 3
56
2 2 18 7 19 7 10 10 18 4 10 7 8 7 3 14 8 7 2 13 14 18 2 7 3 7 12 20 15 7 9 4 1 19 6 8 13 4 20 11 15 20 8 14 17 2 5 3 18 20 1 4 4 17 4 12
40
4 325 6 282 1 362 3 312 2 356 5 365 2 340 2 327 3 367 1 345 4 342 3 305 3 375 6 302 3 311 5 370 3 356 3 347 3 365 5 295
1
307
8
81 33 83 96 42 146 98 41
58
3 4 9 13 2 9 5 2 17 2 17 17 11 2 4 15 18 2 14 8 3 20 20 4 16 12 7 7 1 6 8 9 7 14 10 13 7 16 10 9 13 11 17 6 1 16 11 4 2 17 20 1 15 13 5 1 19 10
96
2 2 5 4 1 4 3 5 2 4 5 4 3 3 1 3 3 2 2 3 4 2 2 4 2 5 3 3 5 2 4 5 3 3 1 2 5 3 3 4 2 3 1 5 2 4 4 1 2 4 2 1 2 4 4 5 2 4 1 4 1 5 5 5 1 1 1 2 1 3 5 4 3 4 2 2 1 2 5 5 1 4 1 3 4 3 1 1 4 1 4 3 3 3 1 4
96
1 5 3 5 3 3 4 5 2 4 5 3 1 1 2 1 1 3 3 2 5 4 3 2 1 4 4 1 3 2 1 4 5 1 5 1 2 5 5 3 4 5 4 2 5 3 3 2 5 3 2 4 2 1 2 4 3 2 3 4 1 4 1 3 3 1 1 2 1 1 3 1 3 3 4 4 4 1 3 1 4 1 4 2 1 5 1 3 2 4 5 4 2 2 1 5
98
4 1 3 4 3 3 4 1 4 4 5 1 5 4 5 3 2 3 1 3 5 3 5 1 4 3 3 3 1 4 1 1 2 4 3 4 4 1 4 1 1 2 2 5 5 2 3 5 5 1 4 3 5 4 4 1 2 5 2 5 1 5 4 1 5 1 5 3 4 4 3 2 5 5 4 2 1 5 1 3 1 1 5 3 3 3 4 3 4 1 4 3 2 5 1 5 3 2
5
100 50 200 120 60
9
7 136 103 59 60 86 145 66 118
58
1 2 5 16 14 18 3 18 4 11 19 3 11 1 11 4 13 13 4 17 17 8 18 4 15 2 9 12 9 3 12 16 16 17 6 17 13 13 13 5 15 9 18 20 13 2 2 16 2 10 20 15 15 5 16 9 9 14
91
1 2 3 3 2 5 1 3 5 2 4 3 3 4 2 2 3 4 1 5 4 3 3 3 5 5 2 1 1 4 4 3 2 2 4 2 5 5 3 5 2 4 4 4 1 3 2 5 3 5 2 5 4 5 2 5 4 1 5 1 3 3 2 3 2 2 2 2 3 2 1 1 2 3 2 4 3 5 4 5 5 3 3 1 3 4 1 5 2 1 2
9
55 61 112 10 131 51 2 45 136
40
6 359 2 289 6 378 5 366 4 371 2 376 6 325 6 352 5 297 2 333 4 321 5 357 4 359 2 280 6 354 4 371 2 320 2 342 2 365 2 331
56
16 3 7 9 10 9 9 10 20 7 11 10 5 9 20 4 11 18 2 11 17 16 15 16 8 13 14 5 8 15 19 19 12 19 17 12 11 6 4 17 11 8 4 20 1 7 9 4 16 14 15 15 16 1 19 1
18
2 173 3 189 9 185 3 198 8 226 6 230 4 196 7 203 3 194
98
5 2 1 1 4 3 1 4 4 2 2 3 2 3 2 4 4 2 1 5 1 3 1 1 3 2 2 3 2 4 3 3 1 2 2 4 1 2 2 5 3 3 5 4 4 4 2 1 2 1 1 3 3 1 5 4 2 5 2 1 5 5 3 2 4 2 3 3 3 1 3 2 1 5 5 1 2 4 2 1 1 1 3 5 3 5 5 4 5 2 4 2 2 1 5 1 3 2
92
2 2 2 4 4 3 5 3 3 4 5 2 1 3 4 5 2 5 1 4 3 1 3 1 4 2 4 4 2 1 1 5 4 1 1 2 5 4 2 3 1 1 2 1 3 2 3 5 3 4 1 4 4 3 2 3 1 1 2 2 2 5 2 3 4 5 3 2 1 4 1 3 2 2 5 2 4 2 2 1 5 4 3 1 5 5 1 1 1 3 4 1
100
1 1 1 1 1 1 1 1 1 1 1 1 1 1 1 1 1 1 1 1 1 1 1 1 1 1 1 1 1 1 1 1 1 1 1 1 1 1 1 1 1 1 1 1 1 1 1 1 1 1 1 1 1 1 1 1 1 1 1 1 1 1 1 1 1 1 1 1 1 1 1 1 1 1 1 1 1 1 1 1 1 1 1 1 1 1 1 1 1 1 1 1 1 1 1 1 1 1 1 1
53
14 16 6 17 17 6 17 5 14 14 14 5 19 19 6 5 2 9 13 18 2 9 11 15 15 12 15 4 15 18 11 10 16 7 9 18 4 7 19 11 8 6 6 20 16 2 13 16 5 17 19 14 15
0
