1
305
100
2 5 4 5 2 2 4 2 1 5 3 4 4 1 1 5 5 5 2 1 1 4 4 4 3 4 4 3 4 5 1 2 4 4 2 2 1 5 1 4 1 5 5 1 3 2 1 1 3 5 1 4 2 5 1 4 1 4 4 3 2 1 4 4 5 5 3 4 2 5 1 3 5 2 2 3 5 5 5 2 1 5 4 4 3 3 5 3 1 5 4 5 4 4 1 5 5 3 2 1
8
130 132 34 28 2 132 50 27
97
1 2 1 2 5 3 5 3 2 5 2 1 1 2 5 3 4 2 3 4 4 5 5 4 3 5 5 5 1 4 4 1 1 3 2 1 2 5 4 1 1 3 5 5 1 4 3 2 3 5 3 1 2 4 5 2 3 1 5 1 5 3 5 2 5 4 5 1 2 2 5 1 3 5 4 4 3 5 5 1 2 4 5 1 3 5 5 2 2 1 2 1 4 5 2 3 3
41
13 19 20 6 2 20 18 6 13 4 13 19 11 12 8 12 14 19 16 9 14 14 14 3 13 20 13 17 1 18 13 15 11 16 12 13 9 10 17 1 7
40
6 336 2 296 6 356 5 322 1 306 3 335 4 361 6 287 1 312 6 367 4 297 6 350 5 322 4 318 2 334 3 359 2 322 4 320 6 307 4 374
41
19 9 15 4 15 10 6 16 16 3 15 9 12 9 10 5 16 19 6 12 11 18 9 5 18 14 5 17 11 4 4 20 6 7 6 2 9 8 2 8 4
10
50 119 122 106 100 40 57 7 59 19
93
2 5 1 3 4 4 4 4 2 4 2 1 4 1 2 4 4 1 4 4 4 3 2 1 3 3 5 3 5 5 4 4 5 2 3 2 2 2 4 1 3 3 4 2 1 3 2 2 5 2 2 5 2 5 3 4 4 1 4 2 1 5 5 2 3 4 2 2 4 5 3 3 3 1 4 2 1 1 4 5 4 5 1 5 1 2 3 2 3 3 4 3 1
9
91 58 125 41 108 41 13 54 3
59
14 4 19 15 2 20 1 16 5 5 1 16 3 12 5 7 4 18 13 11 14 1 10 19 3 14 4 12 8 13 17 1 10 9 9 16 19 18 11 9 20 8 16 16 19 14 18 8 19 15 18 10 6 6 11 6 17 5 5
1
5
40
5 324 2 304 2 334 1 318 3 332 6 289 6 368 5 327 4 354 2 307 6 337 3 354 4 292 6 353 2 314 3 299 4 283 5 365 6 358 3 294
47
6 18 9 1 3 16 2 7 5 19 4 12 2 11 5 17 16 8 19 12 8 8 20 2 18 16 13 5 1 10 2 13 16 13 4 5 10 12 9 7 6 8 8 1 18 13 18
45
15 17 7 5 17 6 19 13 2 15 13 12 3 7 3 20 16 20 8 10 9 12 20 20 4 17 16 16 16 15 19 16 18 7 15 7 12 9 6 6 17 11 17 6 18
8
125 96 149 75 120 116 89 133
51
20 6 14 20 20 20 1 13 2 15 18 18 14 11 5 17 14 8 14 5 20 3 5 1 1 15 6 17 10 15 16 4 2 7 12 2 19 9 14 6 9 13 14 8 13 17 2 14 4 14 3
42
17 13 14 12 13 2 4 5 3 16 11 18 8 18 6 9 11 2 4 1 1 11 15 5 14 4 10 8 13 19 17 6 12 15 18 17 13 8 20 17 20 6
5
100 50 200 120 60
92
4 1 3 4 4 3 4 4 1 5 4 2 4 4 5 5 3 5 4 1 2 2 5 1 3 1 3 2 2 3 1 5 1 5 4 3 4 4 1 4 4 3 5 3 2 5 4 2 1 2 2 3 4 5 3 1 4 5 1 3 5 4 5 3 3 1 2 1 5 4 5 2 4 5 4 5 4 3 3 3 2 4 3 3 2 4 4 5 5 3 4 2
2
500 1000
100
1 1 1 1 1 1 1 1 1 1 1 1 1 1 1 1 1 1 1 1 1 1 1 1 1 1 1 1 1 1 1 1 1 1 1 1 1 1 1 1 1 1 1 1 1 1 1 1 1 1 1 1 1 1 1 1 1 1 1 1 1 1 1 1 1 1 1 1 1 1 1 1 1 1 1 1 1 1 1 1 1 1 1 1 1 1 1 1 1 1 1 1 1 1 1 1 1 1 1 1
38
4 376 1 298 5 377 2 377 1 302 5 352 4 290 3 349 6 297 2 365 1 318 3 337 2 379 2 299 5 365 2 308 5 326 6 302 2 318
36
1 292 6 302 2 306 5 335 6 342 5 285 5 289 4 313 5 355 3 343 2 351 5 323 3 327 4 311 6 377 2 302 1 316 2 348
92
2 5 2 2 2 5 1 1 5 3 5 4 4 1 5 5 2 5 4 2 3 2 4 3 1 1 2 2 1 3 2 3 4 4 5 5 4 4 2 2 2 3 3 3 5 3 1 3 4 2 1 5 1 5 5 3 2 2 4 5 3 1 3 2 4 5 5 5 1 1 5 3 1 2 4 1 2 5 4 1 2 5 1 3 5 1 3 5 4 1 3 1
20
10 226 7 227 1 168 2 179 1 152 6 179 4 223 6 191 4 188 10 181
9
55 80 140 23 38 140 75 15 8
94
1 3 5 2 2 5 2 1 3 1 3 1 1 3 4 2 3 2 4 4 2 5 5 3 5 2 1 3 5 2 2 2 4 2 1 1 1 1 5 5 1 5 2 5 1 5 5 3 3 4 5 4 1 4 4 1 2 1 3 5 4 5 5 5 2 5 1 2 2 3 5 4 2 4 5 5 4 4 1 5 2 3 1 4 1 1 3 1 1 5 5 1 4 5
53
4 19 7 16 10 13 11 19 1 5 15 19 10 9 12 8 20 3 12 4 14 19 12 10 12 2 11 17 20 12 11 7 12 15 14 12 12 8 10 14 2 1 13 11 9 16 10 3 18 14 17 17 18
10
140 128 72 50 61 59 56 18 60 80
98
2 2 4 4 5 3 4 5 4 4 3 3 1 4 5 1 2 5 5 4 4 3 5 4 1 2 3 3 3 4 4 5 3 5 1 3 3 5 5 2 3 2 4 3 3 3 5 5 4 4 1 5 2 4 4 3 5 4 3 1 4 5 2 1 4 3 1 2 1 4 3 5 5 5 3 1 4 2 4 1 5 1 3 2 5 4 3 4 5 2 1 4 4 5 1 4 4 2
16
5 206 4 200 7 154 4 189 6 188 3 161 9 209 6 168
43
11 13 16 17 8 1 6 8 18 3 2 3 5 19 3 7 8 3 15 2 14 4 15 11 16 6 10 12 12 2 11 14 20 1 2 4 8 8 6 15 9 2 14
8
70 33 100 129 86 53 38 119
98
3 3 3 2 4 4 5 2 1 4 4 3 1 3 1 3 2 1 4 3 1 5 3 2 5 2 3 2 4 5 1 3 3 4 2 4 3 2 1 2 5 3 3 3 1 2 2 2 5 4 2 4 2 5 2 2 1 1 5 4 5 4 4 5 1 1 2 2 1 3 4 5 2 1 4 4 3 5 1 2 2 3 5 3 2 3 2 2 3 3 3 4 3 5 1 2 1 1
4
120 240 180 1
10
30 62 144 31 119 69 123 85 57 8
96
2 2 3 2 1 5 5 4 3 2 3 4 4 1 5 3 1 4 3 5 4 3 1 5 4 1 4 5 1 5 2 1 1 5 4 3 4 5 5 1 2 2 2 3 1 3 2 3 5 2 1 1 2 5 4 1 4 1 4 2 2 4 3 2 5 1 5 1 4 4 1 1 2 3 5 1 5 1 3 5 3 5 3 2 4 2 2 1 2 5 2 3 2 4 5 1
16
10 167 4 224 4 153 9 185 7 194 3 196 10 218 4 176
58
16 16 3 18 19 10 16 2 11 11 8 5 8 17 18 3 8 14 3 12 19 1 20 13 18 7 9 19 18 20 19 20 5 19 18 19 8 7 8 19 9 13 16 5 20 12 18 13 11 17 9 17 5 18 18 5 9 19
6
2 3 5 7 11 13
8
19 147 102 125 109 108 124 115
93
5 3 2 2 1 3 5 1 4 5 5 1 4 2 4 2 3 5 1 4 4 2 5 3 3 2 1 4 2 4 4 1 5 5 3 5 1 3 5 4 2 2 3 5 3 2 1 2 4 1 1 4 5 5 4 2 5 2 2 3 1 1 4 2 5 1 4 5 5 3 1 3 2 3 2 2 3 4 5 4 5 1 2 1 5 4 2 5 5 5 3 1 1
18
10 160 1 210 2 173 10 209 8 201 8 219 9 165 2 220 3 204
36
5 349 6 374 1 358 5 374 1 286 3 319 4 322 1 313 2 347 4 335 6 302 1 346 4 376 1 362 5 376 2 323 6 293 4 306
18
10 213 2 188 6 173 4 174 2 168 8 195 3 222 5 217 6 204
8
6 7 54 81 57 33 78 108
0
