5
100 50 200 120 60
4
120 240 180 1
2
500 1000
6
2 3 5 7 11 13
92
1 1 4 5 2 2 4 1 3 3 2 1 4 4 3 4 5 3 5 5 5 4 2 3 4 4 3 2 5 5 3 4 1 5 3 3 4 1 1 2 2 5 3 4 2 4 1 1 5 4 3 4 3 1 5 5 3 5 5 3 5 3 2 4 5 2 4 5 3 2 5 3 3 5 4 2 2 5 1 4 3 2 3 4 5 2 1 5 5 5 4 5
96
5 4 4 4 3 2 4 4 4 5 2 3 5 2 4 3 2 3 1 4 5 1 5 3 4 5 5 2 3 2 4 1 4 4 1 5 3 3 1 3 1 2 3 3 2 5 2 5 1 3 3 5 3 1 1 5 4 5 3 3 3 2 2 4 3 2 3 2 2 4 3 1 4 2 2 5 5 4 2 3 2 3 2 3 5 5 5 1 1 3 5 2 2 2 3 1
91
3 2 2 4 3 2 1 2 3 5 5 2 5 3 4 2 5 2 3 2 5 3 2 4 1 4 4 2 5 3 3 2 3 2 3 5 2 4 1 4 4 1 1 4 1 2 3 5 4 3 4 5 5 3 4 1 4 4 3 1 1 5 4 3 1 1 3 1 5 3 1 3 1 5 5 2 4 4 4 2 5 2 3 2 5 4 3 5 1 3 2
92
5 3 2 5 3 1 1 1 5 5 2 1 1 3 3 3 4 1 4 5 1 4 1 5 2 3 5 2 4 1 3 2 4 5 4 4 2 3 3 4 5 3 3 1 4 1 2 4 4 4 3 3 1 4 5 5 3 4 5 5 3 3 1 3 1 4 2 4 1 4 3 2 1 1 3 1 3 2 4 2 2 4 5 2 5 4 4 5 4 3 3 2
97
4 5 1 2 1 5 2 5 5 5 3 2 4 5 3 4 3 1 1 3 5 4 5 1 2 5 4 4 5 2 3 5 1 5 5 5 4 2 1 3 2 2 1 3 4 1 1 3 3 4 4 3 3 4 3 4 1 1 1 5 2 5 2 5 2 1 2 4 2 3 2 5 4 3 4 1 1 5 1 3 5 1 1 3 5 1 3 2 1 2 4 3 4 2 3 2 3
97
2 5 2 4 3 1 2 1 5 2 4 1 1 1 5 5 5 2 3 4 3 2 2 1 2 2 1 1 2 1 2 3 5 2 4 4 1 4 1 4 3 1 1 5 2 2 4 2 5 3 1 2 1 5 3 4 3 1 3 5 4 4 4 2 3 2 5 4 2 1 1 5 1 1 3 2 4 3 1 5 2 3 1 5 2 3 1 5 1 1 4 4 2 2 4 4 5
93
2 2 1 5 2 4 4 5 5 1 4 2 4 5 5 4 5 3 5 2 5 1 2 5 1 1 5 3 4 1 2 3 1 5 1 4 5 5 2 4 1 4 3 3 5 3 4 5 1 4 3 1 3 5 2 1 2 5 3 1 2 3 1 4 5 2 3 2 1 5 1 1 4 2 5 1 2 3 2 3 1 2 3 4 3 1 5 4 3 4 3 4 3
95
3 4 1 4 4 1 1 5 4 2 3 4 1 4 1 4 3 3 1 4 2 2 2 4 3 5 5 3 5 5 3 2 5 3 3 1 4 2 4 3 2 3 3 5 1 5 4 4 4 1 5 5 3 1 4 3 3 5 2 2 3 2 3 3 2 4 1 1 4 1 1 2 4 4 1 5 2 4 3 2 4 5 2 3 1 4 4 1 1 3 1 2 1 3 2
94
5 2 2 1 4 4 4 3 5 1 4 4 4 2 3 2 3 1 2 4 5 2 4 5 4 1 4 3 1 2 5 4 4 4 4 1 5 4 3 2 1 1 5 1 2 3 5 1 5 2 4 4 4 1 5 1 5 3 4 4 1 4 3 5 3 1 5 3 3 4 4 5 3 4 1 1 3 4 4 1 3 4 5 2 3 5 2 3 2 4 5 5 2 2
99
3 1 4 2 4 3 2 5 4 3 4 3 2 2 2 4 5 3 1 1 5 1 4 2 3 3 5 3 3 1 2 4 4 1 2 4 2 4 5 4 5 2 1 2 3 3 2 3 4 4 1 4 3 1 5 4 5 2 4 1 1 3 3 1 3 2 4 4 3 2 2 4 2 5 4 1 1 2 5 2 1 3 4 3 3 4 3 2 1 4 5 1 3 5 3 1 2 5 5
53
19 18 1 4 20 20 20 11 9 17 12 6 10 1 7 19 18 17 6 8 4 1 17 13 2 7 7 19 2 14 17 20 18 16 17 4 1 10 5 17 1 6 5 3 10 5 13 10 1 9 18 20 8
42
1 20 12 4 15 12 7 17 19 9 3 13 6 18 8 4 13 5 20 20 17 6 8 19 10 12 20 18 17 15 18 5 17 12 9 4 8 8 14 8 12 3
43
4 3 9 20 12 10 4 18 4 5 4 8 15 6 5 20 11 2 1 10 11 1 7 7 6 4 19 7 6 11 8 9 16 7 4 1 11 9 12 14 12 14 16
48
5 11 20 6 11 6 5 14 13 3 17 3 17 5 15 4 17 13 8 6 16 15 15 9 3 7 5 15 4 7 3 10 1 1 1 7 3 20 7 19 18 14 14 3 9 8 3 20
54
19 15 13 3 4 14 2 10 2 9 16 15 19 16 11 5 12 16 13 6 13 13 18 19 5 16 11 18 1 15 13 12 7 14 18 9 17 17 5 8 9 11 1 14 7 13 18 17 15 19 19 17 8 13
44
10 5 8 2 17 4 18 11 12 11 4 19 12 13 6 7 11 20 6 13 14 8 6 13 11 2 17 15 8 13 11 18 10 13 12 17 10 18 5 11 4 5 13 14
57
14 7 2 2 12 6 5 4 14 10 2 7 16 14 13 2 8 10 8 5 10 17 14 13 20 20 14 4 15 14 12 1 16 2 5 9 15 8 9 14 18 15 3 8 12 12 13 3 8 18 10 14 16 11 9 3 9
43
9 13 20 14 13 12 11 11 1 9 3 18 12 15 1 4 2 4 11 3 9 4 10 9 13 12 20 20 13 18 19 20 12 19 14 3 13 14 12 7 3 20 4
55
15 20 19 9 1 9 9 5 15 2 6 17 6 11 13 14 17 11 4 1 14 17 13 13 17 2 6 18 5 5 6 2 4 11 1 20 19 2 12 13 7 4 16 11 3 6 8 4 4 7 8 13 14 20 15
47
11 18 18 11 15 5 18 15 19 2 6 18 9 15 4 17 8 20 12 16 20 1 18 9 1 9 11 13 12 15 13 4 4 4 19 17 19 2 1 15 9 6 7 11 12 15 20
10
149 12 122 148 72 107 66 97 141 70
9
147 57 22 7 78 60 5 34 143
9
80 133 119 37 141 87 117 113 134
9
148 92 122 133 135 104 37 40 26
9
149 69 20 53 86 42 70 23 83
10
132 132 42 106 7 89 149 124 90 122
9
9 54 149 92 36 84 12 65 97
9
44 5 86 66 33 46 60 48 128
9
70 74 52 98 53 102 20 2 93
9
21 24 89 115 34 17 80 105 58
1
2
1
308
100
1 1 1 1 1 1 1 1 1 1 1 1 1 1 1 1 1 1 1 1 1 1 1 1 1 1 1 1 1 1 1 1 1 1 1 1 1 1 1 1 1 1 1 1 1 1 1 1 1 1 1 1 1 1 1 1 1 1 1 1 1 1 1 1 1 1 1 1 1 1 1 1 1 1 1 1 1 1 1 1 1 1 1 1 1 1 1 1 1 1 1 1 1 1 1 1 1 1 1 1
16
6 191 3 157 9 198 9 224 6 207 8 156 10 196 7 218
18
8 183 3 220 3 216 1 151 2 191 6 206 3 194 3 189 8 196
20
1 166 5 162 4 223 2 166 3 187 5 227 10 224 6 157 4 181 8 205
20
9 197 2 217 7 177 4 168 6 157 6 193 9 203 8 204 6 166 3 211
16
7 188 5 199 4 209 3 210 5 169 10 219 1 219 4 198
40
1 314 4 326 5 345 6 318 5 346 4 327 5 364 3 296 6 285 4 356 4 375 5 361 4 289 4 340 1 322 3 281 3 285 1 285 4 356 3 333
38
3 347 5 366 5 335 5 305 4 305 2 289 6 295 3 331 1 352 5 353 6 314 6 284 1 311 4 329 3 356 5 346 4 351 4 307 1 370
40
1 333 6 318 2 305 1 317 4 295 1 358 3 290 1 305 1 300 1 288 3 366 1 313 4 369 1 358 2 339 6 330 1 294 6 304 6 372 2 333
38
2 364 5 379 6 305 5 365 1 352 4 284 3 337 2 310 1 297 6 372 3 352 3 346 1 307 3 366 4 369 5 287 3 283 4 337 4 365
36
1 327 6 290 4 290 3 345 3 364 6 316 4 346 1 290 5 292 1 317 6 353 2 352 3 314 3 285 2 336 3 326 4 343 1 308
0
