19808
512
7880
7628
28
27
9473
530
5713
13974
4779
27629
35362
13094
27753
109
12621
41298
5684
5579
5868
31377
1931
5748
9797
34399
25655
15283
1453
2597
10855
5242
704
1966
7977
27706
2194
10702
627
27916
4484
4738
43670
6638
44769
10709
948
11543
34144
8478
20514
16648
43671
11995
19127
5241
23411
10540
23965
525
24636
11240
1607
3353
5386
35812
6122
36661
52
39918
12572
13872
17034
325
13642
13209
5282
38786
20754
12379
23324
5222
2268
11578
19177
31019
21567
22841
32184
12598
33667
30209
41302
2122
294
20237
23944
3056
26982
23600
1340
5477
25209
40804
3247
2109
31683
22147
32461
3554
26005
45336
16002
6766
10652
19474
11363
3155
11439
28315
27245
12878
13449
4982
16302
38797
18997
9035
1811
1536
28800
32153
9869
2815
20339
26499
11761
34541
3060
16453
21222
4587
13408
21774
1219
6428
430
26550
244
14677
15964
12007
29041
89
19986
3282
28181
37880
6656
2309
12596
10724
47
5466
21859
27367
9781
39061
24591
1248
1445
4216
7805
3396
8086
28769
10211
28944
11142
16038
15896
37023
9656
10808
31067
27212
10127
13035
39524
1067
21188
10778
208
13403
27589
45023
1884
40269
22833
34346
2058
5506
26051
5122
3550
28031
30780
4682
61
6229
29947
4560
8575
30204
549
4188
22215
38473
268
8539
13489
775
389
1633
4593
35856
39587
33834
3971
15110
1475
42257
1537
1997
4231
34097
3505
33817
31870
34674
12613
9196
2395
929
1005
17131
16697
15480
10254
585
22438
3510
672
29503
40866
32917
3684
18510
17058
16238
1008
9731
22008
15831
10138
17543
639
30248
9056
36410
152
3100
901
34126
826
1885
3718
8507
31484
37927
18668
124
30216
10246
26822
19103
2733
4892
797
20709
23565
2579
1606
739
37928
25673
25820
7663
589
31266
10523
1817
980
29438
20965
26040
5996
32041
2071
26195
41896
5008
32067
24352
2309
8264
7638
15817
21572
21034
1827
18342
10247
17829
35155
6837
32374
326
3688
31425
6790
31203
10368
10986
3408
36347
1353
5157
1890
23727
15080
108
1744
2672
25312
829
5069
33853
291
2060
18055
21127
16548
25030
180
26241
930
4078
13859
95
18163
40885
13382
1418
30051
5321
37904
6530
10069
3939
19972
104
42207
7912
4994
20631
1610
13799
32948
587
16439
41838
25733
3964
39058
3072
59
359
288
126
38797
30269
8606
13331
21784
3609
37260
9475
188
32385
605
31181
15353
8357
28691
31179
2592
15265
8759
15196
12967
22530
3849
1655
4650
41330
31968
34611
1422
39058
28898
14118
18018
7299
731
9530
130
3236
11675
35243
6213
38816
19976
6184
4321
868
22482
14338
3136
33509
562
1378
1019
2580
19040
39048
21056
561
1666
28664
8630
20371
115
14540
10597
40953
5611
42156
63
36842
41608
39552
6990
24739
3379
25435
7997
15194
312
17075
10861
22856
21712
42798
15031
12905
755
675
626
25364
5040
38744
11678
9030
2610
5902
119
2157
3512
34245
1745
741
6266
17223
27775
842
30712
13092
1660
28963
27135
1135
7513
900
195
3537
41471
2647
36087
12525
8080
21511
29046
20013
12425
5717
1819
6027
7052
4228
12873
12806
13077
14935
14536
7171
3733
14144
32247
14544
10560
282
14531
13168
13642
36473
4634
37703
18663
23523
3488
6327
20947
29080
18812
22284
20346
1842
561
1585
3792
2813
21070
34105
37347
454
8638
13991
10544
983
20485
2636
6000
39978
27254
31998
41889
13296
23327
22905
45299
1214
22639
39548
23725
25769
30042
6861
35589
2425
4472
42349
27212
17521
4619
14990
20841
1279
22780
11439
21880
29616
28079
22312
41838
12448
81
1562
3450
45
23320
7628
416
3888
15382
27595
23296
12020
12939
32885
365
9207
1613
3088
13389
40958
18739
25874
33697
16141
26097
2361
39987
5037
10432
1426
6523
1600
6742
27399
411
19227
44032
5821
5976
7647
99
20119
2357
23519
19531
35042
35652
2257
34192
14348
5254
1240
9032
19515
18276
17617
38990
668
211
631
22223
28045
28075
15124
39928
7948
18296
21191
1235
33104
11046
9825
33880
132
8396
21315
15206
7304
9735
11322
16701
96
32338
1666
625
3423
37379
282
33356
39955
32076
8630
93
788
2136
38760
372
7580
23872
33840
28873
9028
23040
44045
1838
35095
30339
221
8769
7402
6579
3965
3266
16973
5489
1178
3381
4176
18095
1440
5948
42423
4502
7143
14548
28986
312
15544
24565
20128
12715
26961
23924
37017
36658
31056
19
37965
1238
3237
23328
20416
33807
2553
152
449
8674
13760
27935
18503
5311
6161
22301
8965
9608
17906
28761
14435
39850
23468
13010
21778
34191
2819
90
18328
33229
3527
29225
45777
2409
10515
8045
32278
614
18257
13817
499
35843
33
26440
248
40839
39653
36336
36676
41876
18447
36267
3797
6774
9463
5839
24952
7792
41757
3611
13816
6458
20410
20506
3689
30425
2665
19198
32694
19392
7737
21026
23299
15510
1429
609
23435
6279
16165
24779
34
3800
38
30298
13091
15489
8867
9554
32623
9743
25734
4989
39080
1052
26517
7614
2344
8587
32477
8211
30953
22295
9497
25866
30030
8839
30344
28698
2325
362
5661
15115
15865
630
5279
55
2273
6706
4397
1426
5789
26002
16470
1188
38054
2799
5016
347
22260
8828
51
26057
13727
5877
4320
4048
31701
152
21
3831
2795
42622
1213
97
544
15644
10222
40209
24117
6137
27201
37722
140
3672
9663
15106
11050
1711
1724
7744
9051
6694
11790
260
1278
19497
15871
3526
30237
1624
303
8472
15426
460
14684
15516
19673
20525
44686
24672
2934
3398
1895
11239
1712
43619
1504
24128
12670
3981
1949
354
5818
395
5191
13298
4916
14264
25400
11943
12332
6065
21943
3857
2336
24831
17602
26725
34202
32826
35
3794
26283
7900
109
211
64
7844
16910
42885
10320
40665
230
18000
41547
37827
10950
2984
16378
3277
6803
3675
6666
12444
