66570
452
225
205444
2566
5803
33565
2474
7970
6369
73678
46722
84495
446049
1423
90
22129
9713
73460
11
48456
13984
28
11521
9080
175
1294
4048
141868
4906
230100
143
77351
59669
99926
87237
7252
791483
58298
5491
3322
8116
132649
105228
8
207350
2955
17941
299364
44655
30557
21759
7237
446073
182654
22757
65335
7271
124157
1879
131198
82881
39635
57
68599
41
773804
27177
144795
30709
10278
336097
44047
2506
942
3901
31686
12102
160308
9283
84574
6227
3216
174154
9768
5135
14872
16341
430285
6648
58523
1069788
143252
116486
1834
4720
5905
15170
405
53322
78662
5645
3008
1203
2897
2128
2747
598938
106067
59531
15255
93080
103535
50129
26
329738
50252
24665
312213
50
38594
37281
147629
8739
110426
48713
47806
20848
1789
476471
114715
60454
118543
781630
6602
214278
7626
106709
166615
66066
110960
5371
1393
243737
1
3290
122264
1987
14583
9169
53856
1716
34778
3475
42348
84713
11026
59425
4156
61572
140623
5566
26152
8308
2573
667715
4177
44359
67171
6570
117438
159150
87688
302250
67680
145
404
5641
121816
1842
39457
536353
32615
53472
304
9149
1993
32439
806
945
80785
106053
9897
6060
119148
4
169625
990580
15689
79283
16898
5693
1672
148726
83369
3938
6678
10679
252031
47275
591
541
53878
216241
32944
6573
63988
471832
13789
5363
207284
92723
267357
10730
26484
448735
6254
716393
3513
5134
23818
1035
57500
376
348
324032
252
156372
278254
11135
17872
159688
53
68497
9422
99913
2135
66211
19684
180
36696
90437
11283
375
7009
107227
18266
50108
929
2269
56472
98696
77115
5
93707
12843
148039
2255
5909
1986
1071
2315
325823
57896
568905
803
110509
26680
4457
55392
881731
7103
70345
35883
89300
29969
4182
26
760
19090
21110
190527
32367
215112
22950
44727
10851
340
61326
17353
25860
26093
177
5102
6972
973
54689
206298
9528
6171
600
104
1198
9460
4333
18
61144
1206
3408
18008
8580
25952
2980
28715
43562
1065
24469
46059
54942
83446
15108
5080
7758
63741
96670
45400
2533
56163
358876
65491
37
56169
5910
109624
47
22681
220851
121206
71
14493
44315
519991
31320
459070
26488
348
116813
6381
88216
2118
33490
13144
2735
50198
49632
10229
225866
206236
74598
956
43829
259
138560
26961
15171
8919
3761
5980
221153
68425
426
188687
12483
181843
41549
252375
28235
2044
20508
99544
25010
7146
632644
1619
54839
189566
16599
36533
40860
46
67486
321354
9960
20384
49377
1989
319
195671
285243
156
967
7947
1616
22639
21207
12366
2746
32245
12499
304
17216
25966
440341
58545
182132
611
332
124718
1199
90052
11953
20044
83538
74353
596918
14377
63898
14895
5633
5582
17869
3567
10733
2313
3752
143395
260617
52120
2712
25843
114346
40726
16
39143
21100
104
733
90449
18626
9588
231
11776
26044
207
36007
257705
190073
329596
92543
55465
42
29412
518403
98752
1169
17387
47255
29522
361
79505
32000
1670
9665
11640
83832
129572
287240
651202
121200
220883
1571
14504
34510
447021
534
40243
94012
12845
15545
6561
