475
888
2811
435
14
6
1
5816
27
5434
953
2438
1030
2718
353
80
2908
1615
0
92
34
947
495
836
1885
1238
500
78
798
73
214
2356
1
26
995
154
59
591
22
3
63
828
398
731
66
2411
2
127
36
77
43
37
37
2537
28
307
18
281
930
217
5
20
7002
313
56
701
907
249
15
6
11
82
418
7
18
6
420
88
79
110
2536
1109
3522
2393
7
306
20
6
1023
1750
4171
5
279
347
94
153
0
3
30
9
472
4928
500
637
113
283
5
178
2750
1145
1267
11
3019
2410
19
130
24
1798
62
12
541
188
19
12
280
7
738
63
110
1658
0
149
79
285
766
297
485
284
128
657
5970
5790
0
1766
62
462
3690
217
41
397
3
497
257
51
457
608
2862
6256
37
9
64
995
1163
8
24
461
23
408
175
1
24261
857
85
278
465
1321
2437
7955
1
102
1073
1907
43
268
8
318
947
1949
2382
483
1633
282
124
157
100
766
193
0
229
6353
243
62
229
1042
136
570
1371
1051
22
347
965
6
234
92
27
200
1150
18761
4
2529
120
2008
38
65
26
835
133
138
5
6311
238
942
233
1458
119
41
252
1013
3
120
3
125
13
100
70
590
290
62
13
78
491
633
52
277
0
216
78
14
223
23
197
1600
1932
21
1380
798
1891
20
9
341
2378
336
54
1547
55
26
553
2949
689
38
1
382
22
3
491
55
913
11
23
7
6
667
72
2794
1239
262
2
9
134
255
57
1105
138
13705
82
20
74
2
788
272
68
1771
104
882
394
9
1652
60
168
9462
1
1119
317
464
1283
11
99
1000
1048
363
14
43
4207
29
558
803
126
138
1090
1286
2203
83
2
4136
498
1068
315
6
365
104
9
1219
1387
83
355
844
293
2950
380
346
1462
93
651
2
221
103
2
166
636
63
591
203
3
9
56
4778
596
698
220
29
59
127
2
199
2829
265
1009
1046
867
2
5
106
243
358
10
138
828
3063
542
106
277
3
4623
3
1156
2530
303
670
1
428
78
92
8
98
0
9
0
52
94
51
1177
1921
27
192
3
5405
267
599
762
177
540
994
647
191
4
812
87
150
15
50
34
0
131
604
148
2134
455
121
3608
106
7
288
691
554
626
106
12
1774
950
28
2334
3
1
146
141
4117
621
13
62
4764
12
2
0
87
786
38
300
28
15
153
72
102
0
2445
0
2
47
1
11
1449
8
7
27
4329
485
142
90
1521
66
33
317
14
1017
465
174
593
746
3650
48
4571
32
4
137
883
129
88
170
15
1265
14
74
5
21
8
0
92
23
1
39
610
193
3321
578
77
0
161
1089
2156
2731
13
1017
574
393
153
81
0
159
106
6051
619
9
964
173
758
5
136
46
1352
406
265
919
107
598
175
100
804
6
1038
951
1041
267
1336
297
94
33
816
985
16105
1605
19
220
1011
1435
107
39
5852
4411
560
3347
876
13
105
21
6342
3
15
2
75
21
26
377
69
52
126
66
1475
310
858
19
37
1010
548
3
3674
48
60
20
989
1886
278
32
1
45
61
14
409
87
247
335
157
1515
96
3
5
142
540
108
666
172
11
2833
417
356
338
728
451
1300
17
7299
98
668
2599
49
55
625
955
76
1088
697
5
2
931
53
987
430
1159
1043
163
157
6
36
1707
22
0
268
120
5
996
454
120
67
758
15
911
1
1080
6
69
134
3
157
77
529
0
1671
3422
10494
138
157
85
593
330
1013
2743
436
115
131
306
363
2363
0
7
25
491
548
41
380
146
460
221
1392
230
733
24
403
0
30
68
115
100
454
4
5773
685
2
297
220
723
47
733
140
57
411
390
1100
906
49
1
488
19
16683
296
865
110
1155
2
5589
2375
1859
51
28
29
2
15
197
1153
474
1770
362
4657
247
73
313
817
137
1139
14
1199
1344
26
380
91
547
110
62
1208
1380
913
88
519
182
137
1496
2
505
1139
570
50
44
1088
14014
522
178
666
233
266
339
3444
10
55
2623
31
1640
13
820
120
24
216
3688
1012
234
8
846
118
488
17
860
365
681
1148
21777
2863
47
422
22
1470
0
30
54
3
1383
25
14
437
156
275
39
791
32
50
75
2790
17
2156
813
0
23
208
6
1
278
32
19
1875
509
5669
0
1104
123
26
46
95
51
583
36
152
85
114
3346
267
257
4
1717
108
8
1507
183
0
372
108
184
673
5342
9
1320
10268
929
411
5
667
172
2573
442
1088
93
0
394
6
238
785
70
1114
15
203
2
276
4303
124
45
3366
196
7
53
232
205
8473
10
115
1774
373
4836
950
73
954
1135
2
2253
9
0
208
8
5326
39
59
0
505
1006
25
629
452
1847
691
1204
199
2234
835
2
37
29
516
7
15
891
0
1596
255
256
6234
79
330
637
389
212
19
112
4460
169
197
637
265
1
23
5
237
660
223
13
547
1
7238
66
4338
243
5349
1
1675
446
336
77
177
405
153
454
0
1437
172
1285
3
22
1475
2864
1580
314
3190
93
26
880
991
42
803
42
6174
201
2509
5666
922
758
4
3999
2128
82
4
13
135
278
66
181
95
257
490
1179
0
5
7
1
123
72
12
487
10
345
269
664
4
124
377
993
1464
564
0
859
1719
378
10
243
36
60
54
4
7
511
48
1277
97
1133
0
972
238
2197
7
37
3
53
30
2343
134
1968
385
180
2057
1264
1
1849
2349
1579
746
2650
34
7
1464
2732
74
1527
277
7
567
547
43
1885
39
247
884
1433
1062
678
211
334
443
3
145
0
901
96
262
10
79
4302
42
8
142
1555
183
357
4196
501
111
37
6
742
3798
25
966
0
103
819
0
769
20
169
651
980
2801
15
1291
124
124
320
195
49
35
6
282
18
1963
36
380
293
100
2421
1144
1653
0
14248
0
2
40
571
95
149
143
0
74
63
2021
737
222
1658
30
4
1269
1017
1533
2
61
232
0
60
538
258
1
237
146
85
28
2
29
112
2297
461
4
3
19
108
38
362
12
277
38
1357
1163
4325
31
46
1389
177
483
0
15
3002
170
1631
93
19
799
270
65
191
1790
349
272
111
4721
23
5
326
16
0
5
1159
8
376
131
48
5
849
4602
37
7
991
0
350
55
424
512
124
190
3
16
1172
7
199
41
2233
24
5
756
277
25
57
1
99
1
0
156
1869
4
17495
8761
17
2684
507
6301
313
2489
261
1521
54
23
40
39
20
30
80
161
3
1494
70
10
978
252
1804
45
1
756
3
570
2028
1047
25
217
875
16
8997
852
30
70
641
47
541
1007
475
461
749
670
1149
281
37
369
21
67
213
5
23
6
2095
1413
84
77
0
116
149
4316
83
0
91
2227
8
103
230
151
399
45
103
983
28
25
536
5338
4
163
2
326
261
23
363
6
16
557
156
1864
282
2404
1494
94
1
35
23
99
1967
63
8
2
2295
22
2787
8
8
254
2230
1966
6
61
110
367
1159
389
1854
1408
358
146
3
0
4362
355
26
2236
462
41
407
3
13
89
151
199
21
19
139
209
1
1
23
16
191
141
131
77
1680
78
1850
18
1888
415
848
244
11
486
4
2
2484
135
22
4
1340
309
328
14
3
319
339
235
6505
34
62
553
1096
77
6
4198
913
1049
1632
29
2109
3
81
0
2
13
2818
8815
290
3759
4395
525
38
1145
24
344
1
186
432
5701
608
5056
975
27
5989
30
1289
235
81
42
796
231
1
4836
18
0
129
1569
378
106
7
88
178
221
344
626
170
727
2450
405
849
4
3077
530
107
252
3463
1193
88
1837
4
7
1
434
9
1916
237
174
574
1055
150
305
77
473
698
512
2
14
434
195
15
2
31
0
4
6
86
365
2653
244
38
2476
1667
3
3
109
343
215
716
489
33
15
247
279
1040
88
2461
323
373
6
75
361
24
8044
538
2
77
260
8
1
13
331
25
298
718
2
117
3296
6
73
159
620
356
192
203
180
33
4
77
1028
1
2406
13
282
1128
131
766
204
251
46
128
9
171
94
197
0
1974
343
2694
266
91
1279
6
3
126
2511
274
128
29
2
919
243
54
191
646
67
4
170
1004
179
1350
73
38
42
1020
1522
525
356
1
30
1869
4
1895
773
247
60
318
1080
3
271
93
746
11
1836
2005
2699
638
13
705
135
32
12069
3
2038
167
112
1309
4
15
1863
367
10
1689
929
99
73
106
48
31
95
41
3
129
706
4152
891
5
261
208
891
3005
540
21
666
649
0
105
288
5026
70
135
976
173
0
111
1760
46
408
1597
0
1732
27
9
186
882
78
1698
1352
303
440
313
150
267
79
1521
172
221
490
59
525
110
1152
87
1942
54
708
373
319
18
2987
213
66
65
37
736
62
138
1427
966
66
679
136
159
398
15
42
1216
813
208
659
4
80
1828
70
20
923
5
249
289
30
24
115
426
120
18
0
127
1805
0
200
46
25
5562
510
139
11535
284
41
54
51
468
424
597
48
30
12
607
1021
84
4037
178
855
764
428
89
64
279
89
208
202
584
306
117
23
247
2815
503
91
43
18
255
147
738
1118
17
9
79
755
41
66
622
4605
1855
6770
6
168
209
9982
1854
21
207
104
11
632
1
92
84
19
554
701
0
879
74
674
41
9
1600
75
75
52
10587
280
25
490
1482
171
18
10
727
14
258
430
312
702
322
1582
389
11
306
31
563
1
10931
202
656
336
300
133
199
141
1083
306
1980
1333
45
101
1167
321
131
4057
223
6
44
29
8043
2455
48
212
268
23888
275
370
371
555
3181
595
6599
17
20
794
385
44
2
5502
10
158
219
732
1274
1476
1270
23
258
5956
218
1117
286
3258
1139
815
1762
751
25513
630
68
261
69
1
682
24
362
5
93
494
169
2391
376
210
9447
2
7082
798
7116
167
117
198
15
240
117
524
25
1016
95
93
3
265
355
546
331
964
1048
116
44
666
1031
6
222
4534
466
74
15
1628
11
58
378
115
1276
9
8
17
752
2222
80
96
16
1192
30
22
182
543
206
2692
691
11
4
217
5
2
479
2434
1
13
359
20
55
2035
293
2
2244
0
368
128
929
89
82
250
468
567
34
966
106
650
11
1079
120
298
310
2418
1156
146
19
13
1376
0
786
748
589
57
108
23
56
14
356
93
307
4225
571
296
2
14
280
75
103
72
7
10
1912
88
121
1820
89
117
22
1
132
77
31
1809
28
1117
2959
28
53
1625
4326
0
152
1
14
68
656
119
800
102
3414
100
40
47
1273
2507
25
89
0
105
22
546
156
58
864
437
4907
25
519
156
694
39
38
704
272
76
439
1
15
1091
9599
0
186
9
0
39
3381
95
111
3698
37
261
29
1294
141
722
41
4
94
79
57
791
36
648
427
3010
88
137
6
880
80
8
53
683
75
701
87
282
12
25
890
184
2
1165
0
146
51
5191
29
142
424
116
0
3435
456
459
635
25
1054
207
3
4
146
7
378
403
40
314
4
512
19
4493
53
32
14
2335
480
16
16
220
5843
3165
485
43
952
110
157
15
909
423
50
0
65
19
90
857
45
206
2381
392
305
0
659
10
27
335
505
919
3080
1253
608
127
21751
203
460
1206
41
48
201
481
327
146
5
144
68
182
47
416
621
222
20
110
65
7
1500
178
2830
144
215
88
348
1
424
7857
329
749
2388
2306
1012
254
7
11
255
370
765
4
849
30
82
318
9
9403
721
50
566
500
64
858
24
398
205
85
185
513
595
160
396
4065
1635
3663
642
725
101
209
91
2219
405
73
262
412
14
68
304
539
527
106
598
42
1180
1079
3
1628
13
1174
116
11
495
6
201
18
4650
1135
0
53
399
147
739
214
10
3
1886
37
1335
215
454
618
200
298
451
69
467
737
2186
160
25
248
95
107
2371
7327
1977
2269
955
44
15
3
553
85
2346
117
217
0
3639
2
1258
2293
1616
1305
798
514
24
240
11
195
17
41
821
1207
81
486
53
5
438
721
1371
443
25
438
241
520
49
982
137
4509
708
461
6199
16280
1733
18
681
13
108
17
40
4
763
34
349
135
10324
168
13
648
2358
1367
22
538
10
314
15
1
209
4
269
260
915
4129
25
28
1183
1799
2
543
226
12
9
566
98
9
265
222
348
23
2015
294
48
0
1
48
379
2291
24
23
111
2
3229
15
44
180
8
66
2464
360
0
763
115
446
53
1374
31
3874
451
90
16
4556
172
328
1295
539
286
5194
7
74
933
415
266
101
1348
370
1328
297
41
14
3842
1156
400
671
67
16
476
326
8928
57
1021
970
117
145
949
1
896
175
282
415
63
2517
148
1717
96
101
244
165
9372
1428
1173
1333
0
3
1
2030
370
8
1688
66
341
65
112
198
672
3181
34
156
80
322
1
2386
0
256
231
1
2198
2
1396
4
42
898
60
67
44
676
236
973
1226
220
17
0
176
10
35
113
492
431
220
205
106
400
393
535
12440
202
676
5
2314
9
1
3953
36
1308
119
128
394
933
28
14
37
4
162
254
91
872
149
4538
595
8
184
430
1361
761
1490
574
29
15
88
800
2390
63
114
4778
883
1997
1665
317
48
777
0
585
531
732
1889
47
93
17
2
764
144
453
185
20
116
49
185
49
294
593
222
815
54
477
16
5
15
63
186
10
463
4258
125
292
42
5055
168
212
190
2055
227
442
12
238
366
488
4
124
736
33
257
110
270
197
604
1514
246
1963
1
796
1937
6
985
42
1958
1698
236
414
76
6
144
59
76
823
81
102
1222
44
407
0
208
1349
172
1544
42
731
2
132
23
356
10
0
16
6
9030
124
26875
1268
3830
256
96
60
57
538
1
2
985
2066
1558
133
76
145
75
327
293
116
4
6
783
1
6
540
2682
196
7
633
16
4648
65
513
29
415
195
35
149
3
0
3433
54
59
1186
0
99
4091
18
377
263
32
6761
56
1677
120
1175
1233
380
4102
257
19
2031
1750
57
94
0
175
5
146
390
56
156
358
3279
794
2639
1614
94
30
12
1201
4
1075
303
70
10
2619
287
2
285
170
2257
1091
112
2162
1125
10
2
16
6277
90
130
54
348
35
259
4
484
5754
28
193
220
194
608
291
1090
15
238
1291
48
726
172
124
18
1184
2232
186
10
1004
62
186
117
1319
86
4213
924
90
83
1
223
7
15
70
993
0
8123
2134
10698
1799
4177
139
759
629
2809
518
125
0
99
867
159
3630
28
4
314
59
949
1166
12
87
20
101
922
70
327
797
2047
27
3
588
41
767
270
264
117
596
1
9
22
470
173
1233
133
1591
9
694
582
258
100
1083
294
23
1062
652
585
20
789
158
4360
35
181
10
143
2366
1481
811
115
782
370
783
23
1573
971
1064
671
577
242
591
2378
693
1402
817
2
31
158
392
2388
99
1094
227
312
545
37
28
1602
62
102
290
2016
70
9
31
46
483
8
600
425
601
585
1033
75
3552
2616
7
878
76
205
277
3802
409
1038
6
1108
1
1368
33
508
631
250
1
83
244
1
353
12
1
2678
43
28
98
7
13672
4121
2951
8330
3921
203
475
395
154
338
499
224
75
4
5589
307
1511
19
1956
129
257
3
1052
9
98
1794
9
164
0
33
377
598
2312
717
224
12
3
411
9
3
25
119
737
1665
17
9868
477
123
377
161
75
16
1571
247
24
0
6
22
149
213
30
59
759
6285
54
3412
1911
3
129
441
296
123
3
329
1677
19
2509
186
43
715
994
1051
2
3329
318
1
56
12
349
40
960
370
37
1033
237
8
2672
304
161
312
1
277
200
400
7
855
4
79
811
262
249
1266
139
4345
8
503
27
54
616
0
372
147
2935
327
247
19
106
796
15
71
4
116
554
2068
352
767
1981
49
1807
147
543
759
2496
4075
704
33
60
692
3804
193
54
4221
825
502
2
1784
54
112
3419
70
516
299
21
18
11730
90
1024
60
135
260
0
108
108
5643
102
26
19
577
7
755
140
1194
1059
1741
1457
27
4
1419
1067
46
22
15
2381
520
125
245
10
73
96
120
3815
19
470
540
158
774
26
211
1028
14
17
245
194
871
37
271
399
2894
2919
30
345
3
905
273
22746
196
1
0
40
142
872
137
255
19
1081
2272
155
48
67
0
365
12
5104
12
152
0
187
49
22
1701
34
225
3944
1542
55
20
373
2337
80
190
428
496
32
419
2072
36
333
1039
11
20
2708
104
23
7
549
61
7
1692
65
7136
21
1278
1590
916
318
694
620
0
40
1828
1
8
2
0
129
5
274
9
2191
11
12130
327
30
56
214
1226
39
23
22584
5557
15
7
38
129
200
2121
784
267
1913
760
344
3
418
4741
152
1392
3388
853
2421
56
2
231
68
50
3038
608
56
1598
553
304
650
253
11
93
10
95
593
1092
788
909
358
1
7
230
69
68
1061
51
23
6
1702
1351
6
331
11988
442
471
529
1075
38
38
100
3
7
4995
218
117
5549
2
121
814
5
100
311
7
55
1424
33
1045
2606
1058
275
31442
25
135
190
1586
13
1263
6
58
42
4273
324
143
251
57
8
1
2677
1951
1437
0
65
454
8484
29
199
23
222
121
240
341
961
6
16
157
15
11512
4
9
1
45
5707
165
229
263
248
2
1
5
1662
34
3748
3
18
6612
21
1216
460
455
305
241
220
48
107
0
150
500
1163
746
667
88
3542
648
110
417
1042
2868
447
2
15
868
206
144
636
263
2716
3258
2
49
76
2260
2698
2629
1222
17
10
107
2886
22
1
1213
279
20
313
3380
1268
2027
3579
212
493
34
20
407
76
126
1657
394
162
44
54
1227
6047
3977
1128
7
92
5432
12
291
2489
164
784
559
11
103
450
19
12396
98
429
299
1061
312
1
1237
62
166
3
8820
4295
42
386
2113
0
183
29
1042
547
141
1
321
209
41
4
135
896
13
461
273
183
18
107
4
143
489
45
18
282
6
4662
2
256
53
1982
718
5803
16846
854
35
2
402
1824
1573
2183
1467
63
511
782
31
61
31
33
571
8
1284
453
795
2681
7
397
6
4930
660
1436
2677
33
7200
982
197
3
22
181
8
111
5150
210
2680
94
4345
258
67
189
258
111
760
51
19
124
1309
1024
5
407
117
549
113
3286
489
274
318
526
2053
2
437
142
2536
10
128
2
632
268
2518
5
2056
1209
528
12
18
380
1286
44
285
22
15
28
32
62
1577
2
2025
3026
38
24
7
6
2299
259
1166
840
4
29
210
16
153
58
579
1298
48
169
61
25
1937
2424
301
4806
468
324
5493
263
20
8795
162
66
1437
211
79
1460
2
303
11
375
0
4759
2469
8
10
263
1294
1532
5791
1
2152
425
11
59
931
5
0
4
10
44
193
181
0
224
337
394
670
980
151
87
10
712
26
15
855
92
25
402
127
1512
0
409
9249
342
1645
1809
132
5
296
1
1041
2
203
1389
826
6
1155
36
418
14
1
41
113
12
117
607
377
0
21
103
1033
365
25
47
23
4065
147
16
26
364
665
18
21
816
520
327
13730
49
290
1254
8
3943
41
37
4
351
1712
2357
0
111
16
54
3053
1749
6
53
810
2
7
1131
693
659
542
3580
93
377
242
66
598
1292
2856
15
230
214
1789
102
848
777
1183
240
33
658
61
390
20
211
125
75
465
132
4
2
1177
4
103
2330
134
293
495
571
5
250
1407
15
53
108
1166
64
2092
380
19
4135
559
0
271
593
4
1017
390
445
73
864
478
357
552
182
285
741
1769
581
81
16
1974
30
11
724
560
489
307
280
449
503
11
65
55
81
282
2370
787
161
0
36
0
3921
598
19
45
4
47
22
9625
664
382
672
5802
4
357
590
9
795
27
1235
41
612
187
2578
2424
19
933
5
0
44
7
896
57
920
178
274
391
1348
4770
47
21
753
15
179
1152
1679
845
1723
654
369
2611
72
17078
1
36
1
191
3312
1553
6700
84
16
52
385
37
10
28
75
102
581
75
25
845
1601
45
1053
0
206
66
0
220
105
0
124
893
12460
113
7
510
8
98
1182
319
635
1017
452
1014
1061
181
1690
42
1321
236
77
2488
74
643
2116
14
940
1724
0
27
537
16
34
1379
1241
76
10
83
916
228
74
7
1244
1044
65
1581
118
7
6
646
5169
1641
0
583
223
3944
907
426
572
1718
10
953
4
14
293
227
22
1812
850
0
3395
103
331
66
57
491
101
6
23
20
23
20
218
119
423
0
159
788
4472
64
15811
11
2
21
556
129
213
1339
13
3072
0
4555
133
157
11
47
915
1
435
79
178
48
75
588
14753
111
44
6803
4816
122
274
1069
22
7
24
4
14
44
406
93
263
30
190
80
1411
330
1019
580
993
24
66
82
89
939
4
6338
8
2
2
10
30
502
1192
391
9
31
67
94
8633
189
3
2
14
1946
312
33
110
4415
413
866
223
3
54
2619
161
509
42
8909
8
526
2063
424
12
16
779
68
2
1820
184
161
27
2163
39
34
6
143
8
2076
141
295
106
108
410
517
8599
23
114
242
159
2510
342
1
683
177
618
6
96
0
121
3783
3
129
1
7
83
5808
285
4108
1592
216
241
117
4342
991
479
1024
67
1
840
2288
6793
3795
493
145
956
2178
351
241
181
1
37
221
339
2498
73
0
703
126
40
239
388
2062
1429
748
30
85
11008
106
204
485
1666
403
9
6
1
44
34
28
2444
43
78
34
4900
2101
768
36
107
206
134
32
87
3711
5
347
1943
83
275
0
4102
571
1290
45
129
26
31
11
699
2
1530
212
167
304
592
21
610
4817
52
3885
1
31
2
129
2255
18
4
9
161
4917
253
1066
87
348
54
10
26
67
46
511
92
6
8
51
695
51
53
18
138
15
31
35
4
802
17
1526
78
243
429
121
1649
483
137
159
991
159
303
450
134
6
6
0
2
132
37
44
337
150
142
190
63
461
264
844
6
574
62
366
12
157
3190
877
102
3194
7278
296
342
96
102
237
2134
544
2
1755
4888
0
1637
637
242
4501
48
10804
155
442
12
33
14
5856
1216
3628
2
105
293
194
311
3
1485
835
96
1338
96
2413
494
4
7
1035
38
140
336
465
55
6
374
438
4
502
546
428
4
74
388
9
268
1151
601
4
114
57
87
34
159
4
1943
1466
701
492
13
4
274
1522
0
36
136
338
0
868
107
99
4420
1075
266
751
913
10634
841
1150
191
83
130
27
320
1
3
0
39
57
1245
36
38
326
567
100
1922
419
1072
3216
21
156
141
16
12
101
711
302
1927
4423
2240
403
155
7
7160
686
83
22
53
279
874
56
185
145
469
3
38
765
796
11
574
1536
1280
3231
1100
60
3070
17
64
1407
1198
1103
2592
2128
5
370
179
39
4
291
462
7350
3147
1598
1571
231
57
172
1
687
64
264
2034
300
67
25
393
202
1197
1474
113
674
2
827
39
476
126
15
201
1400
1290
1210
161
80
790
4421
58
83
432
147
184
323
764
164
1
452
249
161
8573
320
496
2
178
50
262
384
866
1950
7
255
493
2967
7262
2016
40
3
293
51
331
435
104
739
89
770
391
337
3
0
146
553
0
2216
1283
482
5229
51
412
6
48
469
183
254
3
97
726
1298
654
121
618
141
51
836
56
0
75
778
6
1665
15
8
56
2294
98
2508
13
46
221
1897
277
11
3151
262
7746
26
1739
2149
0
651
519
1342
0
2
530
1203
9
2660
342
160
8
94
3322
48
589
168
2304
757
137
110
226
2123
13
2048
27
0
21
183
17
169
6298
741
2415
1366
774
24
129
230
1341
0
54
17
58
11
24
37
90
670
2421
5271
54
40
339
39
161
2439
3205
724
234
6
196
43
15
509
33
1022
142
58
1052
5
1549
127
124
12
67
0
5948
2574
2652
2845
8515
249
321
96
45
120
44
144
693
894
2890
8
6278
335
1843
15
48
42
376
3058
13
111
862
7
188
1699
153
88
48
523
4818
7
304
2294
594
1895
1637
4
58
423
24
440
502
12
1088
438
6
408
577
637
1342
132
1839
417
1
1841
796
2
11
362
211
1031
3
287
813
945
14083
26
14
2093
7
1
5223
1787
1069
37
30
492
16
242
426
32
609
0
878
860
143
6
122
3
11
2
0
1
89
254
895
285
8546
1131
46
74
2703
2
2353
0
2833
206
1891
1
5
940
3
137
166
6
612
416
26
877
10
2076
8
403
497
3
115
207
151
993
150
178
1975
5278
495
260
0
28
24
2761
512
58
1512
33
761
71
136
1188
60
15
49
2
22
97
5796
39
3
160
267
410
80
1381
210
462
101
203
41
999
1414
24
69
95
67
2586
3404
302
355
95
2157
23
434
74
556
509
