2 2
00
00
2 2
10
00
2 2
01
00
2 2
11
00
2 2
00
10
2 2
10
10
2 2
01
10
2 2
11
10
2 2
00
01
2 2
10
01
2 2
01
01
2 2
11
01
2 2
00
11
2 2
10
11
2 2
01
11
2 2
11
11
68 88
00000000100000000100001000001101000000001100001000001000001000001010
0000001100000111001100001000100010000001101001001011010011001100000000010010000000000000
42 48
101000010001000000000011000100110100000000
000010000010100100000111000100000001110000000000
88 52
0000000000101010000001100000100010101011010001000010101001010011000000000000000000000001
0000011010000000010100101010100000000000100010001000
28 86
1001001100001100010100000001
00000100001010000000110000000100011100000000110000000000100110110101000010001011000000
80 18
00100100010000010000000011100000010000000001000000001000000000000100010011000000
101000010000000000
92 34
10101001000010110000000000000001001000010000000010001100000001010000000000010000000011000010
1100010000000101000100010010010000
36 48
000011000101010000010100010010000001
110000010000001010100010000000110010110000100000
88 68
1000010000001000011001100010011000010000000000010000111001000011100000010010100000000001
10010001000000010100100100000010000010000100001101100010000100010000
86 6
01010100110001001100100100000000010000100000100011010000001010100000000000000000000000
001001
32 24
10100110000010000000000000111000
001011000000001010000101
74 20
00001000000001000010000000111000000000011101001101100000000100000000000001
00110000010000110011
88 64
1100000001011000000100001101000000010100000011001000100010000000000100000000000100000001
0000101000100000000100001000011000010001000000000100101000101001
44 90
00100010001100001100010000000000101000000000
101000100000100001011000100100010000000111001000011000100001000100010100010010000000000001
96 52
100101000001110000100001100101010001010110000011000000000000010000101110000000001000000100000000
1100110000101100100000000010010000010000100000000001
84 10
000001011001000100001100000010010100001101000001001010000001000000101100000011000001
1001001001
90 58
110101000100010000000100001100100000001000000101011000000000000101001100100000000000000001
1000000100010001110000001001000010101110000000000000000001
62 24
01111110011001000001000111100101001100001000011101000011100110
010010111100001010111110
100 94
0101101100000000001100011111000100101100000000001001000100100001111100100011111000111000100010010000
0001010010100110011011001001010111000001100110101011100100000000100110001000000101101101001010
100 10
0100100110000100010000111001000011000010001010000000010110110000110000011000101100000101011000010000
0000000001
66 44
010100110001101000100101000000101011110111111100010110000110011010
10000000000000000000000000000000000000000001
34 82
0000111010101010111000100001011010
0000000000000000000000000000000000000000000000000000000000000000000000000000000001
28 82
0100101110001010110001000110
1000000000000000000000000000000000000000000000000000000000000000000000000000000001
96 12
000010100000111010110111101000101000101110101110001111000000001011011101000101110010110100110000
000000000001
82 60
0000101000001111110000111111001000010100000011011000001010101000001000010001110100
100000000000000000000000000000000000000000000000000000000001
28 48
0100010110000111011110001010
000000000000000000000000000000000000000000000001
48 56
001110001001001110000000010010000000100111100100
10000000000000000000000000000000000000000000000000000001
70 82
0000000000000000000000000000000000000000000000000000000000000000000001
0010011001010110000111011010000000101010100000101110010000100001110010000010110110
80 78
10000000000000000000000000000000000000000000000000000000000000000000000000000001
001001100000011000011001000100110101011001101100010010001001101100001010111100
54 86
000000000000000000000000000000000000000000000000000001
01100000100000000000000100010100000001101000000001100000000100000010010000100000001110
68 54
10000000000000000000000000000000000000000000000000000000000000000001
001000111110010110100000110101100011010001010111110000
44 96
00000000000000000000000000000000000000000001
010100100011101000100000010101001000000001001001000000000000000000100010100110000001100011001000
48 28
100000000000000000000000000000000000000000000001
0011000110010110101010010110
56 54
00000000000000000000000000000000000000000000000000000001
010100010011110110000110110011010101000011110011110000
12 92
100000000001
01110000000100111000000001100001010110000101111010000000000010000000100110001001011010110100
72 96
111111111111111111111111111111111111000000000000000000000000000000000000
111111111111111111111111111111111111111111111111000000000000000000000000000000000000000000000000
50 68
00000000000000000000000001111111111111111111111111
00000000000000000000000000000000001111111111111111111111111111111111
74 56
11111111111111111111111111111111111111111111111111111111111111111111111111
11111111111111111111111111111111111111111111111111111111
42 64
000000000000000000000000000000000000000000
1111111111111111111111111111111111111111111111111111111111111111
48 88
111111111111111111111111111111111111111111111111
0000000000000000000000000000000000000000000000000000000000000000000000000000000000000000
70 24
0000000000000000000000000000000000000000000000000000000000000000000000
000000000000000000000000
4 64
1110
1111111111111111111111111111111100000000000000000000000000000000
44 46
00000000000000000000011111111111111111111111
0000000000000000000000011111111111111111111111
42 54
111111111111111111111000000000000000000000
111111111111111111111111111100000000000000000000000000
44 82
00000000000000000000001111111111111111111111
0000000000000000000000000000000000000000111111111111111111111111111111111111111111
14 94
10000000000000
0000000000000000000000000000000000000000000000000000000000000000000000000000000000000000000001
22 88
0000000000000000000001
1000000000000000000000000000000000000000000000000000000000000000000000000000000000000000
30 72
000000000000000000000000000001
011000000000000000000000000000000000000000000000000000000000000000000000
58 34
0110000000000000000000000000000000000000000000000000000000
0000000000000000000000000000000001
6 92
011110
01111111111111111111111111111111111111111111111111111111111111111111111111111111111111111110
80 42
11111111111111111111111111111111111111111111111111111111111111111111111111111110
011111111111111111111111111111111111111110
72 50
011111111111111111111111111111111111111111111111111111111111111111111110
11111111111111111111111111111111111111111111111110
2 100
00
0000000000000000000000000000000000000000000000000000000000000000000000000000000000000000000000000000
2 100
11
0000000000000000000000000000000000000000000000000000000000000000000000000000000000000000000000000000
2 100
00
0000000000000000000000000000000000000000000000000000100000000000000000000000000000000000000000000000
100 2
0000000000000000000000000000000000000010000000000000000000000000000000000000000000000000000000000000
11
4 100
0000
0000000000000000000000000000000000000000000000000000000000000000000000000000000000000000000000000000
4 100
1111
0000000000000000000000000000000000000000000000000000000000000000000000000000000000000000000000000000
100 4
0000000000000000000000000000000000000000000000000000000000000001000000000000000000000000000000000000
0000
4 100
1111
0100000000000000000000000000000000000000000000000000000000000000000000000000000000000000000000000000
100 100
0000000000000000000000000000000000000000000000000000000000000000000000000000000000000000000000000000
0000000000000000000000000000000000000000000000000000000000000000000000000000000000000000000000000000
100 100
0000000000000000000000000000000000000000000000000000000000000000000000000000000000000000000000000000
1111111111111111111111111111111111111111111111111111111111111111111111111111111111111111111111111111
100 100
0000000000000000000000000000000000000000000000000000000000000000000000000000000000000000000000000000
0000000000000000000000000000000000000000000000000000000000000000000000010000000000000000000000000000
100 100
1111111111111111111111111111111111111111111111111111111111111111111111111111111111111111111111111111
0000000000000000000000000000000000000000000000000000000000000000010000000000000000000000000000000000
50 90
00000000000000000000000000000100100000010000000000
000000000010000010000100000000000000000000000000000000000100000000000100001010010000000000
84 92
111111111111111101011111111111111111111110101111111111011110111111111111111111111011
11111111111111111111100101111111111110111011111111111101100111110101110111111111011111111111
0 0
