2 2
00
00
2 2
10
00
2 2
01
00
2 2
11
00
2 2
00
10
2 2
10
10
2 2
01
10
2 2
11
10
2 2
00
01
2 2
10
01
2 2
01
01
2 2
11
01
2 2
00
11
2 2
10
11
2 2
01
11
2 2
11
11
44 2
00000100000000000010001000101110110001000000
00
96 30
101000010000110000001000000101001010100000010010000000010000000010000000110011001000010011100000
000000100100100001001100000000
94 52
0000001001001010010010001000000000000000010000101100000010001011100000000010010001010001001101
0100000000001010000000100101100101100000000100000000
14 82
10100010001101
0011001101010100000101010000010100110100010010011000000000000100100000000000000000
38 92
00000001000000000000000010100110011000
10001000011001001000000100100001000010000110000010001100000000000011001100101000000000000000
46 30
1000000000100000010001000010001000100000000000
100101001011000100100111000000
12 4
000111000001
1010
10 26
1000001011
10010000001000001001000000
80 56
00100000010010001000110110010101001000000000101110000000010010100001100000010000
00001011010000000100010001010010000010000001000001000001
88 62
1010001100100000010001000010100010010100110100100000001000000001110000010111000000000000
01010100010000001000001000100000110000000001001101000100000001
66 8
010101000000000000001101001000000111100010100000000100110100000001
01010001
4 64
1001
0000010001100000010101001000010100000000101101001000000000000001
62 24
00100000100000001100000111010000000000000000001001001011001000
101001010100000100000001
24 38
110101000000100001100100
10100000100000000000001010001001001011
30 32
000100000001100000001000100001
10001000001100000000001000101101
82 62
1101000001000000000111010111000001010001000001100100000000000000000010100000000001
10001001010101000000000011000000100010010111010001000000000001
18 94
010110101001001000
0100011110100111001001101010010111110011010111110100011011011010001110101101101100100110010000
62 68
00011011111111001111101011011011101011001010110000000010011110
01000101001011000100000110010100000011111011011101101101000110011100
76 36
0010001000011010001110101110001110100101011011100001100100000001110101000000
000000000000000000000000000000000001
98 72
00001000001000010100110110111111001101110001000101110101101001010111000110011011001101000111100100
100000000000000000000000000000000000000000000000000000000000000000000001
68 66
00101001010011100100010011000100101011110101111110100100001010100110
000000000000000000000000000000000000000000000000000000000000000001
98 90
01101000001000000100010000100010000010001100000000010000100010000100000000010000010000000001000100
100000000000000000000000000000000000000000000000000000000000000000000000000000000000000001
14 22
00100000000000
0000000000000000000001
12 98
000111001100
10000000000000000000000000000000000000000000000000000000000000000000000000000000000000000000000001
18 70
010110001100010000
0000000000000000000000000000000000000000000000000000000000000000000001
92 60
00011111010001011100000011000110000110101110001100101010000101011000000101100001100011001000
100000000000000000000000000000000000000000000000000000000001
96 12
000000000000000000000000000000000000000000000000000000000000000000000000000000000000000000000001
010011000000
14 56
10000000000001
01001000001100011000000001010100110100000101101000110010
80 88
00000000000000000000000000000000000000000000000000000000000000000000000000000001
0100011100110100010111100001100010110010010010010010001000110110000010010100110100010000
84 66
100000000000000000000000000000000000000000000000000000000000000000000000000000000001
000101110000001110111011100000110101010001110011000100110001100010
98 40
00000000000000000000000000000000000000000000000000000000000000000000000000000000000000000000000001
0011000110000001111000100111111010000000
68 88
10000000000000000000000000000000000000000000000000000000000000000001
0100110101001000100000001001010000000100000000010111000101101010100000000011000110101010
50 66
00000000000000000000000000000000000000000000000001
001001010111000000011100100011110001010110110111010011010111110100
32 86
10000000000000000000000000000001
00010010111100110100011100000001100100101111111111010000000011111001001101011100010110
84 66
111111111111111111111111111111111111111111000000000000000000000000000000000000000000
111111111111111111111111111111111000000000000000000000000000000000
58 24
0000000000000000000000000000011111111111111111111111111111
000000000000111111111111
92 34
11111111111111111111111111111111111111111111111111111111111111111111111111111111111111111111
1111111111111111111111111111111111
20 66
00000000000000000000
111111111111111111111111111111111111111111111111111111111111111111
52 30
1111111111111111111111111111111111111111111111111111
000000000000000000000000000000
96 12
000000000000000000000000000000000000000000000000000000000000000000000000000000000000000000000000
000000000000
48 16
111111111111111111111111100000000000000000000000
1111111100000000
48 46
000000000000000000000001111111111111111111111111
0000000000000000000000011111111111111111111111
6 90
111000
111111111111111111111111111111111111111111111100000000000000000000000000000000000000000000
70 50
0000000000000000000000000000000000011111111111111111111111111111111111
00000000000000000000000011111111111111111111111111
4 42
1000
000000000000000000000000000000000000000001
66 14
000000000000000000000000000000000000000000000000000000000000000001
10000000000000
34 6
0000000000000000000000000000000001
011000
30 100
011000000000000000000000000000
0000000000000000000000000000000000000000000000000000000000000000000000000000000000000000000000000001
18 68
011111111111111110
01111111111111111111111111111111111111111111111111111111111111111110
66 88
111111111111111111111111111111111111111111111111111111111111111110
0111111111111111111111111111111111111111111111111111111111111111111111111111111111111110
24 68
011111111111111111111110
11111111111111111111111111111111111111111111111111111111111111111110
100 2
0000000000000000000000000000000000000000000000000000000000000000000000000000000000000000000000000000
00
2 100
11
0000000000000000000000000000000000000000000000000000000000000000000000000000000000000000000000000000
2 100
00
0000000000000000000000000000000000000000000000000000000000000000000000000000000000000010000000000000
100 2
0000000000000000000000000000000000000000000000000000000000000000000000000000000000000010000000000000
11
4 100
0000
0000000000000000000000000000000000000000000000000000000000000000000000000000000000000000000000000000
4 100
1111
0000000000000000000000000000000000000000000000000000000000000000000000000000000000000000000000000000
4 100
0000
0000001000000000000000000000000000000000000000000000000000000000000000000000000000000000000000000000
4 100
1111
0000000000100000000000000000000000000000000000000000000000000000000000000000000000000000000000000000
100 100
0000000000000000000000000000000000000000000000000000000000000000000000000000000000000000000000000000
0000000000000000000000000000000000000000000000000000000000000000000000000000000000000000000000000000
100 100
0000000000000000000000000000000000000000000000000000000000000000000000000000000000000000000000000000
1111111111111111111111111111111111111111111111111111111111111111111111111111111111111111111111111111
100 100
0000000000000000000000000000000000000000000000000000000000000000000000000000000000000000000000000000
0000000000000000000000000000000000000000000000100000000000000000000000000000000000000000000000000000
100 100
0000000000000000000000010000000000000000000000000000000000000000000000000000000000000000000000000000
1111111111111111111111111111111111111111111111111111111111111111111111111111111111111111111111111111
58 56
0011010100010110010000111101110000011101100001011100100000
00000000001010010010000000011100000100000000010000111010
30 12
010111101101000000111101111101
001000010110
0 0
