2 2
00
00
2 2
10
00
2 2
01
00
2 2
11
00
2 2
00
10
2 2
10
10
2 2
01
10
2 2
11
10
2 2
00
01
2 2
10
01
2 2
01
01
2 2
11
01
2 2
00
11
2 2
10
11
2 2
01
11
2 2
11
11
60 88
000010101000000000001100110101000001000010010000000000000000
0100110100000100000000100010101101001000111010000111101101001000000000111000000000000000
96 6
110000101100100010100000100110100000010000000010110010101001100011000100110000111001010100000000
001010
56 30
00000100100000101000100010110000001000011001100000000001
000011000000011100101000001000
72 20
110100001001000010000001001101110001001100000000000000000010110000000001
01000101000000010000
34 48
0000000011000000010000100010001100
100001000000000011000000001000000111010101100000
38 54
10000100001001000001100001100000000000
100001000000110000000000000010000101010000001100100000
60 18
001101010010100001001000000001100000011010000000000000000001
101101000010000100
8 70
10010101
1000100010000010100000000010000000000100000000000000010011101001100010
74 32
01000000000010001001101000000001010000110101000000000000000000100000000000
01000010000000010111000010000001
70 62
1010000001010000010011000000001101011100001000100001010100000000000000
01001011000000000101000010100010001100100110100000000000000001
76 6
0101001000110000000000110000010101011000100010000100100000000010011100000001
000101
40 62
1000100000000001000010001100010000000001
00000100000000000001110010001000000010100000001001001000011001
10 88
0000110010
1000000000000000000010100010001010010101000100010000000100000000101010101000000000000001
30 20
101000000000000000001010101010
11000000000100000001
96 88
000000001000001000001000010011001000110000000100000000000000001001001110000000101000001001001101
1101000101001011000010000100000000001001000000100000100010010000110000100000001000100101
50 32
10100010000001000011001000100001010101010000010001
11000011000000000000001001100101
70 40
0011011101010011001001101001111000111110111011100111101001001001101000
0100001100101110001001111111110111011010
96 86
001000111001111000001111110100000001111110101101110100111111100111001101010110000101001011110010
00000010010110100011100101111010011011000110101111000000101110110000111111111001100010
50 68
00101001100101100100110110110011001010000111100110
00000000000000000000000000000000000000000000000000000000000000000001
38 36
00100000101110100110101101100100100000
100000000000000000000000000000000001
72 42
010011010101101001110100110000011101000001110011011100100100100000000000
000000000000000000000000000000000000000001
98 34
00100110110110001100000000000000000000000010000000001001010000000001100000000001000000000000100000
1000000000000000000000000000000001
60 64
000100010100110101000100111101101111000001010001110110011000
0000000000000000000000000000000000000000000000000000000000000001
30 24
010010010000001000000011000100
100000000000000000000001
62 32
01000110011110100010101111000001110100110000000001000010011100
00000000000000000000000000000001
38 42
00110110001000000000000001000000000010
100000000000000000000000000000000000000001
94 38
0000000000000000000000000000000000000000000000000000000000000000000000000000000000000000000001
01000000100001001101000001000010100100
30 38
100000000000000000000000000001
00011010000011001111010011001010111100
70 46
0000000000000000000000000000000000000000000000000000000000000000000001
0110010001000001010010000011100111000000111000
16 62
1000000000000001
00001110100110100000010011101111001110110011010001111001000000
32 24
00000000000000000000000000000001
000011101010000001001100
84 58
100000000000000000000000000000000000000000000000000000000000000000000000000000000001
0010011000010010101000111110000011011001001000000100010100
54 6
000000000000000000000000000000000000000000000000000001
010110
56 78
10000000000000000000000000000000000000000000000000000001
010000101011110101100001010000110001010010001011100001000000001111100011010100
66 78
111111111111111111111111111111111000000000000000000000000000000000
111111111111111111111111111111111111111000000000000000000000000000000000000000
16 92
0000000011111111
00000000000000000000000000000000000000000000001111111111111111111111111111111111111111111111
68 48
11111111111111111111111111111111111111111111111111111111111111111111
111111111111111111111111111111111111111111111111
58 82
0000000000000000000000000000000000000000000000000000000000
1111111111111111111111111111111111111111111111111111111111111111111111111111111111
74 38
11111111111111111111111111111111111111111111111111111111111111111111111111
00000000000000000000000000000000000000
54 36
000000000000000000000000000000000000000000000000000000
000000000000000000000000000000000000
22 36
1111111111110000000000
111111111111111111000000000000000000
58 94
0000000000000000000000000000111111111111111111111111111111
0000000000000000000000000000000000000000000000011111111111111111111111111111111111111111111111
30 84
111111111111111000000000000000
111111111111111111111111111111111111111111100000000000000000000000000000000000000000
78 68
000000000000000000000000000000000000000111111111111111111111111111111111111111
00000000000000000000000000000000011111111111111111111111111111111111
94 42
1000000000000000000000000000000000000000000000000000000000000000000000000000000000000000000000
000000000000000000000000000000000000000001
66 68
000000000000000000000000000000000000000000000000000000000000000001
10000000000000000000000000000000000000000000000000000000000000000000
70 82
0000000000000000000000000000000000000000000000000000000000000000000001
0110000000000000000000000000000000000000000000000000000000000000000000000000000000
70 14
0110000000000000000000000000000000000000000000000000000000000000000000
00000000000001
14 48
01111111111110
011111111111111111111111111111111111111111111110
24 56
111111111111111111111110
01111111111111111111111111111111111111111111111111111110
36 74
011111111111111111111111111111111110
11111111111111111111111111111111111111111111111111111111111111111111111110
100 2
0000000000000000000000000000000000000000000000000000000000000000000000000000000000000000000000000000
00
2 100
11
0000000000000000000000000000000000000000000000000000000000000000000000000000000000000000000000000000
2 100
00
0000000000000000000000000010000000000000000000000000000000000000000000000000000000000000000000000000
2 100
11
0000000000000000000000000000000000000000000100000000000000000000000000000000000000000000000000000000
4 100
0000
0000000000000000000000000000000000000000000000000000000000000000000000000000000000000000000000000000
4 100
1111
0000000000000000000000000000000000000000000000000000000000000000000000000000000000000000000000000000
100 4
0000000000000100000000000000000000000000000000000000000000000000000000000000000000000000000000000000
0000
4 100
1111
0000000000001000000000000000000000000000000000000000000000000000000000000000000000000000000000000000
100 100
0000000000000000000000000000000000000000000000000000000000000000000000000000000000000000000000000000
0000000000000000000000000000000000000000000000000000000000000000000000000000000000000000000000000000
100 100
0000000000000000000000000000000000000000000000000000000000000000000000000000000000000000000000000000
1111111111111111111111111111111111111111111111111111111111111111111111111111111111111111111111111111
100 100
0000000000000000000000000000000000000000000000000000000000000000000000000000000000000000000000000000
0000000000000000000000000000000000000000000000000000001000000000000000000000000000000000000000000000
100 100
1111111111111111111111111111111111111111111111111111111111111111111111111111111111111111111111111111
0000000000000000000000000000000000100000000000000000000000000000000000000000000000000000000000000000
20 32
10011001010110111111
01110011111110101011111111111111
84 52
110000100000100001100010100010101000000000010010100000001110001010000100100000000000
0000000001000100110000000000000000001001000000100101
0 0
