2 2
00
00
2 2
10
00
2 2
01
00
2 2
11
00
2 2
00
10
2 2
10
10
2 2
01
10
2 2
11
10
2 2
00
01
2 2
10
01
2 2
01
01
2 2
11
01
2 2
00
11
2 2
10
11
2 2
01
11
2 2
11
11
70 34
0010101100010000000000110010011100011100100000100000001100000100000000
0100001000000000000010001000100000
20 58
10110010000100111000
0000101000100000001100000010000000101001001000111100001000
44 36
00010000000001011000010001100100000000000001
001101000000110000100010011000001000
6 46
110001
0000100000000000000000100010000000110101110000
74 92
00000000000000011000001001001100001000000000000010001000001011110100000000
10000010100100000010010001000101000000001010000000000000000001001000001010000001110100000000
10 98
1000010010
10000001100000100010000000101001001000010001010000000010010000111000111010100000011000000000000000
32 10
00000000000010110000110010000001
1101000000
8 86
10010001
10001000001001010010010100000000000000000000010000000000000100011001100100111000000010
14 80
00010000101010
00001000100001000000000000010110000000000110000000000000011010100000001011010001
72 92
100010000010001100001000001010100011101100000100100000001000011000000000
00100001100000000011010000011000000100100000100000000011110001000000000000010100110000000001
54 52
000010100001010001000100010101001000000000000010010101
0010000001001001000110010111000001010000000000000001
90 6
100000010011001000000100100000010000010100000011001000100001001001001000101100001101000001
000101
78 44
001010010010001000100000011000100010000011000000010001000100010000010000010000
10010000000000000001011000010100100100000001
54 30
100101010000000010000100000100000010100101001100010000
101000100000100100000011000011
26 66
00000011000000000000110001
100000000010001000000101010001010001010000010000000110010000000001
22 44
1100100010000010000101
10000010100000111100000001101100001001000001
74 10
01100001110110010110000010110011010111111010000101001001001011100101010110
0100001100
28 76
0110010111111100110011001100
0101110110110011111101000101110010100110100011100000001111011011100001011110
52 42
0010010100000100111011100111000000100111111111010100
000000000000000000000000000000000000000001
56 100
00110000001101110110101000010111100111000010000001011100
1000000000000000000000000000000000000000000000000000000000000000000000000000000000000000000000000001
56 76
00100011001000110010011100100011100101011111001111101000
0000000000000000000000000000000000000000000000000000000000000000000000000001
4 80
0110
10000000000000000000000000000000000000000000000000000000000000000000000000000001
80 38
00010000111101010100110010111000101010100100010001000100100000010010011100000010
00000000000000000000000000000000000001
64 82
0100010100100010111001001111010100101110100010010001101100111110
1000000000000000000000000000000000000000000000000000000000000000000000000000000001
74 38
00100011101110100011101000010000001111000101110011101110111001000110000010
00000000000000000000000000000000000001
14 28
01100000000000
1000000000000000000000000001
26 6
00000000000000000000000001
001100
78 92
100000000000000000000000000000000000000000000000000000000000000000000000000001
00000000000100001010010101101000111011101010011111110011101111000000111011101110101000001010
82 36
0000000000000000000000000000000000000000000000000000000000000000000000000000000001
001010011000011100011101111100100100
16 22
1000000000000001
0101100001101011011010
98 16
00000000000000000000000000000000000000000000000000000000000000000000000000000000000000000000000001
0010001110001110
46 96
1000000000000000000000000000000000000000000001
001101010100101100010100011110000010000111110101011011000100110101000010010110011000101010100010
30 84
000000000000000000000000000001
010011010010011110010110001110110011000001000100000111011000000100010100001001000000
68 52
10000000000000000000000000000000000000000000000000000000000000000001
0011001111000101000111000000111011000111010111100110
52 8
1111111111111111111111111100000000000000000000000000
11110000
18 26
000000000111111111
00000000000001111111111111
100 56
1111111111111111111111111111111111111111111111111111111111111111111111111111111111111111111111111111
11111111111111111111111111111111111111111111111111111111
92 100
00000000000000000000000000000000000000000000000000000000000000000000000000000000000000000000
1111111111111111111111111111111111111111111111111111111111111111111111111111111111111111111111111111
64 4
1111111111111111111111111111111111111111111111111111111111111111
0000
18 22
000000000000000000
0000000000000000000000
22 26
1111111111110000000000
11111111111110000000000000
64 22
0000000000000000000000000000000111111111111111111111111111111111
0000000000011111111111
88 52
1111111111111111111111111111111111111111111100000000000000000000000000000000000000000000
1111111111111111111111111110000000000000000000000000
20 88
00000000001111111111
0000000000000000000000000000000000000000000111111111111111111111111111111111111111111111
46 26
1000000000000000000000000000000000000000000000
00000000000000000000000001
22 90
0000000000000000000001
100000000000000000000000000000000000000000000000000000000000000000000000000000000000000000
34 20
0000000000000000000000000000000001
01100000000000000000
20 82
01100000000000000000
0000000000000000000000000000000000000000000000000000000000000000000000000000000001
82 8
0111111111111111111111111111111111111111111111111111111111111111111111111111111110
01111110
42 10
111111111111111111111111111111111111111110
0111111110
10 40
0111111110
1111111111111111111111111111111111111110
100 2
0000000000000000000000000000000000000000000000000000000000000000000000000000000000000000000000000000
00
2 100
11
0000000000000000000000000000000000000000000000000000000000000000000000000000000000000000000000000000
100 2
0000000000000000000000000000000000000000000000000000000000000000000000000000000000000000001000000000
00
2 100
11
0000000000000000000000000000000000000000000000000000000000000000000000000000000100000000000000000000
100 4
0000000000000000000000000000000000000000000000000000000000000000000000000000000000000000000000000000
0000
100 4
0000000000000000000000000000000000000000000000000000000000000000000000000000000000000000000000000000
1111
4 100
0000
0000000000000000000000000000000000000000000000000010000000000000000000000000000000000000000000000000
4 100
1111
0000100000000000000000000000000000000000000000000000000000000000000000000000000000000000000000000000
100 100
0000000000000000000000000000000000000000000000000000000000000000000000000000000000000000000000000000
0000000000000000000000000000000000000000000000000000000000000000000000000000000000000000000000000000
100 100
1111111111111111111111111111111111111111111111111111111111111111111111111111111111111111111111111111
0000000000000000000000000000000000000000000000000000000000000000000000000000000000000000000000000000
100 100
0000000000000000000000000000000000001000000000000000000000000000000000000000000000000000000000000000
0000000000000000000000000000000000000000000000000000000000000000000000000000000000000000000000000000
100 100
1111111111111111111111111111111111111111111111111111111111111111111111111111111111111111111111111111
0000000000000000000000000000000000000000000000000000000000000000000000000000000010000000000000000000
40 4
1000100000000000000000001111000000000001
0000
14 62
00001001011000
11111111000100000011001110110000011100011111000111110101101101
0 0
