20
6 19
20 4
17 16
9 13
14 5
10 8
11 7
17 1
4 9
15 3
10 3
12 2
2 19
18 20
5 13
15 8
18 11
7 1
6 12
14 16
1000
953 248
928 162
807 908
436 584
333 935
667 629
899 221
14 926
946 493
100 662
571 939
163 750
450 141
636 263
172 129
180 635
373 652
433 647
828 880
643 50
799 102
370 909
590 244
466 318
576 267
819 286
886 354
289 570
443 88
696 319
192 529
951 391
902 498
137 612
757 513
90 790
265 727
885 792
958 321
591 115
136 431
809 854
199 759
537 781
281 332
794 253
232 6
291 610
541 731
141 748
185 596
204 861
865 559
316 81
134 86
921 328
572 92
765 240
610 884
167 623
722 601
308 837
7 579
273 45
588 973
994 963
350 748
360 678
854 323
903 952
760 661
470 160
186 145
827 38
907 861
436 107
388 906
501 420
751 264
793 276
383 130
484 266
162 749
229 136
460 639
533 475
622 914
461 150
596 963
976 447
959 11
712 590
416 688
417 653
402 925
307 21
874 959
209 175
787 110
169 848
701 474
956 823
802 251
555 362
772 998
779 71
670 553
674 99
282 241
659 118
4 559
112 18
709 803
348 194
24 740
290 641
446 439
237 995
11 118
946 462
858 1000
89 896
465 533
690 23
632 700
991 462
829 225
435 551
805 334
507 48
463 851
453 305
259 279
783 511
812 856
408 813
738 342
511 770
941 626
219 779
414 452
401 245
927 755
904 9
254 24
551 859
830 810
161 5
58 381
602 987
905 935
615 295
37 203
737 684
586 995
580 301
220 552
279 211
758 617
285 131
929 321
852 742
399 721
705 911
140 910
667 71
144 915
624 902
405 878
429 398
116 544
869 665
917 514
459 806
768 600
242 349
650 472
7 666
790 74
873 361
197 580
603 964
298 920
831 754
406 821
509 574
466 138
413 932
75 982
967 140
936 717
618 400
714 148
311 344
850 635
149 672
234 340
163 919
633 741
752 877
880 930
375 977
460 595
210 730
120 565
292 586
42 211
41 365
991 958
98 328
648 528
735 638
550 951
960 487
737 351
457 936
352 458
471 489
768 574
491 359
117 630
767 222
29 948
796 210
942 236
614 422
116 132
80 245
578 445
111 397
352 676
52 607
544 434
757 300
494 962
537 664
166 887
845 313
898 122
97 664
798 566
393 624
514 735
84 105
744 871
938 31
327 79
366 201
501 677
663 424
179 703
174 202
516 805
863 305
910 95
102 494
380 59
983 246
809 41
700 61
945 22
697 968
377 390
560 601
60 349
360 78
34 138
128 19
901 842
147 793
398 14
617 173
410 970
471 848
91 56
504 232
428 791
431 526
69 976
313 582
687 230
257 239
687 588
168 648
324 782
653 876
271 26
564 362
332 346
10 615
459 695
207 660
227 234
780 957
2 139
286 712
619 801
729 753
756 123
293 557
70 752
309 255
808 724
966 178
491 895
373 665
185 93
776 634
510 725
947 100
260 669
775 988
251 478
492 741
418 725
481 495
144 625
836 62
85 410
404 693
426 342
788 27
108 890
458 893
256 980
226 799
733 374
846 919
806 307
657 222
723 772
797 499
344 504
83 522
423 581
268 266
72 526
90 156
104 113
423 766
174 490
979 518
393 575
407 715
679 714
964 159
989 990
668 442
979 913
334 453
177 412
335 135
515 937
351 927
887 176
811 402
709 894
961 184
215 614
782 66
194 960
629 25
785 722
525 864
508 291
114 607
65 395
666 134
272 372
421 36
573 83
325 705
540 631
550 844
69 975
153 842
656 191
475 633
263 53
940 512
306 296
187 183
289 79
63 64
534 419
780 762
669 656
763 933
671 274
254 554
212 420
865 262
221 868
413 817
843 416
517 315
726 774
188 846
327 966
127 646
930 662
191 126
428 339
338 675
969 42
695 925
168 425
8 19
625 17
477 392
942 594
341 577
457 965
159 668
380 954
326 117
639 366
298 449
993 80
631 562
336 554
444 503
235 293
415 155
55 924
417 223
713 911
934 432
372 568
613 403
184 816
734 424
152 955
992 721
736 926
95 378
287 440
739 482
28 151
828 760
337 989
195 193
82 441
230 143
934 10
682 76
464 841
774 278
967 218
17 658
584 557
237 189
51 481
438 427
796 181
158 621
231 454
616 980
49 997
337 214
469 527
110 483
789 944
146 733
472 603
652 914
977 847
739 387
873 426
881 606
569 468
121 233
209 616
20 130
900 841
597 164
510 343
718 751
876 519
227 519
58 502
703 18
357 40
543 198
253 802
750 224
738 49
46 826
161 704
918 708
825 882
917 451
323 992
225 853
761 463
268 401
974 670
358 50
872 591
61 133
479 857
157 810
807 678
754 484
658 744
838 696
943 970
396 870
429 272
740 548
548 153
271 704
340 916
690 860
186 59
347 651
697 804
988 207
439 376
26 637
755 312
783 546
369 627
43 302
840 613
800 280
693 399
483 55
389 818
199 488
644 769
660 912
195 422
395 623
178 745
238 871
212 452
813 150
181 473
558 872
820 949
523 485
545 361
77 866
719 67
567 469
320 270
127 663
994 520
13 532
505 241
685 867
830 626
450 940
638 947
148 442
832 297
157 173
549 513
644 139
701 890
21 749
492 129
473 956
904 655
455 231
864 322
901 620
727 262
204 115
923 201
778 249
370 407
371 82
965 367
474 577
990 495
44 421
710 838
645 502
905 853
785 142
35 719
65 972
248 99
888 524
408 694
922 149
235 355
895 299
611 916
74 40
734 249
608 879
562 539
869 250
608 762
694 488
592 30
589 3
996 397
216 78
858 261
339 815
330 455
773 385
786 125
57 265
598 952
354 288
244 874
329 862
563 597
54 835
824 896
619 324
53 699
707 549
681 64
448 775
171 605
915 75
2 500
676 673
103 912
280 12
794 724
46 716
797 394
909 556
602 899
190 331
37 165
437 67
698 5
219 8
77 247
711 795
555 113
314 832
929 47
515 877
996 409
561 923
945 147
571 822
576 317
365 259
523 376
409 710
311 15
609 348
151 791
23 39
451 91
54 114
16 406
371 572
183 30
189 443
512 499
821 682
288 908
866 101
160 260
954 547
636 246
606 984
119 773
834 827
627 506
651 622
897 299
84 891
689 605
87 531
169 707
883 649
698 582
430 177
985 208
389 73
535 713
128 814
331 767
70 839
746 363
531 784
718 702
938 897
585 673
252 706
312 461
692 353
282 529
882 310
630 583
822 238
384 759
776 568
689 353
507 753
716 446
524 593
761 885
315 1
743 528
448 92
414 833
875 843
27 688
155 379
357 379
28 214
284 158
52 829
823 300
863 440
599 109
72 723
538 770
521 834
771 786
386 500
432 998
124 333
950 560
73 106
920 680
96 867
190 855
447 239
176 683
215 175
860 654
732 536
634 165
218 881
646 973
418 900
275 44
657 583
496 611
9 955
677 984
941 856
101 808
4 538
310 257
347 485
654 66
691 476
618 674
530 480
330 411
815 581
170 325
419 33
284 852
285 503
35 1
180 229
851 36
649 108
948 269
200 857
684 273
968 81
38 836
883 817
467 731
107 747
384 415
569 94
205 758
949 322
732 816
546 587
247 840
715 269
672 565
870 612
756 628
412 819
304 939
522 359
356 20
369 982
15 825
477 632
276 993
928 355
931 345
464 87
891 63
198 777
45 986
85 343
314 467
283 468
335 720
999 32
564 264
143 250
498 385
377 534
585 859
374 567
542 497
152 133
182 381
326 316
304 708
628 798
400 387
104 277
552 508
193 68
520 729
969 192
594 736
39 226
784 496
981 405
844 167
566 642
675 527
62 957
924 950
434 297
119 726
847 86
826 811
375 303
437 781
220 849
319 228
789 216
985 545
921 318
88 350
743 203
145 132
489 578
540 645
309 886
243 16
879 824
837 839
476 868
223 972
570 122
383 109
242 403
97 728
261 378
650 206
769 470
933 655
862 535
135 553
898 444
213 686
33 240
125 131
112 493
850 449
728 659
907 943
25 329
68 12
456 465
953 200
197 541
849 236
547 438
764 164
680 294
804 686
671 532
539 814
604 456
600 364
287 29
217 543
803 258
478 171
363 884
801 986
685 103
256 281
76 599
396 94
978 730
487 394
788 711
820 228
346 411
978 278
490 525
368 931
855 217
341 792
831 893
745 172
166 294
720 509
892 530
213 575
48 595
338 556
51 320
506 3
274 13
454 962
57 679
345 98
587 604
382 358
386 105
391 640
647 486
683 258
845 563
445 123
482 975
661 699
764 561
427 170
196 317
142 486
640 121
243 888
60 889
878 290
6 643
717 593
747 120
706 579
252 691
894 301
961 889
987 267
367 433
620 918
922 392
971 621
441 573
702 106
124 518
188 997
364 641
206 589
983 368
906 425
637 303
766 875
542 270
336 592
356 763
787 283
302 154
34 765
692 971
609 981
742 179
999 681
22 137
505 295
56 47
202 771
275 187
818 126
156 89
146 812
31 404
306 43
835 937
746 233
833 642
277 390
296 196
480 521
93 497
777 308
913 517
388 516
944 778
800 1000
536 479
154 795
892 255
224 430
205 932
111 558
292 382
182 974
208 598
96 903
32 435
11
11 5
4 3
8 4
6 10
1 8
3 2
6 11
7 5
7 10
2 9
1 9
14
7 6
10 13
8 14
12 11
1 3
4 11
2 9
6 2
7 10
14 13
5 12
1 4
8 9
3 5
12
9 10
2 7
7 11
3 11
5 6
4 9
2 1
6 10
1 12
8 5
12 8
3 4
123
103 101
47 66
11 95
12 33
85 118
93 21
120 72
83 56
108 46
116 45
60 30
2 82
71 89
107 8
34 12
7 27
3 69
43 119
29 42
90 98
9 14
7 73
74 77
110 85
6 31
75 46
10 25
18 16
114 44
68 67
53 86
100 88
68 61
20 115
29 31
40 2
40 36
84 10
33 26
41 121
38 110
8 87
47 78
41 49
113 23
94 111
35 102
97 44
106 116
1 45
97 59
66 81
19 6
52 18
48 50
109 65
69 32
62 96
64 102
17 72
71 117
91 93
112 122
51 99
55 25
1 11
55 65
76 39
37 58
74 13
109 34
107 59
62 51
17 98
43 58
100 81
122 123
22 111
119 26
5 67
5 13
28 78
92 49
121 57
103 64
54 91
89 84
82 105
70 52
54 115
22 50
37 79
113 80
27 39
86 38
53 104
42 92
77 123
20 24
36 104
9 75
35 88
76 4
30 117
23 28
61 73
79 120
14 48
87 105
63 108
96 56
60 112
32 106
57 83
19 95
16 24
80 114
3 118
101 94
99 90
15 63
15 70
21 4
12
6 2
12 6
2 1
12 10
9 11
4 4
3 9
5 1
8 3
10 11
7 8
7 5
16
12 3
6 7
3 13
4 15
14 4
10 6
10 14
8 11
12 7
5 1
16 15
9 11
16 1
2 5
8 13
2 9
17
1 13
3 15
2 9
14 9
11 10
17 16
13 16
4 15
12 14
17 6
7 4
1 5
8 8
12 5
2 11
3 6
10 7
95
25 70
13 81
70 49
66 88
71 43
35 52
72 77
51 44
38 22
76 74
5 18
17 15
8 44
45 7
60 67
41 93
63 43
69 28
29 45
95 23
27 37
3 57
2 30
58 50
46 32
13 20
87 12
33 79
86 11
3 10
42 60
12 10
56 71
59 6
25 87
47 24
34 93
31 88
20 36
78 92
47 85
6 61
81 66
29 73
75 50
94 36
94 38
33 62
89 31
82 83
55 74
39 1
9 77
83 69
64 95
37 11
73 61
92 5
76 53
8 41
9 42
19 62
54 27
65 4
75 16
54 34
1 80
57 24
89 48
82 68
84 23
26 15
2 78
22 21
26 17
68 14
32 65
53 40
19 39
21 90
4 91
80 67
84 85
7 64
63 35
51 72
58 59
52 55
56 48
40 16
91 49
30 28
46 18
90 86
79 14
14
6 3
8 8
4 13
11 10
6 7
13 14
1 9
11 3
2 2
7 9
10 14
12 5
4 1
5 12
13
5 3
12 1
11 8
11 10
9 3
13 9
12 1
2 5
4 8
4 2
7 6
6 13
10 7
19
5 5
7 16
14 10
19 6
3 17
13 1
15 14
9 4
8 15
16 8
9 11
18 1
3 18
17 12
10 6
13 19
11 12
4 7
2 2
17
17 15
4 6
4 15
8 10
8 16
13 6
16 14
2 9
12 7
11 7
13 12
1 3
2 1
10 11
5 9
3 5
17 14
12
10 4
1 9
7 4
3 11
8 1
2 10
5 7
12 9
12 2
8 6
6 5
3 11
11
8 2
6 8
4 3
3 5
7 11
1 10
2 4
11 9
9 5
7 6
1 10
104
17 78
97 44
41 37
83 19
83 28
12 43
101 79
89 65
9 84
104 97
80 29
11 82
33 60
87 72
8 58
66 99
49 68
57 93
42 99
85 28
35 63
6 54
73 13
25 69
81 49
64 40
35 81
52 43
26 39
101 48
38 22
25 92
91 100
55 102
74 95
51 84
79 45
11 14
10 50
72 74
103 96
26 36
22 78
12 10
47 57
31 27
36 61
4 55
58 68
69 27
65 104
70 46
86 71
98 5
3 94
8 21
100 73
53 9
56 94
23 93
16 75
38 33
98 77
7 45
59 82
102 13
20 54
90 31
17 71
77 4
59 50
51 21
16 67
30 89
56 63
80 61
15 62
46 24
32 32
91 60
3 6
88 87
85 37
76 76
29 62
23 2
30 42
24 14
64 95
5 53
20 18
67 86
2 7
52 66
90 19
34 34
70 96
103 44
48 18
88 1
15 39
1 92
47 41
75 40
17
10 14
13 1
10 11
4 14
2 8
1 17
16 17
4 11
5 15
9 7
3 9
6 16
3 7
15 2
13 12
6 12
8 5
15
8 8
7 15
14 5
1 13
9 5
10 2
4 7
3 4
11 2
15 6
13 12
9 3
10 6
12 1
11 14
16
2 14
5 2
11 7
14 6
4 6
13 8
1 8
12 12
13 3
15 7
5 1
16 3
4 9
11 9
10 15
10 16
5
1 5
5 4
4 3
3 2
2 1
17
5 10
15 10
13 1
17 1
4 8
6 2
12 11
11 12
9 5
13 14
3 4
9 6
7 16
16 17
14 7
2 3
15 8
17
6 12
9 7
5 10
4 15
3 13
4 11
3 2
6 12
11 16
7 15
17 1
14 10
9 1
17 5
8 2
14 13
16 8
87
62 48
85 16
68 63
16 53
11 52
43 8
61 59
45 10
66 79
2 14
5 38
82 32
84 1
65 4
14 47
20 60
32 30
82 51
21 58
12 34
46 35
36 29
13 77
71 47
34 3
30 64
37 73
37 69
58 21
48 15
4 13
27 6
70 15
41 72
52 54
57 49
24 25
41 39
22 75
81 33
40 2
64 42
78 7
26 87
63 80
53 66
18 11
85 18
6 17
8 77
17 74
51 60
76 25
20 65
22 59
61 50
43 40
33 70
10 31
80 12
23 39
72 81
86 56
68 83
38 1
67 86
84 83
76 73
71 69
56 75
62 78
19 46
26 87
9 5
67 45
55 79
44 36
50 3
74 24
9 23
49 44
28 7
55 28
57 31
27 19
35 29
42 54
10
1 2
7 9
2 8
10 5
7 6
3 5
3 6
8 10
4 1
9 4
11
9 10
3 9
6 5
1 8
7 11
10 11
8 4
4 5
1 6
7 3
2 2
14
7 5
9 6
5 4
10 13
8 14
2 14
7 3
9 8
13 12
1 2
10 12
11 6
1 11
3 4
15
2 8
8 9
7 15
10 10
15 6
11 14
2 4
7 4
6 11
3 13
12 9
1 14
5 5
12 1
13 3
57
14 24
26 49
1 8
31 20
38 27
54 43
7 40
40 19
55 44
50 42
26 15
13 15
23 35
19 54
30 22
20 32
43 28
18 48
37 9
37 36
10 44
11 55
41 51
25 13
46 7
25 39
48 10
30 4
53 46
28 16
8 2
31 45
33 47
24 33
17 11
27 6
34 5
51 12
14 3
49 50
2 16
3 38
21 52
23 39
5 34
21 4
56 29
29 41
35 56
9 53
42 12
1 47
57 52
22 32
36 6
17 57
45 18
10
3 2
9 10
8 5
4 9
10 7
6 1
2 3
6 1
4 7
5 8
20
14 5
17 20
18 3
4 2
12 1
17 1
11 13
19 19
9 10
11 15
14 7
15 13
16 2
18 12
16 20
6 9
7 6
8 10
5 8
3 4
18
16 8
4 16
1 7
13 14
2 11
18 2
11 10
15 14
3 5
12 9
8 4
5 17
18 15
7 1
3 6
10 13
17 9
12 6
18
13 12
12 7
8 15
7 1
17 18
11 6
13 5
8 3
15 3
6 11
14 10
1 4
17 16
16 5
2 9
18 14
10 9
2 4
10
1 10
2 1
3 2
4 3
5 4
6 5
7 6
8 7
9 8
10 9
11
4 2
1 3
7 9
11 4
10 2
9 10
6 6
1 5
5 3
11 7
8 8
17
17 6
1 4
4 14
8 10
10 7
9 12
13 11
8 3
14 11
6 9
5 15
12 16
7 1
13 17
2 15
3 16
2 5
64
36 20
48 21
52 16
47 41
19 4
54 5
58 9
34 25
32 62
22 5
33 12
21 15
13 34
42 38
55 26
54 35
2 56
31 16
22 36
43 3
53 40
26 64
14 18
20 11
59 8
7 32
37 2
48 56
24 8
46 57
39 35
52 23
30 31
17 13
55 51
47 4
24 1
12 28
10 60
64 23
57 37
50 46
18 27
3 29
58 61
40 45
27 49
44 29
1 14
28 25
11 59
7 51
49 38
62 10
30 53
44 61
42 19
9 63
33 63
6 43
39 6
17 15
50 45
60 41
10
1 10
10 9
9 8
8 7
7 6
6 5
5 4
4 3
3 2
2 1
19
2 19
12 16
17 5
17 16
12 13
14 11
8 9
6 15
15 5
7 14
10 6
7 18
18 10
9 1
4 2
1 13
4 3
11 19
3 8
17
2 3
1 6
11 8
7 14
4 6
13 10
2 15
16 15
17 9
11 13
7 17
3 14
12 5
12 9
5 4
1 10
8 16
17
16 2
12 10
8 15
9 10
17 15
8 6
5 17
11 14
7 3
6 7
4 12
4 1
9 1
14 13
13 16
3 2
11 5
15
13 10
3 9
13 3
2 8
2 12
7 14
8 11
4 9
6 15
1 14
10 5
6 4
15 1
5 7
12 11
113
31 57
112 31
73 8
88 70
97 47
100 36
112 64
109 41
109 77
46 74
70 58
57 28
50 69
96 5
49 100
63 42
76 113
67 55
49 16
55 18
77 76
92 19
98 10
84 80
104 38
17 87
53 26
61 5
93 21
36 22
41 82
12 71
65 66
6 44
13 2
22 9
98 27
90 16
67 58
39 111
86 87
62 32
113 85
63 4
51 60
95 61
29 9
27 80
10 64
84 72
52 91
15 47
7 75
56 105
68 106
95 35
24 71
7 79
45 18
110 89
1 107
40 3
34 52
102 68
85 94
65 34
48 42
59 88
96 2
15 37
43 103
14 29
37 30
103 94
69 82
111 33
79 60
51 101
78 17
32 106
73 75
13 50
81 4
89 66
33 20
81 59
11 54
21 99
107 46
25 38
56 24
6 102
108 48
28 91
86 45
20 101
83 97
39 54
40 14
74 25
35 90
8 43
108 93
72 30
99 83
23 12
53 105
1 23
104 110
44 92
62 19
11 78
26 3
13
12 3
7 13
6 13
1 10
8 12
2 9
5 11
8 2
6 1
4 10
3 9
4 11
7 5
16
12 15
11 7
3 10
13 7
6 4
5 9
14 2
14 8
4 1
13 11
12 10
6 16
2 16
1 3
5 8
15 9
5
1 2
3 5
4 3
1 4
5 2
16
1 16
3 7
16 2
12 8
7 13
2 4
15 5
6 12
10 4
8 3
15 1
14 11
6 5
14 9
10 9
11 13
11
7 6
4 3
7 11
4 1
6 8
9 2
1 10
8 5
9 2
3 10
5 11
20
9 13
18 12
20 15
8 4
9 7
16 16
11 5
6 8
7 3
6 13
10 19
17 20
18 4
14 2
3 19
11 1
1 5
2 14
17 10
15 12
11
10 4
2 6
3 10
7 5
11 9
8 4
3 6
9 1
2 1
7 5
8 11
14
10 13
6 8
12 4
9 2
12 1
7 5
2 14
3 13
14 11
3 9
6 8
1 11
4 7
10 5
19
6 5
2 19
17 14
17 8
15 9
9 8
18 16
5 2
11 13
14 12
11 6
7 3
15 1
16 3
1 18
4 19
4 10
7 12
10 13
13
10 4
2 4
6 1
3 8
1 9
11 3
7 13
12 13
6 8
12 5
7 10
9 5
11 2
18
14 13
13 10
3 11
15 4
7 12
11 6
5 1
9 1
4 2
5 2
16 12
14 6
3 8
18 16
7 9
17 17
8 10
18 15
20
10 1
15 9
9 3
6 17
20 4
16 11
16 10
8 15
8 2
3 4
20 2
5 13
12 7
17 5
12 14
13 18
6 1
18 11
19 14
7 19
17
14 14
2 15
15 1
8 2
6 9
7 8
1 11
17 3
13 5
4 10
17 11
10 13
9 16
12 7
4 16
5 12
6 3
20
20 12
13 14
1 2
19 17
9 16
16 13
5 12
19 10
14 3
5 15
4 8
11 18
9 17
15 11
7 18
7 20
10 8
4 2
6 6
1 3
18
16 15
11 6
7 12
10 17
9 5
17 4
15 2
18 1
5 12
8 3
1 2
11 8
10 13
7 4
14 13
6 16
3 14
18 9
18
1 9
14 4
5 9
7 16
2 8
15 17
3 3
4 15
18 16
14 17
12 13
10 7
6 13
10 11
2 11
8 18
12 5
1 6
10
7 3
7 6
8 4
1 5
6 10
8 10
5 3
2 9
4 2
9 1
10
6 2
4 8
5 2
1 6
3 9
5 7
1 8
10 7
3 4
9 10
17
11 16
1 10
6 15
17 15
17 16
11 4
9 3
14 7
12 13
14 8
12 3
4 6
13 5
10 7
5 9
8 2
1 2
13
9 5
11 3
1 7
13 6
11 13
4 12
10 10
9 8
2 12
5 6
8 2
3 1
4 7
11
11 2
6 5
10 7
2 8
4 9
8 5
3 6
1 3
11 1
7 4
10 9
50
45 41
9 24
48 31
7 47
43 22
49 25
42 28
19 25
30 46
3 9
46 20
41 44
26 11
27 17
34 14
23 4
32 10
10 43
6 6
8 35
5 33
5 40
37 14
18 21
45 20
28 17
44 49
4 12
16 50
47 37
12 30
36 29
15 24
36 13
16 2
1 39
18 32
35 3
19 31
8 7
1 27
23 33
42 39
21 34
13 48
22 2
29 15
50 38
11 38
26 40
3
1 3
2 1
3 2
16
12 9
16 1
14 6
7 3
2 7
4 10
4 14
12 8
5 6
15 8
11 10
1 9
16 2
5 13
11 13
15 3
13
4 7
3 5
1 12
8 1
3 11
10 2
10 7
4 6
12 5
6 9
8 13
9 13
2 11
20
6 15
10 10
18 4
13 8
7 20
5 3
11 19
14 8
2 1
19 15
1 17
16 13
5 11
7 18
12 3
20 17
12 4
6 9
9 16
14 2
14
3 13
10 2
2 14
12 7
3 12
5 6
8 14
1 10
6 9
11 9
11 5
7 4
13 8
1 4
10
4 9
10 5
1 2
2 6
8 9
8 4
7 3
5 7
1 3
6 10
12
9 6
3 12
1 2
10 8
5 6
7 12
4 8
7 3
5 4
9 11
2 1
11 10
13
5 12
12 4
10 9
1 9
4 13
8 10
3 7
6 11
6 5
8 11
7 3
1 2
2 13
3
1 1
2 2
3 3
15
7 11
8 10
14 12
2 15
4 14
13 10
6 8
15 12
13 6
11 5
4 7
3 1
9 3
9 1
5 2
13
10 10
11 6
8 3
2 1
7 12
11 5
4 7
13 13
6 3
5 9
4 1
8 2
9 12
16
13 4
3 9
2 11
16 13
8 15
8 15
2 5
10 12
11 1
6 14
4 1
7 14
16 10
12 6
9 5
7 3
10
1 10
10 9
2 5
6 4
8 7
8 6
3 5
2 1
9 3
4 7
20
10 11
5 20
2 15
9 6
17 4
11 7
3 1
18 5
13 15
2 3
6 20
8 16
8 14
16 14
19 9
10 1
4 12
18 12
7 19
17 13
5
1 2
3 5
4 3
5 4
1 2
144
47 80
52 89
41 119
67 79
12 21
100 59
129 78
37 88
128 138
77 91
7 81
82 27
135 73
36 123
128 69
119 9
80 31
118 130
1 113
86 120
34 16
97 41
33 85
30 19
44 122
107 1
58 134
93 106
52 13
47 81
125 63
35 2
23 104
136 70
5 60
105 57
83 125
79 5
69 27
115 49
22 10
101 25
76 56
71 31
96 78
56 84
42 111
59 36
82 49
130 87
94 98
124 9
50 65
89 117
54 117
35 33
34 141
32 60
7 16
126 71
103 72
40 75
142 108
121 45
39 121
108 6
64 126
75 139
40 124
127 20
83 8
133 29
116 53
14 38
11 74
143 30
43 12
67 94
86 55
32 3
101 114
123 18
6 20
8 137
28 66
4 107
2 139
95 112
39 4
132 95
102 24
10 143
90 129
37 91
110 115
132 17
44 50
26 90
122 99
144 140
57 131
64 99
11 15
25 98
68 66
21 73
62 48
70 144
88 120
127 93
46 13
106 61
51 136
102 113
92 104
72 26
45 51
135 58
3 114
38 84
63 134
140 54
87 133
103 29
112 65
111 141
142 43
18 96
85 53
76 97
46 19
61 15
22 23
55 62
17 100
74 131
137 24
68 42
92 118
110 109
28 14
138 109
116 48
77 105
14
12 12
3 4
13 2
6 5
11 9
7 1
11 4
2 14
10 13
9 10
1 6
3 5
14 8
7 8
11
5 7
6 5
3 1
4 8
8 7
9 9
11 11
4 3
10 1
2 10
2 6
18
4 10
9 1
3 4
18 13
2 5
14 1
10 7
9 8
18 12
3 13
16 8
14 5
7 15
12 17
11 11
2 17
6 15
6 16
14
2 10
7 9
12 2
11 6
1 4
8 4
6 10
3 14
7 13
5 12
1 13
8 5
9 14
3 11
18
8 15
6 17
11 9
5 3
10 18
18 8
12 12
1 16
17 6
13 15
2 5
4 1
4 7
14 9
14 3
13 11
16 2
10 7
20
2 4
6 19
15 9
8 16
5 12
14 2
13 11
7 5
7 12
6 14
19 15
1 4
17 11
17 18
10 13
10 20
16 3
18 20
1 8
3 9
18
16 6
18 13
11 8
4 14
5 12
3 10
14 13
4 17
2 18
7 2
11 15
6 5
7 10
9 15
1 17
12 9
3 16
8 1
20
13 5
16 4
3 19
7 12
13 1
20 2
11 8
10 6
20 10
19 12
17 2
15 3
17 8
6 4
15 14
5 16
18 18
9 9
1 14
11 7
1000
1 1000
1000 999
999 998
998 997
997 996
996 995
995 994
994 993
993 992
992 991
991 990
990 989
989 988
988 987
987 986
986 985
985 984
984 983
983 982
982 981
981 980
980 979
979 978
978 977
977 976
976 975
975 974
974 973
973 972
972 971
971 970
970 969
969 968
968 967
967 966
966 965
965 964
964 963
963 962
962 961
961 960
960 959
959 958
958 957
957 956
956 955
955 954
954 953
953 952
952 951
951 950
950 949
949 948
948 947
947 946
946 945
945 944
944 943
943 942
942 941
941 940
940 939
939 938
938 937
937 936
936 935
935 934
934 933
933 932
932 931
931 930
930 929
929 928
928 927
927 926
926 925
925 924
924 923
923 922
922 921
921 920
920 919
919 918
918 917
917 916
916 915
915 914
914 913
913 912
912 911
911 910
910 909
909 908
908 907
907 906
906 905
905 904
904 903
903 902
902 901
901 900
900 899
899 898
898 897
897 896
896 895
895 894
894 893
893 892
892 891
891 890
890 889
889 888
888 887
887 886
886 885
885 884
884 883
883 882
882 881
881 880
880 879
879 878
878 877
877 876
876 875
875 874
874 873
873 872
872 871
871 870
870 869
869 868
868 867
867 866
866 865
865 864
864 863
863 862
862 861
861 860
860 859
859 858
858 857
857 856
856 855
855 854
854 853
853 852
852 851
851 850
850 849
849 848
848 847
847 846
846 845
845 844
844 843
843 842
842 841
841 840
840 839
839 838
838 837
837 836
836 835
835 834
834 833
833 832
832 831
831 830
830 829
829 828
828 827
827 826
826 825
825 824
824 823
823 822
822 821
821 820
820 819
819 818
818 817
817 816
816 815
815 814
814 813
813 812
812 811
811 810
810 809
809 808
808 807
807 806
806 805
805 804
804 803
803 802
802 801
801 800
800 799
799 798
798 797
797 796
796 795
795 794
794 793
793 792
792 791
791 790
790 789
789 788
788 787
787 786
786 785
785 784
784 783
783 782
782 781
781 780
780 779
779 778
778 777
777 776
776 775
775 774
774 773
773 772
772 771
771 770
770 769
769 768
768 767
767 766
766 765
765 764
764 763
763 762
762 761
761 760
760 759
759 758
758 757
757 756
756 755
755 754
754 753
753 752
752 751
751 750
750 749
749 748
748 747
747 746
746 745
745 744
744 743
743 742
742 741
741 740
740 739
739 738
738 737
737 736
736 735
735 734
734 733
733 732
732 731
731 730
730 729
729 728
728 727
727 726
726 725
725 724
724 723
723 722
722 721
721 720
720 719
719 718
718 717
717 716
716 715
715 714
714 713
713 712
712 711
711 710
710 709
709 708
708 707
707 706
706 705
705 704
704 703
703 702
702 701
701 700
700 699
699 698
698 697
697 696
696 695
695 694
694 693
693 692
692 691
691 690
690 689
689 688
688 687
687 686
686 685
685 684
684 683
683 682
682 681
681 680
680 679
679 678
678 677
677 676
676 675
675 674
674 673
673 672
672 671
671 670
670 669
669 668
668 667
667 666
666 665
665 664
664 663
663 662
662 661
661 660
660 659
659 658
658 657
657 656
656 655
655 654
654 653
653 652
652 651
651 650
650 649
649 648
648 647
647 646
646 645
645 644
644 643
643 642
642 641
641 640
640 639
639 638
638 637
637 636
636 635
635 634
634 633
633 632
632 631
631 630
630 629
629 628
628 627
627 626
626 625
625 624
624 623
623 622
622 621
621 620
620 619
619 618
618 617
617 616
616 615
615 614
614 613
613 612
612 611
611 610
610 609
609 608
608 607
607 606
606 605
605 604
604 603
603 602
602 601
601 600
600 599
599 598
598 597
597 596
596 595
595 594
594 593
593 592
592 591
591 590
590 589
589 588
588 587
587 586
586 585
585 584
584 583
583 582
582 581
581 580
580 579
579 578
578 577
577 576
576 575
575 574
574 573
573 572
572 571
571 570
570 569
569 568
568 567
567 566
566 565
565 564
564 563
563 562
562 561
561 560
560 559
559 558
558 557
557 556
556 555
555 554
554 553
553 552
552 551
551 550
550 549
549 548
548 547
547 546
546 545
545 544
544 543
543 542
542 541
541 540
540 539
539 538
538 537
537 536
536 535
535 534
534 533
533 532
532 531
531 530
530 529
529 528
528 527
527 526
526 525
525 524
524 523
523 522
522 521
521 520
520 519
519 518
518 517
517 516
516 515
515 514
514 513
513 512
512 511
511 510
510 509
509 508
508 507
507 506
506 505
505 504
504 503
503 502
502 501
501 500
500 499
499 498
498 497
497 496
496 495
495 494
494 493
493 492
492 491
491 490
490 489
489 488
488 487
487 486
486 485
485 484
484 483
483 482
482 481
481 480
480 479
479 478
478 477
477 476
476 475
475 474
474 473
473 472
472 471
471 470
470 469
469 468
468 467
467 466
466 465
465 464
464 463
463 462
462 461
461 460
460 459
459 458
458 457
457 456
456 455
455 454
454 453
453 452
452 451
451 450
450 449
449 448
448 447
447 446
446 445
445 444
444 443
443 442
442 441
441 440
440 439
439 438
438 437
437 436
436 435
435 434
434 433
433 432
432 431
431 430
430 429
429 428
428 427
427 426
426 425
425 424
424 423
423 422
422 421
421 420
420 419
419 418
418 417
417 416
416 415
415 414
414 413
413 412
412 411
411 410
410 409
409 408
408 407
407 406
406 405
405 404
404 403
403 402
402 401
401 400
400 399
399 398
398 397
397 396
396 395
395 394
394 393
393 392
392 391
391 390
390 389
389 388
388 387
387 386
386 385
385 384
384 383
383 382
382 381
381 380
380 379
379 378
378 377
377 376
376 375
375 374
374 373
373 372
372 371
371 370
370 369
369 368
368 367
367 366
366 365
365 364
364 363
363 362
362 361
361 360
360 359
359 358
358 357
357 356
356 355
355 354
354 353
353 352
352 351
351 350
350 349
349 348
348 347
347 346
346 345
345 344
344 343
343 342
342 341
341 340
340 339
339 338
338 337
337 336
336 335
335 334
334 333
333 332
332 331
331 330
330 329
329 328
328 327
327 326
326 325
325 324
324 323
323 322
322 321
321 320
320 319
319 318
318 317
317 316
316 315
315 314
314 313
313 312
312 311
311 310
310 309
309 308
308 307
307 306
306 305
305 304
304 303
303 302
302 301
301 300
300 299
299 298
298 297
297 296
296 295
295 294
294 293
293 292
292 291
291 290
290 289
289 288
288 287
287 286
286 285
285 284
284 283
283 282
282 281
281 280
280 279
279 278
278 277
277 276
276 275
275 274
274 273
273 272
272 271
271 270
270 269
269 268
268 267
267 266
266 265
265 264
264 263
263 262
262 261
261 260
260 259
259 258
258 257
257 256
256 255
255 254
254 253
253 252
252 251
251 250
250 249
249 248
248 247
247 246
246 245
245 244
244 243
243 242
242 241
241 240
240 239
239 238
238 237
237 236
236 235
235 234
234 233
233 232
232 231
231 230
230 229
229 228
228 227
227 226
226 225
225 224
224 223
223 222
222 221
221 220
220 219
219 218
218 217
217 216
216 215
215 214
214 213
213 212
212 211
211 210
210 209
209 208
208 207
207 206
206 205
205 204
204 203
203 202
202 201
201 200
200 199
199 198
198 197
197 196
196 195
195 194
194 193
193 192
192 191
191 190
190 189
189 188
188 187
187 186
186 185
185 184
184 183
183 182
182 181
181 180
180 179
179 178
178 177
177 176
176 175
175 174
174 173
173 172
172 171
171 170
170 169
169 168
168 167
167 166
166 165
165 164
164 163
163 162
162 161
161 160
160 159
159 158
158 157
157 156
156 155
155 154
154 153
153 152
152 151
151 150
150 149
149 148
148 147
147 146
146 145
145 144
144 143
143 142
142 141
141 140
140 139
139 138
138 137
137 136
136 135
135 134
134 133
133 132
132 131
131 130
130 129
129 128
128 127
127 126
126 125
125 124
124 123
123 122
122 121
121 120
120 119
119 118
118 117
117 116
116 115
115 114
114 113
113 112
112 111
111 110
110 109
109 108
108 107
107 106
106 105
105 104
104 103
103 102
102 101
101 100
100 99
99 98
98 97
97 96
96 95
95 94
94 93
93 92
92 91
91 90
90 89
89 88
88 87
87 86
86 85
85 84
84 83
83 82
82 81
81 80
80 79
79 78
78 77
77 76
76 75
75 74
74 73
73 72
72 71
71 70
70 69
69 68
68 67
67 66
66 65
65 64
64 63
63 62
62 61
61 60
60 59
59 58
58 57
57 56
56 55
55 54
54 53
53 52
52 51
51 50
50 49
49 48
48 47
47 46
46 45
45 44
44 43
43 42
42 41
41 40
40 39
39 38
38 37
37 36
36 35
35 34
34 33
33 32
32 31
31 30
30 29
29 28
28 27
27 26
26 25
25 24
24 23
23 22
22 21
21 20
20 19
19 18
18 17
17 16
16 15
15 14
14 13
13 12
12 11
11 10
10 9
9 8
8 7
7 6
6 5
5 4
4 3
3 2
2 1
14
8 6
10 9
10 7
4 3
1 11
2 6
14 2
13 8
5 14
3 7
11 12
13 9
4 5
12 1
20
8 1
10 18
14 13
7 11
16 6
2 3
2 16
18 15
9 13
1 9
7 14
17 17
3 12
12 11
8 6
19 20
20 4
5 5
10 15
4 19
18
13 8
6 17
14 7
8 3
17 12
15 9
2 3
6 16
2 18
12 9
5 11
11 14
16 10
13 10
1 5
4 7
15 4
1 18
11
11 3
10 3
10 5
4 7
7 2
5 11
1 2
6 8
9 8
1 9
4 6
18
16 3
12 5
18 7
10 6
14 8
2 2
11 12
13 6
8 18
13 4
14 9
7 3
17 11
1 15
17 10
4 1
16 5
15 9
20
4 15
14 1
7 14
18 15
9 3
11 12
13 13
9 2
17 3
4 19
5 12
20 19
2 1
16 16
6 20
7 5
17 8
8 18
11 6
10 10
10
10 7
1 6
4 9
5 2
6 5
8 8
9 1
2 3
4 7
3 10
18
5 12
7 13
5 14
14 1
2 15
3 10
1 13
6 17
16 6
18 17
10 4
2 12
11 4
16 9
8 18
15 7
9 3
8 11
10
9 4
1 9
10 5
1 2
7 5
10 3
8 8
6 7
2 4
3 6
14
12 5
4 3
2 11
7 3
10 9
8 7
2 6
14 9
6 13
1 13
14 8
4 5
10 11
12 1
14
12 4
13 8
1 10
3 14
8 6
10 6
2 4
5 3
9 2
12 14
9 7
1 5
13 7
11 11
10
5 7
10 8
6 1
2 2
7 3
9 3
4 9
4 10
1 6
8 5
14
6 5
4 1
2 3
4 11
12 9
13 11
8 3
12 1
14 5
9 10
2 14
8 7
10 6
7 13
10
2 9
2 1
7 8
4 1
5 3
10 4
6 5
3 8
6 7
9 10
17
14 11
5 7
9 2
13 10
13 5
4 1
12 16
4 1
6 15
10 3
2 8
11 7
8 6
3 15
17 12
9 16
14 17
16
10 2
7 1
7 14
4 8
10 16
2 3
5 3
5 16
13 11
6 12
13 15
14 12
11 4
6 9
9 1
8 15
14
3 9
8 2
13 7
5 10
13 14
1 5
12 6
4 7
1 10
8 14
2 4
11 3
11 9
6 12
18
3 8
8 4
4 13
10 10
16 18
14 6
16 5
11 2
15 14
9 13
11 18
5 1
2 15
1 9
17 7
17 3
7 12
6 12
10
4 10
5 2
7 6
5 8
10 8
3 3
2 9
4 7
6 1
1 9
3
1 1
2 3
3 2
51
29 26
38 22
45 2
30 17
14 39
3 4
38 2
40 27
25 8
49 10
6 37
40 12
35 9
51 44
1 7
36 13
35 50
23 33
20 9
47 42
46 47
12 18
24 46
34 31
4 43
41 19
30 8
5 36
37 32
39 24
33 48
21 29
15 44
19 45
6 43
10 49
48 16
14 27
50 3
51 20
17 22
41 32
18 21
16 26
34 5
25 11
42 31
7 13
28 11
23 1
15 28
16
8 13
9 4
2 7
9 15
12 14
11 12
11 7
15 10
6 8
13 16
14 16
3 5
4 1
10 2
3 1
5 6
11
3 11
5 9
2 5
10 9
6 4
3 11
2 7
1 4
10 8
8 6
7 1
12
1 1
2 10
3 12
6 5
2 5
11 8
3 6
7 12
10 7
9 4
11 8
9 4
19
6 6
15 12
4 14
17 13
7 18
16 15
5 12
4 1
10 2
11 13
16 9
3 17
19 10
19 5
8 14
2 7
8 9
1 11
18 3
18
1 12
7 13
6 4
16 4
9 12
10 9
3 17
5 11
13 18
2 15
3 8
18 2
17 15
14 6
5 10
1 16
11 8
7 14
10
5 7
3 9
4 10
5 3
8 1
9 4
8 6
10 7
2 2
6 1
10
8 8
1 1
4 4
5 5
3 3
9 9
7 7
6 6
10 10
2 2
12
12 2
2 1
4 5
6 3
9 11
5 11
12 7
9 3
10 4
1 10
7 8
8 6
13
9 11
7 3
2 12
6 1
10 12
8 13
8 4
10 6
13 5
11 2
7 5
9 3
4 1
14
3 6
10 9
11 14
4 6
8 13
2 13
8 14
5 12
2 12
11 5
7 7
10 1
3 4
1 9
0
