11
2 7
5 11
5 8
8 10
4 9
7 3
3 9
11 4
2 6
1 6
1 10
17
1 14
11 16
12 7
8 6
4 7
2 10
16 9
17 5
1 13
14 2
8 9
3 17
3 4
15 11
10 15
12 6
13 5
17
15 7
11 3
17 5
5 10
14 2
11 4
16 15
1 4
8 12
16 2
9 14
6 17
8 9
6 7
1 13
10 13
3 12
11
10 4
6 2
4 1
5 5
9 7
8 11
3 7
1 11
10 3
6 2
8 9
10
4 8
10 4
6 5
10 7
7 8
9 5
3 2
9 1
2 1
3 6
20
1 15
7 17
12 2
11 4
5 8
5 9
12 16
10 19
3 19
18 18
10 4
3 17
16 6
14 11
13 9
20 15
6 2
13 1
8 20
14 7
14
8 6
6 2
3 4
7 2
4 7
14 12
12 5
13 3
14 11
11 8
13 10
9 5
1 10
9 1
12
1 3
7 12
6 10
9 3
11 5
8 7
2 4
12 4
2 6
8 5
10 1
11 9
10
3 3
1 6
8 2
9 8
10 1
5 10
6 4
4 7
5 7
9 2
13
10 11
6 13
4 8
2 12
3 8
5 13
7 5
1 11
7 4
6 2
1 9
10 9
12 3
12
9 3
8 11
2 6
4 6
7 2
5 9
12 5
8 1
10 1
12 10
4 3
7 11
17
7 17
13 10
5 16
7 5
8 2
1 15
16 12
14 6
12 10
8 14
1 11
9 4
6 9
2 13
4 3
11 15
17 3
12
4 2
2 12
8 5
3 3
11 6
9 8
4 1
12 7
6 9
1 10
10 11
7 5
81
46 69
30 43
3 27
72 59
37 48
76 7
16 40
55 36
66 32
38 2
10 52
6 30
63 76
12 39
55 35
11 42
79 1
80 64
50 37
44 72
67 54
81 15
62 68
27 74
70 20
54 26
19 13
68 65
8 57
8 23
23 60
6 79
28 41
58 33
49 31
66 73
53 31
35 77
3 10
77 74
21 14
49 25
43 9
71 51
28 13
60 65
17 75
52 38
50 78
16 40
1 34
18 24
67 73
56 9
4 59
4 71
14 22
32 33
29 46
75 26
47 5
21 15
48 11
22 44
61 78
69 45
47 17
19 63
56 41
53 29
70 7
62 20
51 58
42 25
80 12
45 61
36 34
57 81
24 2
18 64
39 5
57
7 24
54 27
53 14
57 6
1 35
28 22
45 53
33 41
28 39
2 32
47 32
34 8
37 24
48 44
11 43
13 38
35 20
29 39
36 38
30 27
12 17
47 45
52 15
46 42
25 49
40 41
22 14
34 18
56 56
23 21
49 12
19 4
21 55
40 11
29 52
25 4
3 44
17 51
23 16
51 36
42 20
48 26
19 15
50 7
6 10
18 5
37 31
9 9
57 1
2 8
31 54
50 46
5 30
3 26
16 43
13 10
33 55
13
6 3
6 5
13 9
1 7
10 2
1 9
11 12
11 8
3 7
8 4
2 5
10 12
4 13
11
1 8
3 2
10 5
9 7
4 11
9 6
1 2
5 11
8 10
6 7
3 4
18
6 11
12 4
16 5
1 6
4 10
8 15
16 7
10 7
2 13
3 17
14 15
17 18
14 5
3 18
1 2
13 12
8 9
9 11
16
11 13
6 10
7 14
15 9
3 7
1 16
8 11
1 2
9 4
14 12
5 5
12 15
4 3
6 16
2 8
13 10
17
5 3
8 4
1 10
1 16
17 2
17 15
2 12
10 11
13 9
7 11
15 16
9 8
6 12
14 7
14 5
6 13
3 4
15
14 1
1 13
2 5
11 4
15 6
5 15
6 10
3 8
13 7
7 4
3 9
12 11
14 8
10 2
12 9
16
9 5
16 9
16 6
12 10
3 6
14 11
7 13
10 8
13 15
15 1
5 12
2 4
3 7
11 8
4 14
1 2
16
8 8
5 15
3 6
1 1
13 4
12 12
10 10
11 14
13 9
16 3
11 4
2 9
15 7
6 5
7 14
16 2
10
3 4
9 9
10 8
5 4
2 6
10 1
2 5
7 1
6 3
8 7
19
3 1
1 10
11 17
16 5
17 4
4 2
7 8
19 13
8 9
12 19
11 9
3 12
6 15
16 15
5 14
10 7
2 18
14 13
6 18
3
1 3
2 1
3 2
11
1 6
5 10
3 7
5 10
8 1
7 9
9 2
4 4
11 11
2 6
3 8
1000
288 191
208 896
293 276
613 794
16 348
79 987
706 846
190 491
689 547
508 821
270 412
103 79
880 827
862 869
409 349
438 687
670 935
959 237
509 497
482 25
521 513
501 706
15 125
9 885
785 328
201 838
555 785
449 171
195 660
841 691
820 67
709 31
153 805
859 746
232 434
30 488
221 385
297 526
413 223
2 296
376 410
948 993
940 259
649 531
692 532
544 990
688 544
996 214
350 240
498 979
369 747
601 579
793 952
931 665
984 234
473 728
16 241
152 777
430 863
868 483
106 68
955 352
128 662
36 746
142 318
136 494
565 611
918 633
245 352
871 606
705 756
913 781
669 980
441 604
152 73
598 462
287 209
331 745
645 172
224 532
287 428
997 910
860 380
967 718
607 942
516 815
708 330
649 25
559 375
333 44
447 858
927 783
859 206
883 721
645 480
479 339
187 531
985 631
683 737
446 299
590 684
150 441
836 767
781 300
353 95
253 398
317 387
229 393
775 524
120 359
158 966
548 881
703 43
305 388
802 786
941 396
247 732
184 754
768 136
515 208
644 806
203 924
878 528
945 230
994 558
891 675
704 953
616 835
52 567
752 595
159 70
886 975
146 823
274 763
319 446
33 452
218 693
426 933
803 368
930 336
553 823
698 261
149 663
563 944
151 769
784 196
64 583
847 455
60 26
574 767
809 444
335 873
742 320
72 471
631 406
116 936
442 239
486 460
357 755
226 326
701 59
982 606
306 993
478 827
59 138
519 751
76 265
529 908
712 592
173 845
917 952
448 236
722 699
383 141
308 818
517 31
578 429
161 888
637 646
948 848
782 656
735 642
130 760
423 89
974 184
786 839
928 965
88 838
395 155
623 183
421 634
768 546
920 833
697 599
272 790
591 777
946 591
222 405
268 339
442 695
198 67
337 797
597 427
400 705
913 523
391 126
551 874
108 986
753 882
597 457
945 620
926 174
157 221
343 518
696 91
487 920
996 988
117 353
992 403
395 499
120 424
291 829
459 326
290 798
392 477
10 529
646 878
988 900
542 949
754 469
1000 20
628 11
806 888
839 357
266 961
568 626
905 28
500 122
212 84
456 201
398 437
855 890
223 752
51 547
956 48
299 104
788 716
321 95
70 34
225 851
841 973
106 155
366 404
916 571
858 678
210 601
619 656
539 869
710 618
178 791
513 288
466 344
66 667
150 286
577 102
512 264
953 739
825 435
215 660
431 200
609 284
175 137
773 170
143 615
686 23
860 185
167 248
275 65
970 700
32 135
439 258
759 521
423 49
57 622
570 485
753 835
141 537
800 308
539 730
185 736
635 432
954 867
293 82
238 72
946 891
181 938
341 870
313 266
368 219
271 433
977 5
261 402
574 673
909 369
180 554
81 400
718 21
188 584
218 96
372 505
303 518
826 725
176 187
80 279
812 453
951 804
679 757
209 281
302 122
131 469
772 320
564 507
182 760
493 650
144 397
361 603
69 36
378 18
53 188
145 733
960 672
912 247
374 183
204 514
448 604
243 417
65 37
721 149
668 978
457 658
377 963
527 463
354 336
756 543
698 179
294 971
107 875
375 197
133 451
534 272
471 750
504 156
428 384
139 575
500 741
731 783
764 686
985 338
216 399
77 26
543 157
292 330
627 173
227 498
615 935
977 900
667 511
90 697
939 864
625 702
57 610
17 53
797 77
479 830
396 638
246 907
919 195
586 15
284 311
964 811
401 66
496 300
981 312
191 323
847 533
483 394
100 127
909 502
865 856
251 328
893 845
923 655
849 382
254 685
30 789
421 724
403 450
281 355
504 253
5 277
71 461
561 886
496 673
508 659
510 367
966 342
506 522
613 958
616 164
866 904
381 481
562 844
779 301
62 42
6 689
516 250
861 959
98 456
436 549
110 681
74 822
702 852
246 154
893 227
625 435
182 491
619 350
999 612
710 334
957 277
632 997
530 502
911 991
569 73
644 842
241 608
520 384
92 422
596 127
99 612
576 621
6 82
566 35
819 939
813 252
723 462
87 351
389 55
497 527
458 28
415 782
104 879
93 519
650 233
872 758
657 189
4 315
85 639
283 381
4 877
440 116
263 8
374 643
564 669
334 857
871 347
367 558
314 534
270 217
408 553
816 905
362 165
459 854
962 549
887 585
340 957
550 307
851 285
560 162
380 894
759 932
557 714
332 488
579 729
436 624
344 821
906 736
269 46
280 950
787 329
24 260
84 789
593 664
998 999
852 181
231 530
237 910
901 492
470 729
580 466
495 333
167 379
391 524
17 685
678 289
170 680
567 415
738 94
243 654
743 569
312 248
447 844
94 273
647 842
899 202
557 889
808 728
311 978
861 309
113 870
13 61
963 908
205 413
124 424
169 298
169 588
505 722
27 822
633 892
86 637
11 865
445 128
408 968
734 388
416 412
229 422
572 617
234 525
83 146
316 499
148 347
703 642
995 179
895 727
444 784
912 874
278 545
349 639
928 537
744 202
268 257
494 648
238 75
429 583
748 489
275 161
884 440
55 533
260 52
690 219
406 40
463 200
903 85
366 411
663 700
358 7
761 103
134 922
846 394
112 694
575 467
74 162
577 39
255 160
974 360
60 947
101 589
745 47
936 713
711 117
38 477
213 836
171 932
780 433
115 951
387 755
556 792
345 135
46 995
805 489
295 943
107 573
758 627
546 772
776 205
437 264
220 743
345 692
417 774
252 969
465 883
602 643
430 834
434 588
894 236
454 762
972 509
131 983
168 712
640 138
651 267
658 715
470 983
831 29
362 681
816 194
780 757
233 175
906 523
818 795
468 811
199 898
762 280
850 64
27 926
279 732
744 172
259 451
322 283
465 87
807 474
360 856
726 560
282 795
901 695
297 346
101 834
420 484
217 332
493 452
940 124
313 244
285 751
654 458
335 608
63 815
921 902
389 22
556 980
671 629
929 35
392 140
676 976
419 969
386 204
691 265
419 938
740 873
427 769
486 651
132 652
778 298
907 154
109 276
337 592
621 450
898 460
927 614
228 965
559 662
848 572
431 941
853 855
379 18
370 98
148 324
207 376
877 735
45 535
111 256
647 638
359 89
414 363
174 295
961 676
2 763
163 837
814 453
684 726
803 119
177 212
536 410
105 962
126 968
573 492
322 274
503 325
902 976
242 801
207 778
132 634
438 790
730 151
197 1000
176 981
914 931
21 190
464 708
765 286
262 897
740 807
425 563
541 799
310 386
942 919
943 484
41 975
356 596
364 749
915 586
432 657
809 473
482 717
765 240
679 770
636 538
153 562
58 895
485 552
54 44
674 289
425 522
96 323
831 653
930 561
76 876
587 426
550 302
954 371
817 973
490 468
192 796
481 340
342 576
49 33
887 3
578 178
68 776
674 540
317 668
804 8
348 186
81 704
306 244
56 14
50 305
594 443
211 713
934 91
329 278
487 655
239 475
727 61
399 324
813 897
742 582
915 86
180 378
889 791
540 354
225 206
307 461
316 837
215 693
472 925
80 849
545 715
670 254
245 249
515 972
38 832
548 761
476 420
917 825
93 799
301 683
198 581
868 955
382 404
304 490
501 411
69 20
129 526
358 121
659 235
216 63
717 75
193 628
810 770
603 319
41 282
933 407
109 610
464 263
853 987
890 383
3 641
991 159
994 56
255 630
538 829
39 554
989 12
168 599
677 653
111 709
92 510
418 566
850 327
115 536
775 990
226 156
356 863
193 100
828 565
211 719
766 137
325 766
843 630
982 551
881 820
363 48
665 964
506 114
401 580
632 393
947 629
418 914
249 971
409 267
32 618
495 798
371 160
605 958
924 661
262 819
402 636
719 130
814 58
42 12
123 445
707 774
911 467
773 739
40 584
875 817
810 986
256 62
10 970
984 570
454 724
230 916
102 885
511 707
694 699
682 666
793 177
748 666
78 472
140 808
723 257
314 528
147 327
614 733
949 23
331 390
97 866
166 54
899 125
341 364
720 680
967 503
535 134
235 950
611 165
143 600
114 892
303 377
867 273
992 585
24 315
934 478
876 824
220 397
112 779
787 83
896 228
788 826
641 199
571 108
129 862
956 880
292 771
290 714
99 609
581 711
214 118
189 385
661 671
854 163
9 792
731 1
830 147
224 688
514 944
365 923
525 833
882 294
716 97
828 925
607 800
605 635
989 250
764 355
119 475
231 455
372 258
7 960
507 29
269 590
19 737
937 196
351 346
600 903
593 929
672 476
34 864
71 595
802 390
622 439
884 640
318 998
113 720
617 13
794 843
19 213
937 166
474 365
741 690
405 291
520 304
123 1
675 47
139 251
338 512
921 725
414 879
734 121
801 682
594 321
480 624
922 541
242 832
145 602
687 701
14 568
142 210
222 738
105 747
309 370
373 361
589 857
552 749
979 582
840 194
623 78
677 90
555 51
271 343
824 620
407 203
310 918
50 598
232 88
449 118
296 648
696 110
652 22
133 904
373 164
812 840
45 443
158 771
416 43
37 626
517 750
192 664
796 144
542 186
587 872
17
15 17
8 11
13 5
2 10
8 14
9 1
4 6
6 16
9 3
12 7
1 4
5 10
17 12
13 2
16 3
14 15
11 7
12
5 2
11 8
6 9
4 2
3 12
9 1
8 12
11 7
6 3
1 4
10 7
5 10
17
11 10
6 1
3 4
7 11
15 12
13 8
2 1
3 17
17 16
9 15
4 10
9 14
5 6
12 14
13 7
16 8
5 2
14
6 5
1 9
8 4
1 12
10 9
6 4
2 7
10 13
2 7
12 3
8 14
11 5
3 11
14 13
13
1 2
10 11
3 6
7 7
12 9
8 2
4 11
3 9
1 13
5 8
5 6
4 12
13 10
15
2 7
6 10
11 11
3 15
15 12
6 13
12 1
8 14
1 10
14 8
13 5
5 7
9 3
9 4
2 4
5
1 2
3 5
4 3
1 4
5 2
19
7 15
4 13
12 8
3 19
12 19
9 14
2 7
3 1
15 11
10 18
11 10
6 13
16 17
6 17
8 1
4 16
2 9
5 18
5 14
13
7 6
5 3
9 7
11 10
4 11
6 4
2 8
5 8
9 1
12 3
1 13
12 2
10 13
10
6 4
8 2
9 3
7 5
10 3
1 6
5 4
10 8
7 9
2 1
20
13 8
1 10
14 1
16 6
16 7
20 19
18 4
20 18
19 10
9 13
11 2
6 3
3 12
9 8
11 14
4 15
15 17
12 2
5 7
5 17
19
4 6
17 2
12 11
16 6
3 8
13 17
2 14
3 5
12 18
9 10
4 13
10 1
19 19
18 15
5 8
1 14
15 7
11 9
16 7
19
3 4
3 17
10 5
2 16
5 11
11 8
9 12
9 19
4 6
6 7
17 13
14 7
8 12
15 18
13 2
16 1
1 14
15 18
10 19
18
9 5
17 10
11 1
6 5
7 17
9 8
14 12
4 13
6 12
16 3
18 10
11 16
13 3
15 8
2 1
2 18
4 14
15 7
15
10 3
15 14
8 14
4 15
11 12
11 13
1 2
3 9
9 1
5 7
8 2
4 6
6 5
7 10
13 12
15
1 9
2 4
14 15
9 3
11 5
6 13
10 12
12 4
5 6
7 7
8 3
15 1
10 13
8 14
2 11
10
9 8
6 7
5 8
1 5
3 2
6 9
2 7
3 10
4 1
10 4
20
11 12
9 2
4 6
20 19
7 3
16 15
19 17
1 3
10 1
7 18
16 5
12 8
11 8
13 2
9 13
14 17
14 4
6 20
10 18
15 5
18
11 15
17 7
12 18
7 5
12 10
2 5
9 16
13 8
10 13
8 17
15 4
2 1
3 14
9 4
1 18
16 14
3 6
6 11
13
1 13
13 12
12 11
11 10
10 9
9 8
8 7
7 6
6 5
5 4
4 3
3 2
2 1
13
11 8
13 5
13 1
6 12
7 10
7 1
2 9
6 8
5 4
9 4
12 10
2 3
3 11
14
8 11
2 5
7 10
11 9
2 6
7 1
9 12
1 14
12 4
13 4
14 5
10 8
13 3
3 6
1000
1 1000
1000 999
999 998
998 997
997 996
996 995
995 994
994 993
993 992
992 991
991 990
990 989
989 988
988 987
987 986
986 985
985 984
984 983
983 982
982 981
981 980
980 979
979 978
978 977
977 976
976 975
975 974
974 973
973 972
972 971
971 970
970 969
969 968
968 967
967 966
966 965
965 964
964 963
963 962
962 961
961 960
960 959
959 958
958 957
957 956
956 955
955 954
954 953
953 952
952 951
951 950
950 949
949 948
948 947
947 946
946 945
945 944
944 943
943 942
942 941
941 940
940 939
939 938
938 937
937 936
936 935
935 934
934 933
933 932
932 931
931 930
930 929
929 928
928 927
927 926
926 925
925 924
924 923
923 922
922 921
921 920
920 919
919 918
918 917
917 916
916 915
915 914
914 913
913 912
912 911
911 910
910 909
909 908
908 907
907 906
906 905
905 904
904 903
903 902
902 901
901 900
900 899
899 898
898 897
897 896
896 895
895 894
894 893
893 892
892 891
891 890
890 889
889 888
888 887
887 886
886 885
885 884
884 883
883 882
882 881
881 880
880 879
879 878
878 877
877 876
876 875
875 874
874 873
873 872
872 871
871 870
870 869
869 868
868 867
867 866
866 865
865 864
864 863
863 862
862 861
861 860
860 859
859 858
858 857
857 856
856 855
855 854
854 853
853 852
852 851
851 850
850 849
849 848
848 847
847 846
846 845
845 844
844 843
843 842
842 841
841 840
840 839
839 838
838 837
837 836
836 835
835 834
834 833
833 832
832 831
831 830
830 829
829 828
828 827
827 826
826 825
825 824
824 823
823 822
822 821
821 820
820 819
819 818
818 817
817 816
816 815
815 814
814 813
813 812
812 811
811 810
810 809
809 808
808 807
807 806
806 805
805 804
804 803
803 802
802 801
801 800
800 799
799 798
798 797
797 796
796 795
795 794
794 793
793 792
792 791
791 790
790 789
789 788
788 787
787 786
786 785
785 784
784 783
783 782
782 781
781 780
780 779
779 778
778 777
777 776
776 775
775 774
774 773
773 772
772 771
771 770
770 769
769 768
768 767
767 766
766 765
765 764
764 763
763 762
762 761
761 760
760 759
759 758
758 757
757 756
756 755
755 754
754 753
753 752
752 751
751 750
750 749
749 748
748 747
747 746
746 745
745 744
744 743
743 742
742 741
741 740
740 739
739 738
738 737
737 736
736 735
735 734
734 733
733 732
732 731
731 730
730 729
729 728
728 727
727 726
726 725
725 724
724 723
723 722
722 721
721 720
720 719
719 718
718 717
717 716
716 715
715 714
714 713
713 712
712 711
711 710
710 709
709 708
708 707
707 706
706 705
705 704
704 703
703 702
702 701
701 700
700 699
699 698
698 697
697 696
696 695
695 694
694 693
693 692
692 691
691 690
690 689
689 688
688 687
687 686
686 685
685 684
684 683
683 682
682 681
681 680
680 679
679 678
678 677
677 676
676 675
675 674
674 673
673 672
672 671
671 670
670 669
669 668
668 667
667 666
666 665
665 664
664 663
663 662
662 661
661 660
660 659
659 658
658 657
657 656
656 655
655 654
654 653
653 652
652 651
651 650
650 649
649 648
648 647
647 646
646 645
645 644
644 643
643 642
642 641
641 640
640 639
639 638
638 637
637 636
636 635
635 634
634 633
633 632
632 631
631 630
630 629
629 628
628 627
627 626
626 625
625 624
624 623
623 622
622 621
621 620
620 619
619 618
618 617
617 616
616 615
615 614
614 613
613 612
612 611
611 610
610 609
609 608
608 607
607 606
606 605
605 604
604 603
603 602
602 601
601 600
600 599
599 598
598 597
597 596
596 595
595 594
594 593
593 592
592 591
591 590
590 589
589 588
588 587
587 586
586 585
585 584
584 583
583 582
582 581
581 580
580 579
579 578
578 577
577 576
576 575
575 574
574 573
573 572
572 571
571 570
570 569
569 568
568 567
567 566
566 565
565 564
564 563
563 562
562 561
561 560
560 559
559 558
558 557
557 556
556 555
555 554
554 553
553 552
552 551
551 550
550 549
549 548
548 547
547 546
546 545
545 544
544 543
543 542
542 541
541 540
540 539
539 538
538 537
537 536
536 535
535 534
534 533
533 532
532 531
531 530
530 529
529 528
528 527
527 526
526 525
525 524
524 523
523 522
522 521
521 520
520 519
519 518
518 517
517 516
516 515
515 514
514 513
513 512
512 511
511 510
510 509
509 508
508 507
507 506
506 505
505 504
504 503
503 502
502 501
501 500
500 499
499 498
498 497
497 496
496 495
495 494
494 493
493 492
492 491
491 490
490 489
489 488
488 487
487 486
486 485
485 484
484 483
483 482
482 481
481 480
480 479
479 478
478 477
477 476
476 475
475 474
474 473
473 472
472 471
471 470
470 469
469 468
468 467
467 466
466 465
465 464
464 463
463 462
462 461
461 460
460 459
459 458
458 457
457 456
456 455
455 454
454 453
453 452
452 451
451 450
450 449
449 448
448 447
447 446
446 445
445 444
444 443
443 442
442 441
441 440
440 439
439 438
438 437
437 436
436 435
435 434
434 433
433 432
432 431
431 430
430 429
429 428
428 427
427 426
426 425
425 424
424 423
423 422
422 421
421 420
420 419
419 418
418 417
417 416
416 415
415 414
414 413
413 412
412 411
411 410
410 409
409 408
408 407
407 406
406 405
405 404
404 403
403 402
402 401
401 400
400 399
399 398
398 397
397 396
396 395
395 394
394 393
393 392
392 391
391 390
390 389
389 388
388 387
387 386
386 385
385 384
384 383
383 382
382 381
381 380
380 379
379 378
378 377
377 376
376 375
375 374
374 373
373 372
372 371
371 370
370 369
369 368
368 367
367 366
366 365
365 364
364 363
363 362
362 361
361 360
360 359
359 358
358 357
357 356
356 355
355 354
354 353
353 352
352 351
351 350
350 349
349 348
348 347
347 346
346 345
345 344
344 343
343 342
342 341
341 340
340 339
339 338
338 337
337 336
336 335
335 334
334 333
333 332
332 331
331 330
330 329
329 328
328 327
327 326
326 325
325 324
324 323
323 322
322 321
321 320
320 319
319 318
318 317
317 316
316 315
315 314
314 313
313 312
312 311
311 310
310 309
309 308
308 307
307 306
306 305
305 304
304 303
303 302
302 301
301 300
300 299
299 298
298 297
297 296
296 295
295 294
294 293
293 292
292 291
291 290
290 289
289 288
288 287
287 286
286 285
285 284
284 283
283 282
282 281
281 280
280 279
279 278
278 277
277 276
276 275
275 274
274 273
273 272
272 271
271 270
270 269
269 268
268 267
267 266
266 265
265 264
264 263
263 262
262 261
261 260
260 259
259 258
258 257
257 256
256 255
255 254
254 253
253 252
252 251
251 250
250 249
249 248
248 247
247 246
246 245
245 244
244 243
243 242
242 241
241 240
240 239
239 238
238 237
237 236
236 235
235 234
234 233
233 232
232 231
231 230
230 229
229 228
228 227
227 226
226 225
225 224
224 223
223 222
222 221
221 220
220 219
219 218
218 217
217 216
216 215
215 214
214 213
213 212
212 211
211 210
210 209
209 208
208 207
207 206
206 205
205 204
204 203
203 202
202 201
201 200
200 199
199 198
198 197
197 196
196 195
195 194
194 193
193 192
192 191
191 190
190 189
189 188
188 187
187 186
186 185
185 184
184 183
183 182
182 181
181 180
180 179
179 178
178 177
177 176
176 175
175 174
174 173
173 172
172 171
171 170
170 169
169 168
168 167
167 166
166 165
165 164
164 163
163 162
162 161
161 160
160 159
159 158
158 157
157 156
156 155
155 154
154 153
153 152
152 151
151 150
150 149
149 148
148 147
147 146
146 145
145 144
144 143
143 142
142 141
141 140
140 139
139 138
138 137
137 136
136 135
135 134
134 133
133 132
132 131
131 130
130 129
129 128
128 127
127 126
126 125
125 124
124 123
123 122
122 121
121 120
120 119
119 118
118 117
117 116
116 115
115 114
114 113
113 112
112 111
111 110
110 109
109 108
108 107
107 106
106 105
105 104
104 103
103 102
102 101
101 100
100 99
99 98
98 97
97 96
96 95
95 94
94 93
93 92
92 91
91 90
90 89
89 88
88 87
87 86
86 85
85 84
84 83
83 82
82 81
81 80
80 79
79 78
78 77
77 76
76 75
75 74
74 73
73 72
72 71
71 70
70 69
69 68
68 67
67 66
66 65
65 64
64 63
63 62
62 61
61 60
60 59
59 58
58 57
57 56
56 55
55 54
54 53
53 52
52 51
51 50
50 49
49 48
48 47
47 46
46 45
45 44
44 43
43 42
42 41
41 40
40 39
39 38
38 37
37 36
36 35
35 34
34 33
33 32
32 31
31 30
30 29
29 28
28 27
27 26
26 25
25 24
24 23
23 22
22 21
21 20
20 19
19 18
18 17
17 16
16 15
15 14
14 13
13 12
12 11
11 10
10 9
9 8
8 7
7 6
6 5
5 4
4 3
3 2
2 1
19
15 11
8 4
18 2
17 14
13 16
10 18
14 1
3 3
12 11
9 5
15 6
7 13
2 10
12 5
17 6
16 7
19 19
8 9
4 1
14
6 8
11 12
11 9
1 14
6 10
13 9
10 8
1 7
13 12
3 2
5 7
4 2
4 14
5 3
13
12 8
3 10
11 9
5 4
10 9
6 2
7 2
6 11
5 7
13 1
1 12
13 8
3 4
14
2 12
14 10
7 10
6 6
3 14
5 13
1 9
12 13
4 2
4 5
7 11
11 8
8 3
9 1
15
14 11
9 1
3 8
5 11
13 5
9 1
10 4
7 4
6 7
8 6
12 14
3 15
15 13
10 12
2 2
12
8 5
6 1
2 9
7 3
7 6
3 10
5 4
11 10
2 12
8 4
12 11
9 1
66
25 14
19 18
28 48
27 41
24 37
51 47
6 12
22 7
45 16
6 21
18 33
32 5
7 53
64 29
53 38
60 49
65 21
35 2
34 62
3 58
43 57
34 63
8 55
10 2
52 11
62 13
42 59
50 44
55 60
4 39
29 11
31 54
13 42
51 28
63 36
64 15
40 37
19 17
9 47
61 38
31 48
61 25
9 30
44 24
32 17
46 3
26 8
23 22
26 54
56 43
39 35
15 45
33 16
5 46
58 40
1 10
30 41
66 4
36 20
20 27
14 50
23 12
56 59
65 52
1 66
57 49
11
11 6
2 1
5 1
6 3
5 9
8 10
4 3
8 7
4 2
11 7
10 9
20
11 2
9 12
5 8
2 14
8 19
16 20
17 14
5 7
4 4
12 9
16 1
1 10
15 6
18 17
19 6
13 15
10 11
18 3
20 13
3 7
5
1 5
5 4
4 3
3 2
2 1
13
13 11
2 8
3 12
8 7
12 3
1 9
5 6
1 5
2 11
4 4
10 10
9 13
7 6
68
27 9
64 40
55 60
63 37
29 4
3 38
15 16
57 43
11 26
64 36
23 20
14 35
1 65
15 19
33 49
59 56
41 37
14 30
42 28
62 44
65 68
38 32
3 45
20 54
6 12
58 2
44 5
25 31
41 7
8 39
24 24
23 66
58 53
36 46
52 22
68 1
39 61
42 17
21 60
34 28
67 26
17 46
18 30
6 48
11 35
16 47
40 62
47 9
25 61
31 48
50 59
8 53
21 63
10 4
52 29
13 55
5 45
43 33
12 18
32 27
57 51
19 67
10 54
49 2
56 22
13 66
7 50
51 34
13
6 1
2 12
6 8
4 4
9 7
9 8
7 5
13 13
1 12
10 11
3 5
2 3
11 10
67
17 55
63 51
14 3
32 56
58 41
22 50
53 15
14 37
23 31
59 35
67 33
49 24
3 42
66 65
47 61
38 12
35 16
43 40
48 23
45 7
24 41
42 52
43 21
19 18
27 64
26 15
8 10
52 11
49 57
21 64
13 66
54 29
54 12
5 1
10 34
25 20
36 44
45 48
60 32
63 22
2 19
34 36
65 47
25 46
59 6
28 4
29 6
55 56
8 39
18 38
50 37
46 2
9 13
11 31
53 62
27 58
9 33
40 30
57 26
1 20
44 60
5 17
61 62
30 39
4 28
67 16
7 51
126
32 3
52 76
60 44
54 102
118 67
110 33
4 48
44 87
37 6
53 112
29 109
95 40
90 93
46 91
38 69
125 61
113 120
55 109
81 54
15 28
8 82
59 88
9 16
27 11
119 95
84 69
106 93
124 52
50 104
21 99
102 56
62 51
43 100
24 105
19 101
118 103
22 21
115 61
18 82
87 90
107 115
72 41
14 107
103 1
39 80
105 17
25 63
7 15
78 28
92 30
77 123
89 13
39 101
11 73
59 113
45 9
85 67
85 6
23 74
42 77
34 49
45 94
17 53
58 112
5 38
32 71
75 22
42 108
50 96
24 79
126 20
12 91
47 5
100 40
86 29
34 117
57 10
26 60
76 116
98 31
68 72
41 94
89 78
106 36
58 65
14 27
88 104
47 81
55 121
84 86
125 83
117 126
2 1
3 83
74 23
70 43
64 114
37 36
79 12
65 97
68 20
123 16
111 66
75 122
98 19
111 99
62 97
46 120
73 56
66 7
8 96
35 119
2 18
51 25
33 49
63 64
110 114
108 71
48 92
121 26
13 35
116 70
124 30
122 4
57 31
10 80
16
11 13
16 4
12 5
6 7
3 7
15 10
14 2
6 13
2 3
1 8
9 14
4 11
5 15
10 8
9 12
1 16
12
1 9
7 10
9 6
7 10
8 11
4 12
4 5
12 8
2 1
2 3
5 11
3 6
14
10 9
6 5
11 1
10 13
8 3
9 11
4 1
14 4
7 14
2 8
2 13
7 6
12 3
12 5
13
10 5
8 7
2 6
3 11
4 8
3 10
1 13
9 2
11 7
4 6
13 5
1 9
12 12
16
8 11
2 5
15 13
6 1
4 7
14 16
6 4
7 9
16 2
3 12
8 11
12 1
10 13
10 5
3 14
9 15
15
15 11
7 10
5 1
13 2
12 3
9 6
11 2
7 8
14 1
14 8
15 4
9 12
5 13
10 6
3 4
12
9 11
11 4
7 3
8 4
10 12
9 6
2 8
5 12
1 3
6 7
10 1
5 2
12
10 10
2 8
11 9
5 2
4 6
9 11
3 7
12 1
8 5
1 12
6 3
7 4
11
11 5
8 5
3 2
9 1
3 6
11 10
7 4
1 7
9 8
4 6
2 10
15
3 3
7 14
8 10
15 8
2 4
4 12
5 7
11 11
2 13
1 14
15 9
6 6
12 9
5 1
13 10
11
7 11
9 1
8 5
3 8
3 1
5 4
10 7
6 2
11 4
6 9
2 10
17
17 9
15 2
7 5
3 6
2 9
11 13
3 6
13 8
16 10
4 15
7 1
12 10
14 16
1 4
8 14
17 11
12 5
12
6 7
4 2
9 8
9 1
12 10
4 3
8 6
11 5
7 10
2 5
3 1
11 12
12
3 7
2 8
6 2
8 7
5 1
5 9
10 12
10 12
11 6
11 4
9 1
3 4
13
1 13
2 1
3 2
4 3
5 4
6 5
7 6
8 7
9 8
10 9
11 10
12 11
13 12
11
10 1
5 7
8 4
11 5
9 11
10 1
2 2
3 9
8 7
6 6
3 4
14
8 3
14 4
1 13
7 10
2 9
7 13
9 10
2 12
5 11
3 12
8 6
4 11
1 6
14 5
19
6 11
19 1
10 16
19 8
7 5
2 6
9 11
5 7
1 9
17 3
13 15
8 18
13 17
10 3
2 4
14 4
12 16
12 14
18 15
17
11 7
14 6
16 12
5 8
13 6
8 9
12 10
9 11
1 17
1 15
17 5
14 3
10 15
2 13
4 2
3 7
4 16
20
1 4
17 7
13 14
19 18
18 16
10 6
12 11
15 8
17 6
2 5
13 20
16 9
8 2
9 11
7 12
19 5
3 3
10 20
1 15
14 4
5
1 2
3 5
4 3
5 4
1 2
12
7 3
6 3
2 7
12 9
12 2
1 10
5 9
1 11
11 8
10 5
4 8
6 4
12
4 1
11 5
2 4
3 8
8 7
1 5
6 7
3 12
10 6
2 10
11 12
9 9
3
1 1
2 2
3 3
16
16 3
13 15
10 3
7 2
8 14
10 11
9 1
6 16
7 8
6 12
13 15
5 1
2 9
14 5
4 4
12 11
16
14 8
3 5
10 2
7 11
6 13
16 4
2 1
4 6
12 9
5 12
11 16
10 7
3 9
15 15
14 8
1 13
12
3 3
4 10
11 2
6 5
2 11
12 10
4 5
9 1
9 7
8 6
12 1
8 7
12
11 10
3 9
6 11
2 5
5 4
9 1
12 4
12 2
7 1
10 8
3 7
6 8
13
9 12
1 5
7 1
7 5
2 11
4 6
3 4
8 12
2 8
10 13
13 9
3 10
11 6
15
11 5
4 14
4 6
13 7
3 3
1 7
2 1
14 15
12 11
13 10
9 10
8 5
6 9
2 15
12 8
10
4 3
1 4
7 3
9 5
5 8
1 6
6 8
7 10
10 2
9 2
12
3 8
4 4
2 11
9 12
8 6
12 1
1 11
5 7
10 6
2 5
10 9
3 7
13
12 12
13 13
7 7
11 11
4 4
1 1
5 5
2 2
8 8
6 6
3 3
9 9
10 10
16
4 10
10 15
11 16
4 12
7 5
8 8
7 3
16 6
2 6
12 5
9 14
13 14
15 1
3 2
13 11
9 1
20
18 5
1 8
19 13
7 8
18 16
5 2
11 14
13 17
11 9
10 16
3 19
15 2
6 12
7 10
20 15
17 6
14 4
1 4
3 9
12 20
14
3 2
4 2
12 7
14 8
9 8
3 12
5 11
14 6
7 1
1 13
9 5
10 6
11 4
13 10
66
26 40
22 43
14 42
31 31
50 17
5 13
56 56
55 38
25 27
5 9
21 30
39 12
33 11
17 30
47 15
20 48
45 28
7 2
14 34
41 44
9 35
7 49
19 58
8 10
44 59
42 59
55 32
46 61
43 37
53 66
16 51
60 26
28 4
40 63
12 38
66 11
21 3
27 65
1 62
64 61
2 37
36 39
57 22
33 50
25 18
19 65
54 16
48 35
45 13
60 15
64 10
8 1
52 32
53 62
63 57
6 18
29 23
4 58
24 34
29 51
36 49
54 23
20 47
41 52
46 3
24 6
80
6 73
63 4
29 39
71 58
1 23
62 59
16 10
5 72
20 33
8 51
6 51
50 4
74 15
5 55
42 69
54 21
61 72
17 24
26 1
2 12
63 12
47 55
3 47
22 64
61 49
32 43
45 26
40 69
24 28
79 45
38 74
60 78
80 57
76 38
21 80
75 52
25 62
18 53
7 46
39 9
67 16
64 60
78 75
10 53
77 68
36 56
13 31
43 9
68 27
41 66
7 65
17 32
66 11
49 48
41 15
70 23
14 42
59 71
14 27
48 79
18 31
11 54
19 44
33 34
65 19
70 46
30 8
37 29
13 57
2 30
73 34
25 22
20 3
58 40
44 52
56 67
35 36
37 76
77 50
35 28
15
11 14
15 8
4 6
5 6
10 12
14 4
11 7
9 8
7 12
10 2
2 1
1 3
3 13
13 9
15 5
10
2 5
6 10
3 9
2 8
8 7
7 10
6 1
4 3
1 4
9 5
14
4 6
6 11
9 14
2 5
3 12
14 11
13 10
1 5
10 7
4 8
9 3
2 8
7 1
13 12
10
4 9
5 10
7 6
9 7
4 8
8 2
6 3
5 10
3 2
1 1
16
14 12
15 7
13 1
3 16
15 6
5 3
7 6
9 8
16 14
5 2
12 8
1 11
10 4
10 13
9 4
11 2
127
41 38
113 97
108 56
54 31
111 76
74 85
65 11
69 14
31 115
83 44
35 20
71 43
73 78
76 109
127 83
58 10
1 43
27 49
63 94
95 98
84 114
122 112
99 95
25 18
116 91
14 1
26 36
2 32
29 32
125 103
62 112
80 67
88 108
124 96
91 113
4 45
4 88
92 86
28 47
70 40
38 12
96 39
2 100
89 6
125 54
21 24
9 98
20 100
42 37
17 8
19 123
79 49
27 87
120 30
3 34
101 37
28 56
70 50
16 29
15 122
35 119
62 66
22 18
58 77
34 44
46 13
105 90
64 40
99 42
65 53
25 68
68 92
7 50
33 39
126 127
114 118
110 59
6 102
89 61
60 82
69 48
84 13
77 97
16 109
55 90
107 67
80 5
63 93
123 82
21 120
53 51
118 104
23 51
119 74
19 7
26 60
78 75
87 117
107 85
124 72
61 104
5 111
102 126
36 94
73 23
106 11
81 52
72 121
115 121
86 106
105 59
55 57
22 66
17 93
9 41
46 52
12 79
75 116
47 8
81 10
101 3
33 30
64 57
15 45
24 110
117 48
71 103
16
7 14
8 7
2 3
1 4
6 12
15 13
11 16
16 10
14 11
13 12
15 5
2 4
10 9
8 1
3 6
5 9
10
10 4
1 1
2 4
6 9
5 6
8 3
5 7
7 9
2 3
10 8
13
12 4
7 9
3 10
3 13
10 13
11 12
1 2
7 9
6 1
5 2
6 4
8 5
11 8
3
1 1
2 3
3 2
80
23 14
40 38
72 10
8 68
12 19
14 76
23 70
52 74
34 31
49 13
65 77
29 48
42 67
6 64
56 69
77 60
53 61
49 47
59 62
15 12
66 73
39 24
9 22
35 44
43 32
58 60
17 64
37 28
1 53
78 57
35 18
71 8
10 2
16 79
20 3
69 61
50 40
54 58
6 76
48 78
51 55
26 16
30 72
52 31
18 75
25 28
7 4
19 9
26 67
47 4
41 24
43 75
79 42
46 54
39 25
32 34
37 74
2 27
1 20
13 56
65 33
51 45
80 21
27 57
36 5
44 11
59 41
22 66
29 73
45 71
55 63
46 50
7 17
80 3
36 62
68 21
11 15
63 30
38 5
33 70
14
8 12
4 11
4 8
3 10
10 3
7 2
6 1
6 7
1 5
9 12
9 2
11 14
13 5
13 14
15
8 12
4 15
7 13
9 14
11 10
3 1
8 5
5 7
12 10
2 1
11 4
15 9
6 6
14 3
13 2
11
1 9
7 1
10 9
8 2
3 10
5 2
4 3
11 6
4 5
6 7
11 8
11
1 5
7 8
7 4
11 2
6 10
8 4
5 9
6 3
11 9
10 2
1 3
20
16 8
9 17
18 2
16 3
19 8
10 14
10 1
6 7
11 3
15 15
12 4
9 20
14 20
17 7
12 6
5 13
11 5
18 1
19 4
13 2
11
1 10
4 9
2 8
6 6
3 7
3 5
5 11
2 11
1 8
10 7
9 4
0
