79
4 48
18 34
61 16
73 58
14 58
75 12
31 9
55 25
62 6
57 23
37 64
52 30
39 71
65 33
53 32
67 45
38 18
65 5
11 53
10 24
17 29
14 79
35 56
42 48
59 28
78 30
63 45
66 12
50 73
60 40
31 52
76 1
66 36
22 47
72 8
47 63
23 2
2 33
74 54
70 5
20 77
19 51
41 49
15 71
35 79
1 7
61 24
8 68
68 67
13 29
55 34
28 74
41 78
7 44
43 59
21 39
46 3
76 69
4 72
54 26
16 11
42 60
20 9
49 77
40 10
44 70
62 57
51 19
6 46
3 25
38 32
27 43
56 50
37 64
26 21
15 22
36 13
75 27
69 17
16
11 12
15 7
2 5
2 1
8 14
9 5
8 4
16 13
4 13
7 3
1 11
10 16
10 14
9 6
6 15
12 3
20
8 20
10 14
4 5
12 2
8 12
19 4
15 6
13 18
6 3
7 13
10 17
5 7
9 2
16 20
3 16
9 19
11 1
17 18
14 15
11 1
15
5 15
6 12
9 3
2 11
5 14
3 4
13 9
7 2
14 1
6 4
8 10
13 15
11 12
7 1
10 8
19
4 16
15 6
9 11
3 14
13 8
2 15
13 16
17 12
2 17
5 5
8 6
14 12
18 4
10 1
10 9
7 18
19 3
7 11
19 1
13
7 2
13 5
4 11
12 5
2 11
6 9
6 10
10 3
8 13
7 1
9 1
3 12
8 4
20
11 6
3 20
7 12
17 10
2 4
14 18
5 9
8 12
10 9
5 19
6 19
1 16
15 8
4 15
3 13
13 17
2 18
20 1
11 14
16 7
14
11 6
2 6
12 13
4 14
3 8
2 10
1 7
14 8
4 9
9 1
5 3
13 12
5 11
7 10
18
14 3
17 6
10 12
15 11
14 2
8 3
5 9
2 18
18 1
5 13
16 13
10 9
17 16
7 15
12 11
8 4
7 1
6 4
18
12 9
4 10
6 16
6 9
10 15
18 18
15 1
8 2
8 7
13 16
12 2
3 1
17 7
4 5
14 13
11 14
5 3
17 11
15
11 14
9 3
8 2
15 3
10 1
8 14
1 6
11 2
4 15
7 5
7 6
4 13
5 13
12 10
9 12
16
9 6
12 13
9 14
8 15
8 5
13 11
3 4
1 16
3 1
12 14
2 10
11 6
7 5
4 15
2 16
7 10
12
1 8
10 1
4 11
9 3
10 7
5 12
11 3
6 9
6 7
2 8
4 5
12 2
13
10 10
13 13
6 6
9 9
4 4
11 11
1 1
12 12
3 3
8 8
7 7
2 2
5 5
14
12 5
7 7
9 13
8 5
11 4
6 14
14 1
1 4
13 10
11 3
3 2
6 9
10 8
2 12
19
3 9
5 11
13 17
18 12
3 14
8 13
9 18
2 4
4 16
5 16
19 12
8 1
17 19
6 14
2 7
7 10
1 6
11 15
10 15
18
4 6
7 13
10 9
9 13
17 5
1 11
18 2
15 7
8 6
14 4
17 2
12 11
5 1
8 15
14 3
16 16
12 18
10 3
10
3 9
4 9
5 8
1 1
2 10
10 8
3 6
7 2
4 5
7 6
18
9 5
8 1
13 7
12 17
2 4
16 17
4 3
14 18
15 6
16 3
5 15
8 9
13 6
18 1
10 7
12 11
10 11
14 2
13
3 8
4 11
2 13
4 7
2 10
12 3
1 6
8 5
7 9
1 13
9 12
10 11
6 5
102
1 92
40 4
17 33
71 37
9 21
100 16
80 28
81 93
6 65
102 46
63 84
72 100
2 18
5 71
30 91
75 101
36 76
45 63
11 88
26 29
93 58
60 67
13 32
83 38
4 97
1 87
39 32
34 61
3 18
74 79
91 90
59 99
25 14
54 99
57 55
27 58
75 68
20 13
56 64
89 49
42 15
15 94
60 52
14 19
48 83
7 69
22 50
67 42
77 74
59 29
80 89
9 77
33 36
66 22
43 73
85 28
95 26
3 81
62 48
101 69
98 61
35 16
56 6
66 44
37 47
94 70
30 51
5 49
23 65
35 85
96 44
86 50
47 40
23 31
10 12
57 43
78 86
64 21
10 72
31 82
39 12
62 38
97 41
76 95
8 87
78 24
102 24
79 8
52 55
45 34
84 68
7 27
2 73
25 54
46 82
70 41
96 51
90 19
53 20
17 88
53 11
92 98
12
4 5
12 2
8 3
10 5
1 6
9 6
7 11
2 9
11 8
10 4
12 7
3 1
18
3 14
6 10
5 16
3 2
18 16
18 4
12 7
15 1
8 17
5 9
15 6
17 10
13 11
8 7
4 11
9 12
14 13
2 1
10
6 9
8 6
8 10
2 1
5 3
4 7
9 4
1 10
3 2
5 7
16
14 11
5 7
10 16
3 6
15 4
10 8
16 8
1 6
13 5
12 9
9 1
14 2
13 2
7 11
15 4
12 3
17
5 12
7 1
10 16
13 2
17 8
9 1
9 14
10 4
3 12
3 2
11 6
15 5
16 7
17 15
14 4
6 11
8 13
11
3 8
11 4
5 2
9 1
3 7
1 11
8 10
2 5
10 6
4 6
7 9
145
30 60
130 144
134 52
28 10
59 33
118 16
114 80
4 66
22 4
19 29
58 54
120 88
132 10
126 40
49 36
132 142
141 109
50 71
74 48
98 112
44 114
43 2
41 1
102 127
30 15
13 86
90 135
46 135
13 109
85 51
68 127
96 96
83 53
97 113
37 84
29 14
133 84
58 35
137 73
105 31
95 75
24 11
80 87
64 77
50 11
98 126
55 105
99 133
24 104
41 83
63 18
123 141
8 9
79 34
32 20
140 85
56 45
38 45
102 142
22 34
72 32
27 121
90 92
86 15
48 143
7 67
99 37
110 21
131 136
17 26
129 55
117 100
92 35
103 136
39 33
16 89
3 81
60 100
81 137
21 47
115 66
94 14
125 131
107 129
6 62
130 25
82 39
122 72
145 101
91 108
104 67
23 116
23 31
106 70
82 5
116 73
103 120
101 27
122 125
28 144
59 119
93 79
74 63
110 6
53 36
112 128
5 89
107 119
26 69
65 19
65 124
42 88
56 139
93 54
42 118
68 40
139 3
61 134
117 111
64 97
95 49
78 140
57 111
124 145
70 51
52 91
12 138
138 25
113 123
115 78
61 143
20 121
76 106
62 44
87 8
108 1
12 47
57 9
75 76
94 17
7 69
46 2
77 128
71 18
43 38
19
1 6
16 19
4 7
9 2
9 17
3 15
3 6
12 14
8 13
2 4
12 5
11 10
5 8
14 18
15 13
10 17
1 19
11 16
18 7
10
8 4
3 10
8 5
7 10
1 5
6 2
6 9
7 4
2 3
9 1
14
8 7
4 4
1 11
14 11
3 6
2 13
13 10
12 3
2 6
9 8
9 14
10 5
1 7
5 12
18
8 11
4 11
5 16
1 5
14 9
15 6
13 12
4 3
13 7
10 8
18 16
6 2
3 10
9 15
2 12
17 7
14 18
17 1
122
21 6
37 101
29 49
115 116
72 121
80 13
27 96
48 50
56 111
1 113
54 82
31 87
55 4
88 38
121 97
100 37
81 28
42 32
73 12
106 6
67 45
7 83
54 89
78 14
2 59
53 81
69 65
42 19
8 86
17 47
104 41
62 2
75 25
82 52
16 13
93 38
116 89
120 31
20 87
33 114
77 30
102 120
51 52
108 101
45 113
105 103
9 3
94 18
92 58
86 39
23 83
84 26
96 103
72 30
25 99
106 11
111 68
118 74
119 17
18 63
78 24
44 10
95 56
76 77
11 65
46 1
69 19
64 53
110 14
62 71
119 68
3 94
4 32
21 110
97 34
114 57
88 107
22 59
41 92
109 26
5 10
40 43
109 108
112 8
9 102
67 112
48 117
36 58
91 15
105 85
47 7
79 91
44 40
90 104
115 57
66 33
118 29
55 23
15 61
98 122
90 22
85 93
70 80
64 61
51 24
63 39
117 100
20 74
98 46
70 27
35 36
5 43
60 12
50 107
49 60
79 84
34 73
28 99
66 122
76 35
75 95
16 71
16
3 6
5 7
13 8
2 11
8 3
10 15
9 16
13 9
7 14
4 5
12 4
10 1
15 11
12 6
1 16
14 2
66
26 36
39 33
1 51
23 31
7 4
13 66
22 54
25 50
46 3
16 61
37 60
27 64
21 65
28 57
10 43
9 48
11 2
29 29
18 10
32 37
62 46
27 26
4 8
44 48
45 14
38 42
6 42
17 59
18 55
15 41
59 25
62 63
61 31
66 36
20 32
34 30
14 12
54 44
2 1
58 49
15 57
11 40
45 21
19 35
20 47
12 53
17 34
58 16
8 63
60 13
24 38
22 64
30 35
5 19
6 47
40 39
51 7
56 24
53 55
33 3
28 23
5 56
52 43
9 50
49 52
41 65
13
1 13
2 1
3 2
4 3
5 4
6 5
7 6
8 7
9 8
10 9
11 10
12 11
13 12
20
13 1
8 19
4 18
10 5
16 17
8 11
6 4
14 20
14 10
19 7
15 3
15 9
17 3
18 6
1 5
2 12
12 11
16 13
9 20
2 7
16
7 12
3 2
3 2
5 8
5 6
1 13
14 4
14 9
15 4
12 13
16 6
8 15
16 1
10 10
11 7
11 9
17
8 12
14 17
1 3
7 13
13 10
8 5
11 6
1 4
2 15
10 11
2 9
17 16
12 15
6 9
14 5
3 4
16 7
14
13 10
8 2
4 9
10 7
6 7
2 1
4 6
3 11
9 3
12 5
1 8
14 13
11 5
12 14
20
17 4
12 20
7 14
6 2
5 18
19 8
16 19
9 15
10 11
3 11
13 7
14 1
12 10
5 2
13 15
16 1
18 3
6 9
4 20
8 17
3
1 1
2 3
3 2
15
14 1
10 15
7 10
6 6
13 11
7 15
3 11
3 5
2 4
14 9
5 8
13 8
12 2
9 12
1 4
1000
1 1000
1000 999
999 998
998 997
997 996
996 995
995 994
994 993
993 992
992 991
991 990
990 989
989 988
988 987
987 986
986 985
985 984
984 983
983 982
982 981
981 980
980 979
979 978
978 977
977 976
976 975
975 974
974 973
973 972
972 971
971 970
970 969
969 968
968 967
967 966
966 965
965 964
964 963
963 962
962 961
961 960
960 959
959 958
958 957
957 956
956 955
955 954
954 953
953 952
952 951
951 950
950 949
949 948
948 947
947 946
946 945
945 944
944 943
943 942
942 941
941 940
940 939
939 938
938 937
937 936
936 935
935 934
934 933
933 932
932 931
931 930
930 929
929 928
928 927
927 926
926 925
925 924
924 923
923 922
922 921
921 920
920 919
919 918
918 917
917 916
916 915
915 914
914 913
913 912
912 911
911 910
910 909
909 908
908 907
907 906
906 905
905 904
904 903
903 902
902 901
901 900
900 899
899 898
898 897
897 896
896 895
895 894
894 893
893 892
892 891
891 890
890 889
889 888
888 887
887 886
886 885
885 884
884 883
883 882
882 881
881 880
880 879
879 878
878 877
877 876
876 875
875 874
874 873
873 872
872 871
871 870
870 869
869 868
868 867
867 866
866 865
865 864
864 863
863 862
862 861
861 860
860 859
859 858
858 857
857 856
856 855
855 854
854 853
853 852
852 851
851 850
850 849
849 848
848 847
847 846
846 845
845 844
844 843
843 842
842 841
841 840
840 839
839 838
838 837
837 836
836 835
835 834
834 833
833 832
832 831
831 830
830 829
829 828
828 827
827 826
826 825
825 824
824 823
823 822
822 821
821 820
820 819
819 818
818 817
817 816
816 815
815 814
814 813
813 812
812 811
811 810
810 809
809 808
808 807
807 806
806 805
805 804
804 803
803 802
802 801
801 800
800 799
799 798
798 797
797 796
796 795
795 794
794 793
793 792
792 791
791 790
790 789
789 788
788 787
787 786
786 785
785 784
784 783
783 782
782 781
781 780
780 779
779 778
778 777
777 776
776 775
775 774
774 773
773 772
772 771
771 770
770 769
769 768
768 767
767 766
766 765
765 764
764 763
763 762
762 761
761 760
760 759
759 758
758 757
757 756
756 755
755 754
754 753
753 752
752 751
751 750
750 749
749 748
748 747
747 746
746 745
745 744
744 743
743 742
742 741
741 740
740 739
739 738
738 737
737 736
736 735
735 734
734 733
733 732
732 731
731 730
730 729
729 728
728 727
727 726
726 725
725 724
724 723
723 722
722 721
721 720
720 719
719 718
718 717
717 716
716 715
715 714
714 713
713 712
712 711
711 710
710 709
709 708
708 707
707 706
706 705
705 704
704 703
703 702
702 701
701 700
700 699
699 698
698 697
697 696
696 695
695 694
694 693
693 692
692 691
691 690
690 689
689 688
688 687
687 686
686 685
685 684
684 683
683 682
682 681
681 680
680 679
679 678
678 677
677 676
676 675
675 674
674 673
673 672
672 671
671 670
670 669
669 668
668 667
667 666
666 665
665 664
664 663
663 662
662 661
661 660
660 659
659 658
658 657
657 656
656 655
655 654
654 653
653 652
652 651
651 650
650 649
649 648
648 647
647 646
646 645
645 644
644 643
643 642
642 641
641 640
640 639
639 638
638 637
637 636
636 635
635 634
634 633
633 632
632 631
631 630
630 629
629 628
628 627
627 626
626 625
625 624
624 623
623 622
622 621
621 620
620 619
619 618
618 617
617 616
616 615
615 614
614 613
613 612
612 611
611 610
610 609
609 608
608 607
607 606
606 605
605 604
604 603
603 602
602 601
601 600
600 599
599 598
598 597
597 596
596 595
595 594
594 593
593 592
592 591
591 590
590 589
589 588
588 587
587 586
586 585
585 584
584 583
583 582
582 581
581 580
580 579
579 578
578 577
577 576
576 575
575 574
574 573
573 572
572 571
571 570
570 569
569 568
568 567
567 566
566 565
565 564
564 563
563 562
562 561
561 560
560 559
559 558
558 557
557 556
556 555
555 554
554 553
553 552
552 551
551 550
550 549
549 548
548 547
547 546
546 545
545 544
544 543
543 542
542 541
541 540
540 539
539 538
538 537
537 536
536 535
535 534
534 533
533 532
532 531
531 530
530 529
529 528
528 527
527 526
526 525
525 524
524 523
523 522
522 521
521 520
520 519
519 518
518 517
517 516
516 515
515 514
514 513
513 512
512 511
511 510
510 509
509 508
508 507
507 506
506 505
505 504
504 503
503 502
502 501
501 500
500 499
499 498
498 497
497 496
496 495
495 494
494 493
493 492
492 491
491 490
490 489
489 488
488 487
487 486
486 485
485 484
484 483
483 482
482 481
481 480
480 479
479 478
478 477
477 476
476 475
475 474
474 473
473 472
472 471
471 470
470 469
469 468
468 467
467 466
466 465
465 464
464 463
463 462
462 461
461 460
460 459
459 458
458 457
457 456
456 455
455 454
454 453
453 452
452 451
451 450
450 449
449 448
448 447
447 446
446 445
445 444
444 443
443 442
442 441
441 440
440 439
439 438
438 437
437 436
436 435
435 434
434 433
433 432
432 431
431 430
430 429
429 428
428 427
427 426
426 425
425 424
424 423
423 422
422 421
421 420
420 419
419 418
418 417
417 416
416 415
415 414
414 413
413 412
412 411
411 410
410 409
409 408
408 407
407 406
406 405
405 404
404 403
403 402
402 401
401 400
400 399
399 398
398 397
397 396
396 395
395 394
394 393
393 392
392 391
391 390
390 389
389 388
388 387
387 386
386 385
385 384
384 383
383 382
382 381
381 380
380 379
379 378
378 377
377 376
376 375
375 374
374 373
373 372
372 371
371 370
370 369
369 368
368 367
367 366
366 365
365 364
364 363
363 362
362 361
361 360
360 359
359 358
358 357
357 356
356 355
355 354
354 353
353 352
352 351
351 350
350 349
349 348
348 347
347 346
346 345
345 344
344 343
343 342
342 341
341 340
340 339
339 338
338 337
337 336
336 335
335 334
334 333
333 332
332 331
331 330
330 329
329 328
328 327
327 326
326 325
325 324
324 323
323 322
322 321
321 320
320 319
319 318
318 317
317 316
316 315
315 314
314 313
313 312
312 311
311 310
310 309
309 308
308 307
307 306
306 305
305 304
304 303
303 302
302 301
301 300
300 299
299 298
298 297
297 296
296 295
295 294
294 293
293 292
292 291
291 290
290 289
289 288
288 287
287 286
286 285
285 284
284 283
283 282
282 281
281 280
280 279
279 278
278 277
277 276
276 275
275 274
274 273
273 272
272 271
271 270
270 269
269 268
268 267
267 266
266 265
265 264
264 263
263 262
262 261
261 260
260 259
259 258
258 257
257 256
256 255
255 254
254 253
253 252
252 251
251 250
250 249
249 248
248 247
247 246
246 245
245 244
244 243
243 242
242 241
241 240
240 239
239 238
238 237
237 236
236 235
235 234
234 233
233 232
232 231
231 230
230 229
229 228
228 227
227 226
226 225
225 224
224 223
223 222
222 221
221 220
220 219
219 218
218 217
217 216
216 215
215 214
214 213
213 212
212 211
211 210
210 209
209 208
208 207
207 206
206 205
205 204
204 203
203 202
202 201
201 200
200 199
199 198
198 197
197 196
196 195
195 194
194 193
193 192
192 191
191 190
190 189
189 188
188 187
187 186
186 185
185 184
184 183
183 182
182 181
181 180
180 179
179 178
178 177
177 176
176 175
175 174
174 173
173 172
172 171
171 170
170 169
169 168
168 167
167 166
166 165
165 164
164 163
163 162
162 161
161 160
160 159
159 158
158 157
157 156
156 155
155 154
154 153
153 152
152 151
151 150
150 149
149 148
148 147
147 146
146 145
145 144
144 143
143 142
142 141
141 140
140 139
139 138
138 137
137 136
136 135
135 134
134 133
133 132
132 131
131 130
130 129
129 128
128 127
127 126
126 125
125 124
124 123
123 122
122 121
121 120
120 119
119 118
118 117
117 116
116 115
115 114
114 113
113 112
112 111
111 110
110 109
109 108
108 107
107 106
106 105
105 104
104 103
103 102
102 101
101 100
100 99
99 98
98 97
97 96
96 95
95 94
94 93
93 92
92 91
91 90
90 89
89 88
88 87
87 86
86 85
85 84
84 83
83 82
82 81
81 80
80 79
79 78
78 77
77 76
76 75
75 74
74 73
73 72
72 71
71 70
70 69
69 68
68 67
67 66
66 65
65 64
64 63
63 62
62 61
61 60
60 59
59 58
58 57
57 56
56 55
55 54
54 53
53 52
52 51
51 50
50 49
49 48
48 47
47 46
46 45
45 44
44 43
43 42
42 41
41 40
40 39
39 38
38 37
37 36
36 35
35 34
34 33
33 32
32 31
31 30
30 29
29 28
28 27
27 26
26 25
25 24
24 23
23 22
22 21
21 20
20 19
19 18
18 17
17 16
16 15
15 14
14 13
13 12
12 11
11 10
10 9
9 8
8 7
7 6
6 5
5 4
4 3
3 2
2 1
18
13 14
14 15
11 18
13 11
8 2
4 2
6 4
9 1
10 3
18 6
3 7
7 8
12 12
17 1
15 9
5 16
17 16
10 5
11
8 8
1 11
5 10
3 9
5 10
2 4
2 9
7 4
6 7
11 6
3 1
12
10 8
1 11
7 3
11 2
4 5
7 6
9 4
6 1
10 5
8 2
12 3
9 12
14
12 11
8 5
4 14
2 7
1 7
14 3
12 6
6 4
1 10
2 13
9 11
8 5
10 9
3 13
13
11 4
4 5
13 9
6 5
10 2
1 10
11 3
3 7
12 13
6 8
12 8
9 2
7 1
11
4 5
8 7
10 6
11 6
11 1
5 9
4 3
1 7
10 8
3 2
9 2
19
19 11
7 13
18 3
9 7
15 2
13 8
6 16
9 1
17 8
14 18
19 17
10 16
11 3
14 12
5 6
1 4
4 12
10 15
5 2
16
14 3
9 13
8 4
4 16
2 9
3 2
15 15
6 7
1 7
8 5
10 12
1 12
13 6
10 11
14 5
16 11
20
18 14
10 5
1 6
2 15
20 5
3 2
15 7
4 17
9 4
16 14
8 12
16 1
3 19
11 11
19 6
18 9
13 13
20 7
10 12
8 17
15
8 5
1 2
3 11
15 9
1 10
7 4
14 11
13 15
14 7
2 13
5 9
8 6
4 12
10 6
12 3
18
12 6
14 10
12 9
14 2
3 4
10 11
6 17
8 4
1 11
15 7
18 16
16 5
7 1
13 8
15 17
18 5
9 3
2 13
18
3 5
1 11
14 17
8 10
13 9
15 3
11 7
7 13
16 16
18 15
6 2
18 2
8 9
17 12
1 10
12 4
14 6
4 5
19
8 2
18 15
8 4
16 5
9 4
5 10
19 3
1 1
19 6
14 7
2 17
13 13
16 10
3 18
11 11
12 7
15 6
14 17
12 9
138
84 39
9 119
95 91
122 101
100 53
118 79
61 33
83 23
42 92
60 46
71 9
132 82
98 50
57 1
128 7
105 70
56 16
90 36
18 113
69 109
58 67
13 68
102 17
100 74
95 72
123 64
30 114
45 62
25 77
81 129
108 96
59 127
10 82
46 123
49 131
132 55
22 121
121 11
93 94
3 26
28 136
21 109
48 54
56 40
35 89
102 107
66 99
10 40
104 7
135 85
50 77
90 63
78 86
84 72
8 14
66 38
128 47
43 31
31 44
20 88
35 52
87 107
55 73
65 36
126 5
57 43
134 37
2 91
125 32
97 21
111 138
70 85
4 27
6 11
71 8
49 89
110 3
127 136
51 80
103 53
62 1
4 83
28 74
34 47
133 99
106 27
24 129
32 34
15 120
115 48
122 126
5 112
6 113
118 78
23 38
76 64
41 51
52 112
22 108
18 65
44 133
20 137
103 117
96 92
25 97
75 135
117 130
125 94
137 75
81 104
131 124
60 19
119 134
29 12
106 17
30 115
41 61
110 105
80 16
33 45
138 29
98 26
79 101
130 116
69 54
13 63
86 68
111 2
116 24
37 14
67 93
59 39
73 76
12 19
120 87
15 124
58 114
42 88
13
1 13
13 12
12 11
11 10
10 9
9 8
8 7
7 6
6 5
5 4
4 3
3 2
2 1
18
13 14
1 9
7 3
6 14
2 11
16 2
13 8
9 8
11 5
17 12
7 15
5 10
17 18
16 6
18 12
1 3
10 4
15 4
12
2 11
8 12
9 12
3 7
1 5
7 8
11 2
3 5
1 10
6 4
10 4
9 6
19
11 8
17 17
5 10
19 7
6 13
11 15
14 18
13 9
14 18
4 12
19 12
16 8
7 1
3 1
2 15
10 6
4 5
2 3
16 9
14
13 9
3 12
5 11
4 13
14 1
6 4
7 1
8 3
14 2
12 10
10 7
11 8
5 9
2 6
15
3 4
5 9
9 11
1 7
10 13
6 14
7 10
11 14
15 8
13 8
5 3
12 1
2 4
12 6
2 15
12
6 10
10 12
5 3
9 7
8 12
6 11
2 4
11 5
1 7
4 2
1 9
3 8
15
9 7
9 6
13 12
3 10
8 15
14 5
13 6
4 2
1 15
2 1
11 8
4 11
7 5
10 14
12 3
14
3 11
5 1
8 12
6 2
13 9
11 3
14 14
4 7
10 6
12 5
10 4
9 1
7 2
13 8
17
8 9
16 11
2 10
12 15
5 5
10 6
9 16
13 7
7 6
3 1
2 13
1 14
17 15
17 8
4 4
14 3
11 12
20
9 5
12 14
16 3
17 11
12 10
18 5
15 19
20 2
4 10
8 20
1 9
8 6
4 2
15 6
13 13
16 18
19 17
11 14
7 1
3 7
63
21 14
1 42
3 18
28 60
31 55
24 55
62 22
18 5
11 60
10 30
50 59
39 33
59 36
26 36
44 30
19 41
62 6
11 15
38 5
7 58
47 27
34 51
53 19
29 23
17 42
51 27
25 61
3 2
63 50
32 20
35 48
13 52
8 12
7 48
24 9
10 54
6 38
58 15
56 49
12 23
44 20
31 41
39 37
56 4
13 29
35 57
34 1
22 43
14 49
45 8
45 32
26 61
57 28
16 9
43 46
4 53
21 25
54 40
63 46
37 40
2 17
16 52
47 33
16
15 4
3 8
8 6
7 5
10 9
4 13
7 12
1 16
5 2
11 16
3 11
14 14
1 6
12 2
15 13
9 10
11
6 11
5 4
6 1
4 2
1 10
9 2
8 5
8 7
3 11
9 10
3 7
16
7 8
16 8
15 7
2 9
5 13
12 1
10 14
16 11
5 6
6 4
14 2
13 10
15 11
9 3
4 1
12 3
20
4 13
3 18
15 6
2 9
13 8
12 19
16 10
18 12
2 16
3 19
6 1
17 10
7 11
1 4
5 20
15 7
5 8
11 20
17 14
14 9
20
3 18
4 9
15 7
14 12
10 16
8 2
16 11
6 1
7 17
19 11
5 3
9 8
18 19
13 15
4 1
14 17
5 6
10 20
20 12
2 13
15
8 6
9 3
1 11
12 7
1 11
7 14
5 2
4 15
9 2
10 10
3 15
13 5
14 12
13 6
8 4
12
10 1
2 9
7 3
5 10
12 1
11 6
8 5
12 2
11 9
6 7
4 3
4 8
18
15 15
5 10
1 10
4 6
17 12
16 7
11 13
2 8
2 3
5 9
8 1
14 14
16 9
4 7
18 12
13 18
11 6
3 17
19
9 15
12 1
11 19
4 7
18 2
10 14
13 4
18 8
15 10
1 5
6 16
8 3
17 2
12 3
16 19
6 7
14 13
17 5
11 9
18
11 12
8 18
4 8
5 13
2 9
2 7
1 6
16 13
4 3
12 17
5 16
14 17
15 10
1 14
7 18
6 9
11 15
3 10
18
6 5
15 9
15 2
7 16
11 12
9 2
1 10
8 11
5 13
8 6
17 1
4 18
16 4
10 14
12 3
18 3
7 14
17 13
13
8 11
4 7
2 11
13 5
10 1
10 9
12 3
5 6
9 6
2 13
7 8
12 4
1 3
11
4 6
7 11
2 3
9 8
4 11
5 5
2 8
10 10
3 1
1 6
9 7
12
5 6
9 3
11 8
12 7
3 6
2 1
7 9
1 10
4 8
5 11
2 4
12 10
3
1 3
2 1
3 2
18
8 16
11 15
6 12
17 18
9 2
4 10
17 5
10 13
8 1
13 5
18 2
7 3
3 14
14 1
16 4
9 11
15 6
12 7
19
4 7
15 16
14 12
6 13
5 8
17 2
1 8
17 16
9 9
12 6
11 3
18 15
13 1
7 4
19 11
19 5
10 14
18 10
3 2
18
7 6
15 17
10 16
2 4
9 12
11 5
8 18
14 17
12 16
10 1
3 8
5 4
1 6
18 15
11 9
3 2
7 13
13 14
20
1 2
12 19
20 5
13 13
15 17
5 15
17 4
11 3
8 16
18 12
16 18
6 2
7 7
4 14
11 20
3 9
10 14
1 8
19 6
10 9
19
4 5
17 12
15 16
2 19
11 7
16 7
9 18
8 11
4 2
9 5
14 13
19 3
13 8
10 6
1 17
12 3
14 1
10 15
6 18
19
7 8
1 6
3 1
9 4
8 15
10 7
2 15
19 18
5 14
16 10
12 17
11 16
2 18
13 14
9 17
12 13
5 4
6 19
11 3
13
12 4
13 10
12 11
8 5
6 9
2 3
1 7
4 10
2 13
8 9
7 3
11 6
5 1
14
5 8
14 2
3 12
4 1
13 11
4 6
9 14
12 13
2 9
11 5
10 10
8 1
7 7
3 6
18
15 2
16 10
4 12
5 15
11 6
5 7
2 3
12 18
7 8
3 8
9 10
13 4
9 14
16 11
14 6
17 18
1 1
17 13
14
12 2
6 10
14 5
13 13
7 4
7 5
4 8
1 12
14 3
8 1
2 10
3 9
11 6
9 11
128
29 40
113 38
4 113
48 97
127 42
29 54
123 99
12 47
50 69
80 88
38 72
60 49
128 112
4 94
31 97
85 90
89 107
6 20
98 105
99 108
39 44
120 117
16 51
79 66
34 65
104 102
108 73
62 34
63 126
33 7
11 102
125 91
30 64
96 114
117 43
77 3
83 80
121 55
65 111
56 27
37 45
119 82
53 66
21 17
68 94
91 20
75 10
32 128
93 10
101 87
71 85
52 7
22 110
47 58
41 124
24 60
5 9
120 8
57 125
35 58
105 3
69 75
26 43
110 83
50 19
79 64
54 26
127 123
84 118
107 46
84 92
32 14
18 16
17 61
122 100
12 22
23 59
78 116
24 92
57 81
68 115
36 73
2 25
42 126
21 96
90 118
49 121
67 37
13 8
55 15
111 6
15 11
33 74
18 109
9 25
40 70
77 67
103 114
72 31
109 78
30 14
5 44
95 56
104 116
95 101
106 41
62 71
45 39
119 98
122 87
61 93
124 115
2 13
82 46
59 52
35 1
28 53
76 100
103 1
70 63
81 76
28 23
106 74
86 36
48 89
27 112
19 51
88 86
15
3 4
14 6
6 1
12 13
8 11
12 9
5 4
7 10
2 2
15 14
10 8
1 5
15 11
13 7
9 3
16
13 4
12 4
5 8
11 6
5 3
7 16
2 12
13 14
1 10
7 15
15 2
6 3
1 10
9 11
8 9
16 14
17
12 8
2 6
16 9
9 17
5 5
15 6
11 16
13 3
8 17
14 1
15 3
7 10
7 11
4 4
12 14
1 10
13 2
17
1 6
6 16
1 10
10 9
3 14
4 7
8 17
4 16
2 5
2 5
3 14
7 9
15 8
13 12
15 11
13 12
17 11
13
8 7
8 7
1 9
6 4
2 10
9 10
5 2
11 13
3 12
3 4
5 6
1 13
11 12
124
47 7
73 73
116 52
68 83
37 72
54 120
29 75
94 8
43 80
67 96
30 5
106 95
124 57
89 114
83 100
94 16
66 104
48 91
108 90
76 85
34 22
107 12
61 98
111 45
120 32
27 48
100 121
77 92
38 118
53 8
102 41
39 47
54 13
36 3
51 62
44 36
96 20
90 6
105 18
86 81
79 88
35 50
71 58
40 25
109 38
4 76
56 82
85 42
3 101
108 64
97 42
62 119
98 12
74 92
82 77
24 116
37 28
51 109
15 21
67 99
19 52
10 89
32 103
41 118
93 103
4 121
22 84
75 45
18 17
65 35
46 70
113 14
88 44
123 29
124 14
80 106
26 26
123 5
59 72
110 99
112 11
17 74
93 40
105 13
49 84
117 31
102 23
9 115
104 111
70 117
31 24
20 23
50 25
56 55
78 34
91 101
27 59
112 53
71 39
58 97
16 55
122 15
68 81
115 87
107 63
60 28
69 114
10 9
11 78
95 110
63 21
33 2
33 7
87 43
2 119
65 66
61 30
113 46
60 86
122 64
6 57
19 79
1 1
49 69
11
6 7
7 5
5 4
2 1
9 10
3 2
1 8
9 8
10 11
6 11
3 4
10
1 8
3 6
9 4
10 6
8 7
10 4
5 3
1 2
7 2
9 5
10
2 4
5 3
2 7
1 7
10 5
1 6
4 3
8 9
6 8
10 9
131
11 15
129 26
92 110
76 5
6 104
67 18
1 54
23 93
4 91
69 117
19 104
49 65
40 103
107 63
14 67
36 75
68 11
3 48
32 13
24 123
73 82
126 44
17 60
16 37
131 74
39 129
127 66
86 106
84 14
41 107
51 114
7 58
105 1
64 15
128 90
105 66
83 71
94 131
79 64
100 28
95 21
47 35
40 101
31 27
8 4
39 86
120 42
8 84
77 2
109 53
21 16
96 48
34 45
111 99
20 41
94 38
88 57
35 116
9 29
37 81
108 47
56 53
13 87
7 44
71 36
68 9
126 25
51 20
92 118
24 82
85 109
46 52
122 112
31 95
115 103
70 22
98 72
89 91
12 54
111 33
23 65
55 69
89 19
5 28
110 50
49 121
93 113
72 6
118 61
29 17
112 120
124 60
87 70
96 124
32 114
46 80
115 27
98 85
12 76
38 30
25 18
61 30
106 102
123 130
22 79
78 63
80 45
113 42
43 116
108 57
125 102
97 97
62 59
74 2
100 73
122 10
56 101
130 90
117 52
62 78
43 88
26 75
83 119
3 55
99 128
33 125
50 58
121 34
77 119
127 81
10 59
20
9 9
8 11
18 16
19 7
2 17
12 15
17 14
5 1
18 6
10 16
4 13
1 19
4 2
15 11
20 14
3 8
20 6
10 5
13 12
7 3
11
2 9
5 10
6 11
6 3
3 4
10 9
11 8
1 7
2 7
4 1
8 5
17
1 17
17 13
4 12
1 13
5 15
14 11
6 3
9 8
7 6
2 3
5 4
15 14
16 2
8 16
12 7
10 9
11 10
1000
185 886
631 862
72 299
719 689
474 793
998 695
483 63
610 533
841 907
640 534
376 560
455 109
424 133
859 10
577 756
824 159
734 974
53 160
227 103
89 608
205 778
54 965
150 432
360 638
478 105
362 670
663 996
9 264
987 68
306 803
3 215
733 705
370 524
983 492
315 601
248 625
484 476
80 350
302 877
455 200
587 147
390 803
95 424
93 463
744 189
729 618
641 150
993 234
864 418
96 8
465 49
196 600
127 110
237 559
994 318
745 636
544 796
662 741
265 642
428 287
46 32
542 877
968 983
634 369
12 104
23 693
250 589
206 651
493 188
102 357
219 324
969 816
208 846
705 543
175 550
583 432
136 184
483 527
199 690
999 646
976 786
879 654
41 574
734 817
271 533
593 390
266 141
137 339
149 551
166 958
580 334
286 105
681 567
628 712
894 335
842 619
36 301
749 433
753 517
866 696
402 16
17 743
847 240
553 792
421 223
929 413
600 59
313 92
626 598
348 213
442 976
873 706
383 540
488 777
612 692
383 168
527 923
84 427
352 243
220 252
836 37
216 860
187 312
127 723
201 756
525 35
637 724
351 844
152 267
631 770
666 776
91 925
230 924
406 588
246 576
128 118
19 536
21 741
354 62
701 180
747 531
510 472
709 953
258 297
675 23
972 167
181 913
828 625
584 617
487 301
897 369
259 704
20 346
74 906
840 17
179 563
515 798
569 937
903 429
581 43
748 375
585 880
930 70
416 420
373 842
622 283
892 182
257 562
874 20
450 773
835 791
262 231
514 964
641 367
612 376
380 865
559 653
469 154
656 921
965 378
184 720
6 243
800 683
643 398
310 195
28 505
251 18
988 755
481 66
174 955
220 92
399 727
224 542
649 469
489 750
602 754
546 909
974 4
387 285
314 214
448 868
833 338
75 546
31 813
978 729
180 805
356 801
767 191
517 91
592 256
263 632
828 273
2 466
898 26
440 872
736 454
436 754
895 400
439 85
363 225
154 572
126 715
477 765
257 990
268 202
327 939
520 32
340 955
980 994
630 971
606 800
236 133
838 95
87 736
282 295
996 108
960 963
122 358
582 385
473 329
758 853
832 7
256 671
217 342
512 499
904 119
30 280
916 338
247 501
949 557
340 497
450 518
131 901
601 136
276 878
194 219
732 723
363 378
905 832
912 44
379 964
404 411
630 629
156 775
925 785
784 895
783 93
594 932
365 811
719 361
860 930
997 812
288 53
989 682
508 49
304 664
552 181
222 619
371 253
778 529
278 657
82 861
500 27
52 246
410 445
535 647
401 908
55 927
896 291
163 566
999 747
294 648
441 886
431 694
120 971
491 655
584 685
286 98
407 135
408 967
883 665
77 715
360 701
193 615
282 56
633 97
274 63
790 620
670 959
938 766
31 627
186 155
492 858
594 874
702 711
113 674
290 915
568 388
261 427
237 15
185 642
175 239
512 318
64 864
264 153
28 98
215 38
114 624
856 917
81 442
295 100
889 495
21 71
730 12
573 465
496 703
130 945
635 39
639 171
395 957
772 700
655 203
7 293
540 629
171 309
218 794
143 761
467 68
958 685
645 856
716 692
664 42
460 471
59 605
48 522
435 448
359 633
954 345
979 9
900 982
850 210
107 226
191 330
163 417
770 783
939 673
995 140
140 826
792 115
564 221
984 503
482 52
368 616
534 327
275 190
470 740
103 306
791 67
781 595
836 507
992 795
389 764
5 661
962 65
172 744
183 763
935 653
123 547
66 613
372 667
622 160
267 194
272 973
682 982
464 566
299 208
558 927
119 67
569 919
196 916
555 884
164 893
759 514
379 480
698 950
892 822
496 368
769 603
604 768
198 275
307 129
242 668
131 946
772 714
325 572
25 332
35 587
27 423
549 331
76 586
941 789
548 463
681 724
674 748
398 867
419 193
661 763
847 626
372 38
480 967
134 704
648 197
384 439
686 923
588 233
60 1
790 713
808 959
144 177
852 56
240 991
24 970
16 495
245 934
837 459
375 25
57 197
948 280
827 615
221 161
857 253
654 728
591 614
135 539
933 972
132 393
347 333
498 69
415 788
172 328
780 956
781 438
71 294
684 513
321 479
316 687
679 890
585 304
239 499
611 259
410 152
99 454
413 40
444 854
224 433
827 698
838 393
782 771
15 947
311 891
178 597
431 245
814 975
61 575
386 765
809 18
396 986
985 344
943 881
222 244
502 935
872 287
650 577
192 920
578 289
888 64
773 771
608 481
391 173
564 652
411 494
862 55
333 621
207 526
746 743
537 456
382 157
458 949
774 456
851 126
396 86
88 414
834 270
913 209
977 552
831 459
830 795
311 201
355 806
957 970
646 579
589 623
349 634
19 823
998 341
408 779
130 216
40 123
223 415
751 14
537 951
47 374
422 885
70 397
816 449
207 451
236 926
262 488
485 211
660 99
673 33
774 471
519 550
516 929
921 954
867 824
598 377
265 797
314 1000
764 596
36 968
683 138
678 269
680 446
232 768
229 323
426 759
884 33
762 735
90 293
649 88
278 531
893 820
549 118
218 146
511 941
2 799
403 521
81 902
317 556
479 206
298 918
647 51
644 249
272 635
722 170
158 138
505 504
766 114
980 462
78 814
991 452
985 362
335 922
351 590
675 984
203 815
400 595
230 568
881 165
548 876
381 155
538 252
777 806
707 300
418 210
761 317
37 86
75 840
102 826
277 637
178 116
260 285
461 834
896 936
555 157
737 392
928 284
323 274
124 139
833 981
182 58
100 574
709 981
80 576
808 467
918 34
590 443
662 453
502 417
907 199
405 541
395 205
263 350
541 125
830 710
466 303
303 403
97 658
804 952
354 731
117 966
708 560
829 143
525 819
235 812
291 579
563 355
575 232
627 110
296 441
13 332
660 328
794 906
13 684
482 659
82 532
331 189
65 228
121 868
658 863
434 276
394 951
87 268
799 364
11 79
922 952
592 346
713 865
241 962
44 389
29 57
381 359
596 749
712 366
226 609
753 319
526 83
990 430
292 573
691 797
78 665
46 821
137 742
755 151
919 947
688 324
556 169
946 597
458 145
444 213
854 920
48 494
200 490
659 582
115 975
473 89
937 760
852 591
255 950
366 50
718 780
382 586
50 909
961 942
159 551
882 437
613 344
776 374
696 639
437 737
430 677
211 801
468 129
162 321
614 315
435 914
10 798
993 979
690 233
610 373
336 518
370 843
818 758
447 822
751 190
779 112
41 139
522 545
899 341
848 699
554 22
405 725
784 343
308 34
703 279
361 956
320 680
995 618
944 945
371 897
302 228
789 936
887 122
677 565
689 204
348 757
769 640
177 710
667 857
940 793
487 312
29 620
616 457
296 407
987 51
593 112
101 107
557 202
214 802
156 825
813 414
273 986
708 878
845 43
821 932
571 120
581 524
578 24
279 39
732 718
810 926
121 339
54 270
699 519
869 760
562 565
890 902
319 391
166 880
914 570
4 810
384 438
611 843
602 623
151 904
141 787
807 730
330 740
739 486
357 229
509 101
567 687
717 254
726 380
599 844
894 997
453 721
632 281
819 84
460 250
767 839
943 809
509 695
721 523
727 153
22 313
669 422
242 283
167 244
855 445
69 888
337 835
402 607
79 475
823 142
707 558
457 149
746 735
106 124
636 148
757 356
425 553
470 148
820 788
825 251
416 146
489 706
269 745
580 656
883 179
476 720
108 62
515 583
461 343
679 966
638 436
477 978
750 484
678 165
419 238
624 475
644 561
255 451
528 973
910 173
401 8
504 911
688 58
722 289
871 337
802 284
387 858
176 762
853 815
336 277
668 900
804 249
606 116
231 501
386 938
349 841
671 839
234 645
901 536
423 388
394 700
462 607
544 538
142 961
547 497
490 807
474 169
412 829
111 621
305 742
511 452
342 543
915 686
508 322
676 145
782 94
290 94
960 297
931 421
905 212
186 440
870 545
885 666
358 652
113 158
609 14
796 643
1 697
493 851
134 889
663 85
879 309
399 694
500 876
523 928
875 528
353 305
225 412
385 506
364 716
539 209
491 300
392 739
942 1000
72 227
532 940
238 917
170 506
669 912
176 738
468 174
837 334
443 183
288 326
603 738
733 106
162 714
485 571
377 948
849 604
875 787
406 861
931 271
298 96
192 254
513 717
3 848
446 775
310 478
42 731
911 198
428 188
104 73
125 187
988 516
650 805
365 429
498 850
11 831
503 887
863 507
320 352
672 258
953 510
599 870
266 247
934 472
691 651
855 195
605 316
426 899
702 409
74 903
726 657
307 529
693 404
908 869
5 617
367 26
628 73
128 535
486 697
846 570
530 521
924 561
891 873
859 520
45 449
204 30
933 325
147 963
882 45
849 944
281 132
83 6
676 818
77 409
212 261
530 353
464 434
711 117
425 347
144 168
817 326
554 752
161 989
898 308
786 329
61 845
241 672
447 725
60 248
420 345
992 322
785 235
292 109
969 752
260 76
866 977
728 811
397 164
217 47
90 111
871 910
5
1 5
5 4
4 3
3 2
2 1
5
1 2
3 5
4 3
5 4
1 2
14
4 12
14 4
6 14
7 8
2 10
2 7
11 3
1 3
6 8
13 13
5 1
12 10
9 5
11 9
3
1 1
2 2
3 3
5
1 2
3 5
4 3
1 4
5 2
10
1 8
6 7
7 9
6 3
1 5
8 10
10 4
4 3
2 2
5 9
16
8 5
6 14
11 10
7 4
8 7
3 9
10 1
3 13
2 1
15 13
9 14
15 6
5 11
12 12
4 16
16 2
19
16 5
8 3
9 10
1 10
17 19
15 12
15 7
18 3
7 5
14 6
13 8
9 1
2 12
13 11
17 14
2 11
18 6
4 19
4 16
20
9 1
19 18
16 11
3 4
4 8
13 20
2 10
10 18
1 3
7 12
7 9
5 16
19 6
6 20
14 15
2 11
14 12
13 8
15 5
17 17
14
6 4
1 12
14 10
12 9
2 2
6 14
11 7
5 9
11 1
4 13
10 3
8 7
8 13
5 3
16
13 16
1 1
3 8
11 16
9 7
15 3
12 2
5 9
10 14
13 8
7 6
5 15
4 14
2 10
6 4
11 12
0
