yes
2 5 7 3 4 6
no
yes
3 2 4 5 7 6
yes
2
yes
2 3
yes
2 8 12 7 27 11 17 16 19 22 3 4 5 18 20 24 14 23 26 6 28 15 25 13 10 9 21
yes
2 3 4 6 5 7 8 14 9 12 13 10 22 11 15 18 16 17 19 20 24 21 27 23 25 26 28
no
yes
2 8 4 3 83 101 81 5 27 15 55 25 91 71 28 48 23 6 72 42 36 18 52 37 58 79 51 9 67 70 50 64 77 61 12 68 57 16 59 11 7 17 21 98 97 73 90 60 30 76 66 86 29 26 24 35 54 82 33 89 43 19 20 49 63 93 40 44 10 69 39 45 41 78 31 32 46 95 62 74 75 14 34 38 94 99 13 80 22 56 65 100 87 84 96 47 85 88 92 53
yes
2 3 4 13 15 5 12 7 6 8 9 10 26 11 17 28 29 21 31 14 76 16 79 18 22 98 84 93 20 23 82 89 19 24 25 27 30 44 53 37 83 34 33 39 35 49 32 96 36 43 51 38 40 48 52 61 72 50 58 41 70 42 90 94 88 56 45 54 77 46 59 85 100 64 71 87 60 57 47 68 91 86 55 66 92 69 78 73 99 62 97 63 95 65 75 67 74 80 101 81
no
yes
6 17 428 541 528 62 747 160 4 21 7 15 152 618 22 5 427 178 8 13 206 784 14 25 55 44 707 267 513 736 647 858 79 289 81 393 46 23 253 31 612 38 123 70 19 484 76 774 16 191 432 954 88 622 65 585 139 154 68 18 175 128 680 699 29 248 28 164 411 182 583 877 126 42 217 233 373 488 207 310 712 885 354 103 400 728 146 36 844 30 53 142 644 27 424 74 162 155 72 45 392 511 112 475 147 837 489 548 64 687 573 409 2 181 743 840 479 469 692 470 575 339 570 888 640 198 806 9 102 225 521 99 637 831 190 356 12 560 449 39 177 711 242 815 933 937 80 871 50 3 518 960 180 766 254 291 884 690 550 251 101 278 721 48 24 148 276 86 584 327 202 10 266 51 40 222 11 557 870 200 328 49 78 83 693 301 462 951 426 828 193 231 714 897 474 919 651 73 60 313 197 710 553 94 272 804 819 956 85 978 483 273 244 944 578 195 582 34 543 84 835 183 598 111 768 287 946 204 311 892 491 59 77 823 234 577 600 109 143 63 220 825 37 643 216 764 616 35 47 625 295 271 997 886 318 568 194 594 43 280 171 331 909 627 450 681 421 853 380 730 520 110 188 306 69 365 431 507 485 466 56 586 58 185 811 156 813 834 656 467 208 778 224 688 218 121 595 812 131 173 869 285 332 176 89 457 845 98 292 284 533 505 748 847 75 938 757 791 116 906 134 677 665 468 816 481 20 67 115 846 145 26 52 324 639 556 357 581 196 398 717 555 754 849 500 673 589 294 955 965 414 211 61 439 168 387 452 911 104 92 221 471 158 493 788 410 82 135 261 862 210 920 93 660 323 223 574 480 445 416 880 436 803 107 638 347 249 209 683 973 995 334 565 655 243 810 355 775 212 406 119 918 945 262 215 591 252 545 719 186 377 907 617 161 793 996 279 678 120 495 434 510 369 137 241 391 765 277 664 975 727 423 349 281 787 827 71 230 671 105 987 905 417 66 172 199 697 108 359 993 454 330 219 863 959 326 340 403 534 501 189 335 786 881 413 592 308 934 250 448 629 977 320 894 438 542 751 153 336 525 360 346 628 159 514 903 509 383 395 263 337 460 418 701 512 388 773 829 818 382 451 442 620 246 240 800 136 283 322 97 795 554 855 125 378 508 649 401 129 192 756 779 458 735 705 604 667 184 669 864 293 461 132 567 32 609 166 440 746 515 650 801 605 437 588 602 646 140 486 517 695 633 255 654 970 740 169 370 733 366 763 867 610 852 562 476 794 232 980 599 630 785 524 87 57 771 214 984 994 999 561 122 321 606 394 952 389 100 895 904 274 982 319 940 672 865 769 117 363 929 338 90 526 969 976 739 684 124 286 547 297 689 229 269 921 992 619 304 953 167 342 459 963 913 503 700 477 465 455 808 390 422 729 572 796 789 971 114 113 850 893 536 860 544 720 399 375 896 698 33 348 316 282 675 150 441 351 579 948 989 632 559 841 307 127 752 314 385 724 814 753 662 540 817 257 761 807 576 809 590 726 447 372 412 203 623 703 898 941 718 296 464 270 118 876 499 264 621 663 596 942 668 961 213 679 362 41 722 91 652 798 558 790 371 917 96 836 506 496 851 532 523 802 260 144 967 397 239 912 415 539 968 138 974 998 972 826 704 268 805 866 381 165 205 696 265 564 899 368 478 396 682 226 174 939 130 760 433 435 750 587 227 782 925 317 309 659 749 149 910 549 402 694 298 922 964 962 611 713 290 237 163 776 358 666 642 889 936 966 492 345 95 187 157 473 935 624 300 504 856 986 494 883 608 446 839 770 303 772 874 315 615 430 329 407 891 487 305 256 444 686 702 529 981 958 201 374 408 924 151 725 613 631 453 607 653 497 645 758 238 830 235 927 566 443 236 551 571 170 716 661 141 755 1000 379 546 384 744 991 676 580 259 429 900 133 797 352 759 275 732 228 641 691 537 343 419 312 405 873 456 425 887 882 636 842 932 879 915 745 361 908 603 463 54 838 516 179 538 597 706 914 593 734 498 353 843 626 106 923 367 299 634 670 848 302 386 552 685 901 658 916 783 569 288 857 731 780 614 931 420 350 376 482 325 824 983 821 344 943 519 715 947 472 247 990 762 531 822 502 957 799 341 364 738 530 859 950 777 258 709 868 601 333 723 833 820 928 742 861 490 781 635 854 949 832 245 522 741 657 875 404 737 648 979 890 708 674 563 872 930 792 926 878 527 535 767 985 988 902
yes
2 3 4 5 7 6 10 11 8 15 18 12 71 90 24 115 14 13 22 73 32 74 16 25 28 31 92 34 9 17 30 26 49 36 51 38 82 42 104 241 19 284 324 93 54 56 94 55 63 46 172 503 151 664 66 165 29 58 167 80 70 33 113 290 205 265 224 84 47 196 174 111 250 275 228 192 194 348 670 645 281 383 576 75 253 95 406 342 217 848 256 112 102 59 60 169 96 248 87 272 370 201 175 178 268 307 20 53 212 686 338 117 27 215 697 282 273 173 153 35 443 753 293 255 501 436 398 195 458 482 326 340 227 280 21 121 139 144 237 76 316 155 399 384 292 249 417 638 37 52 393 564 91 484 23 190 39 360 40 478 230 177 619 440 325 62 308 116 118 81 663 347 517 45 730 44 845 489 447 61 64 419 462 510 269 50 409 877 850 781 685 367 43 128 441 352 197 639 263 123 883 534 305 223 69 454 700 353 163 586 41 142 551 106 847 126 529 817 199 57 85 181 203 380 83 168 459 107 594 445 944 623 718 965 136 72 79 519 77 150 647 495 705 679 189 761 67 143 179 48 302 688 466 288 418 260 800 772 176 492 385 921 412 209 145 733 381 591 428 467 885 795 356 166 456 608 271 933 721 414 103 86 614 849 496 345 239 65 361 301 465 158 681 488 157 200 266 547 78 627 442 860 193 522 152 331 437 779 569 737 964 289 68 317 105 141 602 479 747 147 171 791 365 261 170 780 97 387 98 745 101 109 587 637 480 628 485 188 218 953 134 160 211 411 744 257 599 286 132 88 366 225 183 311 782 402 566 108 416 891 140 813 763 235 726 184 149 531 577 278 539 837 996 571 220 371 908 502 834 129 274 595 285 138 823 886 613 110 89 506 793 497 378 675 650 124 469 133 362 208 914 515 119 146 214 349 759 917 148 552 805 344 966 279 657 751 588 122 432 585 450 979 137 267 653 429 156 956 656 821 191 835 499 535 723 234 994 728 334 641 120 553 661 182 322 812 131 714 187 633 219 180 981 732 130 607 896 973 801 727 694 706 226 99 247 820 135 404 938 822 616 295 818 870 572 114 127 154 880 296 397 512 796 919 514 604 125 584 229 518 720 803 232 300 855 210 905 798 762 204 634 339 312 540 505 995 354 810 882 725 654 897 359 100 372 483 198 678 806 895 711 546 369 827 804 655 162 955 574 490 831 978 213 911 941 575 985 958 618 990 233 563 629 277 972 159 742 388 161 916 164 610 474 862 682 799 473 258 906 358 231 186 373 863 819 691 438 221 426 624 636 671 832 1000 476 954 270 662 494 471 777 967 778 377 698 579 838 310 236 327 346 924 401 784 942 570 668 974 625 321 202 549 216 666 631 830 794 420 323 951 950 687 842 875 811 945 931 376 313 646 644 185 536 582 620 735 386 680 545 314 962 446 615 407 923 486 596 987 660 902 578 901 998 298 913 738 684 455 808 947 240 598 246 642 889 242 755 431 403 206 992 975 405 259 391 573 509 243 460 244 739 857 710 825 712 715 609 865 940 809 943 839 824 927 912 922 843 560 283 667 333 756 294 878 859 330 394 915 643 363 463 523 264 960 672 983 472 946 699 890 612 303 468 222 695 245 600 561 364 724 375 659 297 776 581 541 389 934 748 968 709 251 909 592 392 991 903 306 395 977 601 743 696 343 498 932 910 969 749 427 963 319 516 750 829 556 605 504 464 580 332 470 826 276 452 207 254 425 622 632 287 773 769 603 874 611 722 507 565 555 500 741 537 318 421 935 754 461 774 752 374 513 630 770 550 430 717 746 351 785 651 867 309 871 341 593 548 433 775 400 590 970 526 299 676 789 621 984 648 904 959 415 926 844 997 390 424 899 846 765 802 328 988 434 937 814 836 928 767 692 893 840 355 559 337 952 961 583 350 929 713 491 949 677 976 649 304 408 989 320 786 525 252 528 828 852 558 674 291 567 336 530 768 683 597 448 329 511 532 936 918 396 873 562 568 787 557 527 626 617 876 413 856 238 740 457 357 783 853 920 410 957 635 315 971 422 423 689 487 716 379 382 435 335 444 731 542 262 652 475 669 980 788 704 481 757 854 606 477 673 702 868 493 453 640 907 816 658 858 449 451 790 703 815 719 864 764 792 986 736 508 368 807 758 439 879 589 524 690 982 898 708 701 861 892 521 734 869 851 930 948 872 939 771 729 866 894 538 993 766 797 665 520 925 707 693 841 881 884 999 833 533 543 887 544 888 900 554 760
no
yes
2 3 4 5 6 7 8 9 10 11 12 13 14 15 16 17 18 19 20 21 22 23 24 25 26 27 28 29 30 31 32 33 34 35 36 37 38 39 40 41 42 43 44 45 46 47 48 49 50 51 52 53 54 55 56 57 58 59 60 61 62 63 64 65 66 67 68 69 70 71 72 73 74 75 76 77 78 79 80 81 82 83 84 85 86 87 88 89 90 91 92 93 94 95 96 97 98 99 100 101 102 103 104 105 106 107 108 109 110 111 112 113 114 115 116 117 118 119 120 121 122 123 124 125 126 127 128 129 130 131 132 133 134 135 136 137 138 139 140 141 142 143 144 145 146 147 148 149 150 151 152 153 154 155 156 157 158 159 160 161 162 163 164 165 166 167 168 169 170 171 172 173 174 175 176 177 178 179 180 181 182 183 184 185 186 187 188 189 190 191 192 193 194 195 196 197 198 199 200 201 202 203 204 205 206 207 208 209 210 211 212 213 214 215 216 217 218 219 220 221 222 223 224 225 226 227 228 229 230 231 232 233 234
yes
2 3 4 5 6 7 8 9 10 11 12 13 14 15 16 17 18 19 20 21 22 23 24 25 26 27 28 29 30 31 32 33 34 35 36 37 38 39 40 41 42 43 44 45 46 47 48 49 50 51 52 53 54 55 56 57 58 59 60 61 62 63 64 65 66 67 68 69 70 71 72 73 74 75 76 77 78 79 80 81 82 83 84 85 86 87 88 89 90 91 92 93 94 95 96 97 98 99 100 101 102 103 104 105 106 107 108 109 110 111 112 113 114 115 116 117 118 119 120 121 122 123 124 125 126 127 128 129 130 131 132 133 134 135 136 137 138 139 140 141 142 143 144 145 146 147 148 149 150 151 152 153 154 155 156 157 158 159 160 161 162 163 164 165 166 167 168 169 170 171 172 173 174 175 176 177 178 179 180 181 182 183 184 185 186 187 188 189 190 191 192 193 194 195 196 197 198 199 200 201 202 203 204 205 206 207 208 209 210 211 212 213 214 215 216 217 218 219 220 221 222 223 224 225 226 227 228 229 230 231 232 233 234 235 236 237 238 239 240 241 242 243 244 245 246 247 248 249 250 251 252 253 254 255 256 257 258 259 260 261 262 263 264 265 266 267 268 269 270 271 272 273 274 275 276 277 278 279 280 281 282 283 284 285 286 287 288 289 290 291 292 293 294 295 296 297 298 299 300 301 302 303 304 305 306 307 308 309 310 311 312 313 314 315 316 317 318 319 320 321 322 323 324 325 326 327 328 329 330 331 332 333 334 335 336 337 338 339 340 341 342 343 344 345 346 347 348 349 350 351 352 353 354 355 356 357 358 359 360 361 362 363 364 365 366 367 368 369 370 371 372 373 374 375 376 377 378 379 380 381 382 383 384 385 386 387 388 389 390 391 392 393 394 395 396 397 398 399 400 401 402 403 404 405 406 407 408 409 410 411 412 413 414 415 416 417 418 419 420 421 422 423 424 425 426 427 428 429 430 431 432 433 434 435 436 437 438 439 440 441 442 443 444 445 446 447 448 449 450 451 452 453 454 455 456 457 458 459 460 461 462 463 464 465 466 467 468 469 470 471 472 473 474 475 476 477 478 479 480 481 482 483 484 485 486 487 488 489 490 491 492 493 494 495 496 497 498 499 500 501 502 503 504 505 506 507 508 509 510 511 512 513 514 515 516 517 518 519 520 521 522 523 524 525 526 527 528 529 530 531 532 533 534 535 536 537 538 539 540 541 542 543 544 545 546 547 548 549 550 551 552 553 554 555 556 557 558 559 560 561 562 563 564 565 566 567 568 569 570 571 572 573 574 575 576 577 578 579 580 581 582 583 584 585 586 587 588 589 590 591 592 593 594 595 596 597 598 599 600 601 602 603 604 605 606 607 608 609 610 611 612 613 614 615 616 617 618 619 620 621 622 623 624 625 626 627 628 629 630 631 632 633 634 635 636 637 638 639 640 641 642 643 644 645 646 647 648 649 650 651 652 653 654 655 656 657 658 659 660 661 662 663 664 665 666 667 668 669 670 671 672 673 674 675 676 677 678 679 680 681 682 683 684 685 686 687 688 689 690 691 692 693 694 695 696 697 698 699 700 701 702 703 704 705 706 707 708 709 710 711 712 713 714 715 716 717 718 719 720 721 722 723 724 725 726 727 728 729 730 731 732 733 734 735 736 737 738 739 740 741 742 743 744 745 746 747 748 749 750 751 752 753 754 755 756 757 758 759 760 761 762 763 764 765 766 767 768 769 770 771 772 773 774 775 776 777 778 779 780 781 782 783 784 785 786 787 788 789 790 791 792 793 794 795 796 797 798 799 800 801 802 803 804 805 806 807 808 809 810 811 812 813 814 815 816 817 818 819 820 821 822 823 824 825 826 827 828 829 830 831 832 833 834 835 836 837 838 839 840 841 842 843 844 845 846 847 848 849 850 851 852 853 854 855 856 857 858 859 860 861 862 863 864 865 866 867 868 869 870 871 872 873 874 875 876 877 878 879 880 881 882 883 884 885 886 887 888 889 890 891 892 893 894 895 896 897 898 899 900 901 902 903 904 905 906 907 908 909 910 911 912 913 914 915 916 917 918 919 920 921 922 923 924 925 926 927 928 929 930 931 932 933 934 935 936 937 938 939 940 941 942 943 944 945 946 947 948 949 950 951 952 953 954 955 956 957 958 959 960 961 962 963 964 965 966 967 968 969 970 971 972 973 974 975 976 977 978 979 980 981 982 983 984 985 986 987 988 989 990 991 992 993 994 995 996 997 998 999 1000
no
no
yes
212 294 236 125 216 69 202 92 194 289 177 55 39 60 244 241 187 68 180 111 26 284 280 268 7 123 10 192 263 133 53 162 72 199 110 8 163 121 127 252 204 283 11 238 138 99 34 253 167 219 279 58 243 206 207 83 140 27 9 223 47 70 149 104 77 131 218 57 108 143 197 120 96 145 201 288 233 259 176 298 292 130 211 129 175 24 132 185 198 210 249 264 48 147 172 56 196 158 235 38 15 23 87 144 3 257 250 156 114 137 52 225 13 271 43 115 270 21 100 189 179 251 82 246 267 25 41 209 93 5 30 183 282 160 35 109 240 33 254 89 157 32 171 66 139 102 65 173 278 101 141 231 119 164 182 296 151 166 61 31 287 16 135 191 134 186 49 84 42 79 295 112 126 237 106 242 205 103 155 19 258 118 221 107 45 203 14 117 98 269 136 161 293 232 276 214 285 81 4 50 54 188 62 146 262 248 274 94 59 74 229 224 222 200 71 226 36 217 193 208 220 286 18 97 184 266 152 95 227 290 291 247 168 153 275 159 29 67 78 273 22 64 91 239 277 165 195 51 44 46 256 228 255 150 260 230 90 234 63 80 124 213 190 297 85 37 86 272 20 73 181 148 75 12 76 281 128 245 28 113 88 17 261 40 122 2 170 142 105 154 116 174 299 215 265 169 300 6 178
yes
497 453 696 612 985 91 271 83 379 96 355 766 787 929 207 460 13 48 746 514 437 640 577 165 931 538 124 977 944 409 15 474 127 47 633 851 172 825 107 230 639 645 823 852 613 369 304 117 742 431 284 141 829 556 291 826 827 853 609 810 29 444 27 459 506 451 57 906 758 596 359 5 513 896 905 486 382 136 452 987 186 598 360 23 950 518 264 348 866 728 155 608 713 669 439 100 228 802 555 43 28 665 793 870 917 889 969 757 828 364 38 283 227 571 398 130 730 108 621 156 352 679 148 510 595 159 455 549 934 39 719 71 171 251 960 135 899 144 346 454 564 131 678 745 406 627 257 104 219 32 387 526 413 231 980 84 394 435 602 649 907 429 302 221 293 656 837 574 748 561 3 170 617 118 482 872 659 693 839 338 783 671 788 262 183 191 318 775 378 242 416 642 62 82 316 422 479 601 915 778 868 324 333 786 833 178 267 755 780 74 158 194 225 888 25 466 469 198 774 154 405 248 994 285 653 743 468 589 605 685 901 616 817 420 736 946 480 599 508 541 63 423 893 65 77 150 17 643 956 86 517 64 133 932 436 106 750 954 644 913 4 412 522 213 629 664 749 657 380 401 433 779 567 99 524 834 850 768 878 337 846 363 820 724 475 631 46 300 145 240 687 236 991 87 523 603 725 970 121 168 585 983 495 357 499 637 777 654 572 328 559 500 256 166 329 31 232 258 652 344 450 885 911 137 886 951 299 966 808 634 160 222 964 45 515 993 10 470 871 400 252 947 185 483 126 246 105 919 254 327 110 68 694 109 484 648 738 646 376 161 703 12 212 260 858 937 464 18 143 707 187 9 383 607 395 974 325 715 40 51 587 210 611 670 772 857 463 569 575 618 695 265 16 78 215 278 419 224 211 308 441 895 276 860 900 177 149 342 982 305 791 424 720 458 770 98 981 711 945 72 638 880 935 73 14 835 838 999 536 784 33 314 698 129 373 580 718 286 417 465 546 237 408 566 776 266 294 366 434 449 590 818 975 658 801 273 552 176 317 309 940 281 922 58 245 973 370 965 162 175 667 259 706 297 620 674 478 493 153 797 66 181 635 505 542 530 573 930 953 67 244 334 97 491 8 203 988 600 385 721 403 132 139 582 864 921 539 660 701 563 876 924 102 290 925 446 754 142 270 280 358 636 821 747 151 584 986 147 819 30 425 722 890 157 396 411 277 489 70 762 941 529 343 692 894 979 798 908 912 923 52 391 430 729 467 650 287 289 386 939 315 998 527 586 813 37 708 249 274 323 892 112 214 354 487 848 958 24 234 426 511 869 61 190 689 705 501 233 972 269 326 520 816 192 691 700 962 668 675 393 95 666 709 545 785 55 169 361 407 570 984 182 195 583 717 751 767 128 381 443 959 476 831 209 239 388 702 873 920 374 448 205 516 60 298 916 2 54 116 442 796 877 909 488 647 794 415 765 803 856 6 56 229 414 485 683 80 179 36 861 163 21 519 550 936 824 862 41 184 543 990 372 554 805 898 216 345 347 392 927 50 456 836 120 320 531 744 792 815 928 313 496 548 626 840 781 814 7 134 445 681 764 812 331 588 978 101 307 740 847 204 534 217 312 910 676 782 790 384 610 733 592 272 845 197 368 560 769 397 521 662 268 461 540 897 535 622 842 874 943 26 992 189 206 795 891 19 704 551 69 288 322 512 528 53 938 879 427 472 614 502 303 390 504 731 235 883 167 301 544 122 253 490 623 164 241 377 841 174 807 881 961 741 375 114 753 903 351 558 578 672 591 976 752 438 250 677 247 686 732 125 625 282 710 473 565 968 859 22 138 146 854 863 349 760 311 336 680 697 849 630 673 42 362 619 799 830 997 196 957 967 75 292 688 200 279 402 310 432 995 223 89 365 494 576 641 568 594 49 498 737 832 410 447 562 597 723 119 255 335 651 734 914 615 632 727 884 971 94 389 811 103 624 714 763 996 296 503 547 440 492 904 113 340 457 507 690 771 199 557 804 85 238 341 942 735 180 350 371 604 806 34 140 319 404 462 844 339 509 606 867 949 684 699 789 887 948 88 93 471 882 989 11 115 243 399 716 481 756 759 59 201 220 330 90 428 553 661 952 79 275 477 712 208 332 822 20 202 261 581 593 44 418 76 123 193 218 773 875 35 92 152 188 306 353 809 926 1000 263 655 367 761 843 295 321 356 525 537 579 682 902 81 173 533 628 663 855 865 955 111 226 918 933 963 421 532 726 739 800
no
no
yes
2 3 4 5 6 7 8 9 10 11 12 13 14 15 16 17 18 19 20 21 22 23 24 25 26 27 28 29 30 31 32 33 34 35 36 37 38 39 40 41 42 43 44 45 46 47 48 49 50 51 52 53 54 55 56 57 58 59 60 61 62 63 64 65 66 67 68 69 70 71 72 73 74 75 76 77 78 79 80 81 82 83 84 85 86 87 88 89 90 91 92 93 94 95 96 97 98 99 100 101 102 103 104 105 106 107 108 109 110 111 112 113 114 115 116 117 118 119 120 121 122 123 124 125 126 127 128 129 130 131 132 133 134 135 136 137 138 139 140 141 142 143 144 145 146 147 148 149 150 151 152 153 154 155 156 157 158 159 160 161 162 163 164 165 166 167 168 169 170 171 172 173 174 175 176 177 178 179 180 181 182 183 184 185 186 187 188 189 190 191 192 193 194 195 196 197 198 199 200 201 202 203 204 205 206 207 208 209 210 211 212 213 214 215 216 217 218 219 220 221 222 223 224 225 226 227 228 229 230 231 232 233 234 235 236 237 238 239 240 241 242 243 244 245 246 247 248 249 250 251 252 253 254 255 256 257 258 259 260 261 262 263 264 265 266 267 268 269 270 271 272 273 274 275 276 277 278 279 280 281 282 283 284 285 286 287 288 289 290 291 292 293 294 295 296 297 298 299 300 301 302 303 304 305 306 307 308 309 310 311 312 313 314 315 316 317 318 319 320 321 322 323 324 325 326 327 328 329 330 331 332 333 334 335 336 337 338 339 340 341 342 343 344 345 346 347 348 349 350 351 352 353 354 355 356 357 358 359 360 361 362 363 364 365 366 367 368 369 370 371 372 373 374 375 376 377 378 379 380 381 382 383 384 385 386 387 388 389 390 391 392 393 394 395 396 397 398 399 400 401 402 403 404 405 406 407 408 409 410 411 412 413 414 415 416 417 418 419 420 421 422 423 424 425 426 427 428 429 430 431 432 433 434 435 436 437 438 439 440 441 442 443 444 445 446 447 448 449 450 451 452 453 454 455 456 457 458 459 460 461 462 463 464 465 466 467 468 469 470 471 472 473 474 475 476 477 478 479 480 481 482 483 484 485 486 487 488 489 490 491 492 493 494 495 496 497 498 499 500 501 502 503 504 505 506 507 508 509 510 511 512 513 514 515 516 517 518 519 520 521 522 523 524 525 526 527 528 529 530 531 532 533 534 535 536 537 538 539 540 541 542 543 544 545 546 547 548 549 550 551 552 553 554 555 556 557 558 559 560 561 562 563 564 565 566 567 568 569 570 571 572 573 574 575 576 577 578 579 580 581 582 583 584 585 586 587 588 589 590 591 592 593 594 595 596 597 598 599 600 601 602 603 604 605 606 607 608 609 610 611 612 613 614 615 616 617 618 619 620 621 622 623 624 625 626 627 628 629 630 631 632 633 634 635 636 637 638 639 640 641 642 643 644 645 646 647 648 649 650 651 652 653 654 655 656 657 658 659 660 661 662 663 664 665 666 667 668 669 670 671 672 673 674 675 676 677 678 679 680 681 682 683 684 685 686 687 688 689 690 691 692 693 694 695 696 697 698 699 700 701 702 703 704 705 706 707 708 709 710 711 712 713 714 715 716 717 718 719 720 721 722 723 724 725 726 727 728 729 730 731 732 733 734 735 736 737 738 739 740 741 742 743 744 745 746 747 748 749 750 751 752 753 754 755 756 757 758 759 760 761 762 763 764 765 766 767 768 769 770 771 772 773 774 775 776 777 778 779 780 781 782 783 784 785 786 787 788 789 790 791 792 793 794 795 796 797 798 799 800 801 802 803 804 805 806 807 808 809 810 811 812 813 814 815 816 817 818 819 820 821 822 823 824 825 826 827 828 829 830 831 832 833 834 835 836 837 838 839 840 841 842 843 844 845 846 847 848 849 850 851 852 853 854 855 856 857 858 859 860 861 862 863 864 865 866 867 868 869 870 871 872 873 874 875 876 877 878 879 880 881 882 883 884 885 886 887 888 889 890 891 892 893 894 895 896 897 898 899 900 901 902 903 904 905 906 907 908 909 910 911 912 913 914 915 916 917 918 919 920 921 922 923 924 925 926 927 928 929 930 931 932 933 934 935 936 937 938 939 940 941 942 943 944 945 946 947 948 949 950 951 952 953 954 955 956 957 958 959 960 961 962 963 964 965 966 967 968 969 970 971 972 973 974 975 976 977 978 979 980 981 982 983 984 985 986 987 988 989 990 991 992 993 994 995 996
yes
2 3 4 5 6 7 8 9 10 11 12 13 14 15 16 17 18 19 20 21 22 23 24 25 26 27 28 29 30 31 32 33 34 35 36 37 38 39 40 41 42 43 44 45 46 47 48 49 50 51 52 53 54 55 56 57 58 59 60 61 62 63 64 65 66 67 68 69 70 71 72 73 74 75 76 77 78 79 80 81 82 83 84 85 86 87 88 89 90 91 92 93 94 95 96 97 98 99 100 101 102 103 104 105 106 107 108 109 110 111 112 113 114 115 116 117 118 119 120 121 122 123 124 125 126 127 128 129 130 131 132 133 134 135 136 137 138 139 140 141 142 143 144 145 146 147 148 149 150 151 152 153 154 155 156 157 158 159 160 161 162 163 164 165 166 167 168 169 170 171 172 173 174 175 176 177 178 179 180 181 182 183 184 185 186 187 188 189 190 191 192 193 194 195 196 197 198 199 200 201 202 203 204 205 206 207 208 209 210 211 212 213 214 215 216 217 218 219 220 221 222 223 224 225 226 227 228 229 230 231 232 233 234 235 236 237 238 239 240 241 242 243 244 245 246 247 248 249 250 251 252 253 254 255 256 257 258 259 260 261 262 263 264 265 266 267 268 269 270 271 272 273 274 275 276 277 278 279 280 281 282 283 284 285 286 287 288 289 290 291 292 293 294 295 296 297 298 299 300 301 302 303 304 305 306 307 308 309 310 311 312 313 314 315 316 317 318 319 320 321 322 323 324 325 326 327 328 329 330 331 332 333 334 335 336 337 338 339 340 341 342 343 344 345 346 347 348 349 350 351 352 353 354 355 356 357 358 359 360 361 362 363 364 365 366 367 368 369 370 371 372 373 374 375 376 377 378 379 380 381 382 383 384 385 386 387 388 389 390 391 392 393 394 395 396 397 398 399 400 401 402 403 404 405 406 407 408 409 410 411 412 413 414 415 416 417 418 419 420 421 422 423 424 425 426 427 428 429 430 431 432 433 434 435 436 437 438 439 440 441 442 443 444 445 446 447 448 449 450 451 452 453 454 455 456 457 458 459 460 461 462 463 464 465 466 467 468 469 470 471 472 473 474 475 476 477 478 479 480 481 482 483 484 485 486 487 488 489 490 491 492 493 494 495 496 497 498 499 500 501 502 503 504 505 506 507 508 509 510 511 512 513 514 515 516 517 518 519 520 521 522 523 524 525 526 527 528 529 530 531 532 533 534 535 536 537 538 539 540 541 542 543 544 545 546 547 548 549 550 551 552 553 554 555 556 557 558 559 560 561 562 563 564 565 566 567 568 569 570 571 572 573 574 575 576 577 578 579 580 581 582 583 584 585 586 587 588 589 590 591 592 593 594 595 596 597 598 599 600 601 602 603 604 605 606 607 608 609 610 611 612 613 614 615 616 617 618 619 620 621 622 623 624 625 626 627 628 629 630 631 632 633 634 635 636 637 638 639 640 641 642 643 644 645 646 647 648 649 650 651 652 653 654 655 656 657 658 659 660 661 662 663 664 665 666 667 668 669 670 671 672 673 674 675 676 677 678 679 680 681 682 683 684 685 686 687 688 689 690 691 692 693 694 695 696 697 698 699 700 701 702 703 704 705 706 707 708 709 710 711 712 713 714 715 716 717 718 719 720 721 722 723 724 725 726 727 728 729 730 731 732 733 734 735 736 737 738 739 740 741 742 743 744 745 746 747 748 749 750 751 752 753 754 755 756 757 758 759 760 761 762 763 764 765 766 767 768 769 770 771 772 773 774 775 776 777 778 779 780 781 782 783 784 785 786 787 788 789 790 791 792 793 794 795 796 797 798 799 800 801 802 803 804 805 806 807 808 809 810 811 812 813 814 815 816 817 818 819 820 821 822 823 824 825 826 827 828 829 830 831 832 833 834 835 836 837 838 839 840 841 842 843 844 845 846 847 848 849 850 851 852 853 854 855 856 857 858 859 860 861 862 863 864 865 866 867 868 869 870 871 872 873 874 875 876 877 878 879 880 881 882 883 884 885 886 887 888 889 890 891 892 893 894 895 896 897 898 899 900 901 902 903 904 905 906 907 908 909 910 911 912 913 914 915 916 917 918 919 920 921 922 923 924 925 926 927 928 929 930 931 932 933 934 935 936 937 938 939 940 941 942 943 944 945 946 947 948 949 950 951 952 953 954 955 956 957 958 959 960 961 962 963 964 965 966 967 968 969 970 971 972 973 974 975 976 977 978 979 980 981 982 983 984 985 986 987 988 989 990 991 992 993 994 995 996 997
no
no
yes
4 11 15 19 25 2 3 5 6 7 8 9 10 12 13 14 16 17 18 20 21 22 23 24 26
yes
10 19 36 65 77 90 117 132 152 168 182 193 207 232 252 258 280 2 3 4 5 6 7 8 9 11 12 13 14 15 16 17 18 20 21 22 23 24 25 26 27 28 29 30 31 32 33 34 35 37 38 39 40 41 42 43 44 45 46 47 48 49 50 51 52 53 54 55 56 57 58 59 60 61 62 63 64 66 67 68 69 70 71 72 73 74 75 76 78 79 80 81 82 83 84 85 86 87 88 89 91 92 93 94 95 96 97 98 99 100 101 102 103 104 105 106 107 108 109 110 111 112 113 114 115 116 118 119 120 121 122 123 124 125 126 127 128 129 130 131 133 134 135 136 137 138 139 140 141 142 143 144 145 146 147 148 149 150 151 153 154 155 156 157 158 159 160 161 162 163 164 165 166 167 169 170 171 172 173 174 175 176 177 178 179 180 181 183 184 185 186 187 188 189 190 191 192 194 195 196 197 198 199 200 201 202 203 204 205 206 208 209 210 211 212 213 214 215 216 217 218 219 220 221 222 223 224 225 226 227 228 229 230 231 233 234 235 236 237 238 239 240 241 242 243 244 245 246 247 248 249 250 251 253 254 255 256 257 259 260 261 262 263 264 265 266 267 268 269 270 271 272 273 274 275 276 277 278 279 281 282 283 284 285 286 287 288 289 290 291 292 293 294 295 296 297 298 299 300
yes
17 52 74 101 137 170 206 222 250 286 328 351 386 412 428 478 490 527 542 598 618 658 671 697 741 776 786 835 869 897 2 3 4 5 6 7 8 9 10 11 12 13 14 15 16 18 19 20 21 22 23 24 25 26 27 28 29 30 31 32 33 34 35 36 37 38 39 40 41 42 43 44 45 46 47 48 49 50 51 53 54 55 56 57 58 59 60 61 62 63 64 65 66 67 68 69 70 71 72 73 75 76 77 78 79 80 81 82 83 84 85 86 87 88 89 90 91 92 93 94 95 96 97 98 99 100 102 103 104 105 106 107 108 109 110 111 112 113 114 115 116 117 118 119 120 121 122 123 124 125 126 127 128 129 130 131 132 133 134 135 136 138 139 140 141 142 143 144 145 146 147 148 149 150 151 152 153 154 155 156 157 158 159 160 161 162 163 164 165 166 167 168 169 171 172 173 174 175 176 177 178 179 180 181 182 183 184 185 186 187 188 189 190 191 192 193 194 195 196 197 198 199 200 201 202 203 204 205 207 208 209 210 211 212 213 214 215 216 217 218 219 220 221 223 224 225 226 227 228 229 230 231 232 233 234 235 236 237 238 239 240 241 242 243 244 245 246 247 248 249 251 252 253 254 255 256 257 258 259 260 261 262 263 264 265 266 267 268 269 270 271 272 273 274 275 276 277 278 279 280 281 282 283 284 285 287 288 289 290 291 292 293 294 295 296 297 298 299 300 301 302 303 304 305 306 307 308 309 310 311 312 313 314 315 316 317 318 319 320 321 322 323 324 325 326 327 329 330 331 332 333 334 335 336 337 338 339 340 341 342 343 344 345 346 347 348 349 350 352 353 354 355 356 357 358 359 360 361 362 363 364 365 366 367 368 369 370 371 372 373 374 375 376 377 378 379 380 381 382 383 384 385 387 388 389 390 391 392 393 394 395 396 397 398 399 400 401 402 403 404 405 406 407 408 409 410 411 413 414 415 416 417 418 419 420 421 422 423 424 425 426 427 429 430 431 432 433 434 435 436 437 438 439 440 441 442 443 444 445 446 447 448 449 450 451 452 453 454 455 456 457 458 459 460 461 462 463 464 465 466 467 468 469 470 471 472 473 474 475 476 477 479 480 481 482 483 484 485 486 487 488 489 491 492 493 494 495 496 497 498 499 500 501 502 503 504 505 506 507 508 509 510 511 512 513 514 515 516 517 518 519 520 521 522 523 524 525 526 528 529 530 531 532 533 534 535 536 537 538 539 540 541 543 544 545 546 547 548 549 550 551 552 553 554 555 556 557 558 559 560 561 562 563 564 565 566 567 568 569 570 571 572 573 574 575 576 577 578 579 580 581 582 583 584 585 586 587 588 589 590 591 592 593 594 595 596 597 599 600 601 602 603 604 605 606 607 608 609 610 611 612 613 614 615 616 617 619 620 621 622 623 624 625 626 627 628 629 630 631 632 633 634 635 636 637 638 639 640 641 642 643 644 645 646 647 648 649 650 651 652 653 654 655 656 657 659 660 661 662 663 664 665 666 667 668 669 670 672 673 674 675 676 677 678 679 680 681 682 683 684 685 686 687 688 689 690 691 692 693 694 695 696 698 699 700 701 702 703 704 705 706 707 708 709 710 711 712 713 714 715 716 717 718 719 720 721 722 723 724 725 726 727 728 729 730 731 732 733 734 735 736 737 738 739 740 742 743 744 745 746 747 748 749 750 751 752 753 754 755 756 757 758 759 760 761 762 763 764 765 766 767 768 769 770 771 772 773 774 775 777 778 779 780 781 782 783 784 785 787 788 789 790 791 792 793 794 795 796 797 798 799 800 801 802 803 804 805 806 807 808 809 810 811 812 813 814 815 816 817 818 819 820 821 822 823 824 825 826 827 828 829 830 831 832 833 834 836 837 838 839 840 841 842 843 844 845 846 847 848 849 850 851 852 853 854 855 856 857 858 859 860 861 862 863 864 865 866 867 868 870 871 872 873 874 875 876 877 878 879 880 881 882 883 884 885 886 887 888 889 890 891 892 893 894 895 896 898 899 900 901 902 903 904 905 906 907 908 909 910
yes
2 3 4 6 10 21 5 7 8 9 16 26 36 41 11 14 17 18 20 23 24 29 33 34 42 44 46 47 58 60 12 13 15 19 25 27 28 31 32 35 37 38 39 40 43 48 49 50 51 52 53 54 55 56 57 59 63 66 67 68 70 71 22 30 45 61 62 64 65 69 72 73 74 75 76 77
yes
2 3 4 5 8 10 6 7 9 12 13 15 31 48 11 14 18 21 23 24 27 32 33 38 46 49 54 64 79 121 16 17 19 20 22 29 35 37 39 41 43 55 56 58 63 66 67 68 75 76 81 84 86 96 97 98 103 106 110 114 123 127 25 26 28 30 34 36 40 42 44 45 47 50 51 52 53 57 59 60 61 62 65 69 70 71 72 73 74 77 78 80 82 83 85 87 88 89 90 91 92 93 94 95 99 100 101 102 104 105 107 108 109 111 113 116 117 119 120 122 124 126 128 129 130 131 112 115 118 125
yes
2 3 4 5 13 173 6 8 15 17 47 176 238 260 7 9 12 20 21 22 51 54 77 82 184 216 241 254 263 402 10 11 14 24 25 29 32 34 66 68 75 85 95 105 115 127 130 133 151 192 211 256 262 266 280 281 285 288 324 422 433 462 16 23 26 30 31 35 36 37 41 42 43 60 63 69 79 83 84 87 93 103 109 116 118 120 125 134 147 148 152 155 157 159 161 168 171 175 202 232 267 271 277 283 286 289 292 295 306 307 322 325 327 340 345 348 392 415 426 428 429 445 454 469 479 500 18 27 33 38 39 40 44 50 52 53 57 61 64 65 67 76 80 86 88 89 94 96 99 102 107 108 111 112 113 121 122 124 135 136 137 139 140 141 142 143 144 153 154 162 165 166 167 169 172 174 180 183 189 190 194 200 201 205 213 218 223 234 236 239 240 242 245 247 251 261 264 270 273 278 279 290 304 312 314 316 317 330 335 337 338 339 343 344 349 351 355 356 357 361 366 373 376 377 384 389 390 391 393 398 407 416 424 434 435 436 438 440 443 446 448 452 459 463 471 475 476 477 480 482 491 492 502 504 19 28 45 46 48 49 55 56 58 59 62 70 71 72 73 74 78 81 90 91 92 97 98 100 101 104 106 110 114 117 119 123 126 128 129 131 132 138 145 146 149 150 156 158 160 163 164 170 177 178 179 181 182 185 186 187 188 191 193 195 196 197 198 199 203 204 206 207 208 209 210 212 214 215 217 219 220 221 222 224 225 226 227 228 229 230 231 233 235 237 243 244 246 248 249 250 252 253 255 257 258 259 265 268 269 272 274 275 276 282 284 287 291 293 294 296 297 298 299 300 301 302 303 305 308 309 310 311 313 315 318 319 320 321 323 326 328 329 331 332 333 334 336 341 342 346 347 350 352 353 354 358 359 360 362 363 364 365 367 368 369 370 371 372 374 375 378 379 380 381 382 383 385 386 387 388 394 395 396 397 399 400 401 403 404 405 406 408 409 410 411 412 413 414 417 418 419 420 421 423 425 427 430 431 432 437 439 441 442 444 447 449 450 451 453 455 456 457 458 460 461 464 465 466 467 468 470 472 473 474 478 481 483 484 485 486 487 488 489 490 493 494 495 496 497 498 499 501 503 505 506 507 508 509 510 511
no
no
no
yes
3 4 10 7 9 12 15 2 6 11 14 5 8 13
yes
2 4 7 16 30 85 57 33 120 115 15 20 123 24 17 22 34 21 28 47 98 55 50 62 53 25 39 52 87 59 60 111 3 11 26 67 99 92 48 93 81 27 36 63 76 58 74 78 5 8 13 44 64 9 10 12 14 82 95 88 102 125 110 6 18 19 37 97 114 109 70 71 72 38 41 42 101 51 56 103 40 46 66 79 108 73 77 112 65 75 94 80 90 96 91 23 29 89 106 126 116 118 127 124 35 43 61 113 83 107 104 31 49 84 122 86 100 105 117 32 68 69 119 45 121 54
yes
2 3 4 5 17 18 50 74 151 96 100 106 25 84 381 268 109 127 186 8 37 80 85 137 78 87 132 24 31 33 41 35 46 48 40 51 110 150 154 238 131 141 133 61 188 303 264 94 114 99 49 55 69 88 91 125 128 149 92 101 147 135 103 117 197 16 54 97 121 170 345 229 212 240 252 174 183 216 195 198 214 302 64 111 129 210 167 112 228 136 138 139 155 200 144 269 165 29 39 47 71 442 98 62 79 162 53 66 171 160 86 95 226 34 177 217 314 297 423 495 449 57 76 107 122 90 124 204 6 7 10 23 156 180 220 202 157 258 178 58 388 404 398 67 280 145 11 14 81 93 353 15 26 152 20 21 32 70 73 83 77 44 243 255 261 267 275 290 299 379 245 247 248 316 283 402 351 63 120 222 311 246 142 205 273 116 158 194 249 189 218 254 9 12 108 148 168 225 182 175 306 199 159 362 433 407 164 488 209 42 45 104 119 113 68 146 89 72 82 224 161 75 400 105 19 22 28 126 173 203 36 60 52 27 38 59 102 30 140 65 115 184 215 230 241 237 317 281 192 239 266 251 260 274 276 13 43 118 123 130 166 211 219 396 315 327 376 153 181 253 262 169 232 191 134 172 196 234 480 235 256 244 143 185 193 221 227 236 380 179 287 328 334 337 357 329 333 410 325 377 417 424 330 386 339 263 288 291 431 295 395 414 406 341 374 389 387 370 390 425 223 292 308 369 479 498 491 454 482 458 384 401 411 448 428 460 443 323 342 429 430 450 344 375 427 340 382 461 463 432 476 445 233 277 356 397 412 399 438 481 467 296 361 421 378 487 499 501 259 294 305 350 310 364 393 470 320 366 371 391 347 349 355 56 201 206 270 289 434 466 440 324 363 326 319 415 496 420 358 441 368 278 307 335 444 365 348 394 405 372 409 418 446 452 472 477 207 242 271 293 312 383 313 336 373 250 272 285 279 385 469 403 231 322 338 416 352 426 485 464 301 321 436 359 455 456 483 163 176 187 190 286 304 422 332 392 484 208 265 354 309 213 257 282 284 451 474 503 478 462 465 489 298 343 360 346 318 331 367 300 419 435 492 497 493 471 494 486 439 502 506 510 473 508 490 408 437 504 511 509 447 507 505 413 459 475 500 453 457 468
yes
3 8 15 7 10 12 13 2 6 9 4 14 5 11
no
no
yes
20 5 12 6 22 3 18 2 16 15 23 4 21 7 8 14 19 24 9 13 10 17 11
yes
2 3 4 5 6 8 10 13 14 9 19 11 16 7 12 15 23 17 20 22 27 18 24 21 26 25
no
yes
2 15 3 5 10 9 7 4 17 14 16 6 11 8 18 13 12
yes
2 3 4 5 6 9 10 7 11 14 8 15 16 17 20 31 24 23 13 12 35 29 38 57 58 53 47 21 27 41 62 61 25 30 43 55 59 37 46 33 28 18 50 26 34 42 36 32 60 56 39 48 40 45 65 44 63 54 51 19 49 22 66 52 64
no
yes
9 306 155 399 512 76 71 19 3 768 424 12 496 233 769 562 361 21 205 27 132 197 332 70 608 611 108 342 98 526 543 216 56 26 28 67 89 34 434 594 131 588 146 143 378 36 117 470 757 60 40 336 528 661 32 630 184 473 640 90 809 5 321 616 72 506 201 692 166 609 441 203 792 293 47 289 557 790 619 103 778 130 275 304 10 303 183 590 369 176 244 185 455 647 517 601 169 641 695 113 740 59 469 133 114 346 656 325 107 632 680 14 537 211 710 446 212 418 77 110 347 722 339 728 353 810 2 150 187 702 79 127 381 504 552 270 116 409 11 208 415 602 15 53 65 202 466 503 423 295 330 61 168 24 498 254 648 220 134 606 55 540 788 6 123 177 450 813 50 58 573 144 639 374 798 265 366 39 599 736 435 186 22 489 405 69 124 292 618 464 156 64 91 25 477 426 322 174 141 288 548 344 569 262 232 649 593 780 583 643 283 520 8 251 631 102 372 238 95 431 355 796 241 109 546 121 357 479 227 97 171 57 490 377 217 679 317 323 575 495 206 42 676 580 120 138 746 16 281 112 501 279 312 542 683 193 351 147 451 758 392 160 598 402 714 662 236 234 814 760 191 334 664 555 248 85 642 589 340 301 261 106 358 23 444 779 189 391 111 78 696 509 468 290 507 380 652 229 433 531 375 209 461 669 88 242 383 239 554 140 316 463 237 268 747 617 207 148 271 629 407 750 794 308 368 250 195 567 711 488 667 686 646 419 44 389 367 235 674 328 475 394 807 129 63 731 793 7 785 311 179 604 719 545 219 781 720 49 170 331 335 128 125 533 449 80 690 68 370 727 511 298 135 637 749 92 438 327 337 802 666 624 636 118 786 309 671 521 100 452 126 348 256 387 17 559 645 592 200 800 670 806 84 395 390 257 508 199 62 535 421 286 447 492 282 803 276 723 764 163 565 175 221 30 37 151 416 86 152 315 397 681 622 296 360 577 516 414 776 243 725 665 614 673 352 613 584 713 700 264 266 287 777 621 471 745 483 410 411 46 625 644 198 715 694 427 534 224 313 362 122 770 320 388 349 454 791 422 188 157 430 343 500 703 709 804 706 403 82 701 192 406 194 568 371 660 612 354 420 678 771 811 638 576 529 799 712 691 699 610 96 210 214 18 524 774 324 4 633 600 484 733 341 448 801 795 196 231 442 167 363 603 222 615 396 136 359 364 659 142 456 566 13 523 586 31 767 247 462 428 48 497 653 294 246 748 180 310 252 772 329 547 628 74 481 672 41 253 587 365 541 578 539 685 525 284 104 87 223 274 753 33 429 83 226 502 54 137 487 752 101 440 744 717 401 153 307 356 808 658 154 741 436 161 705 499 572 718 689 765 20 172 439 305 605 650 522 775 755 333 549 277 654 514 412 345 73 634 382 338 158 623 215 597 417 561 773 782 582 730 558 596 494 763 486 591 267 425 393 766 29 165 668 465 38 35 278 474 478 751 657 519 162 491 280 119 245 688 607 553 314 737 164 518 460 408 762 453 684 707 697 739 651 263 742 655 445 732 551 530 579 743 115 560 384 663 52 480 682 585 291 467 515 432 687 538 228 556 43 318 66 527 784 759 139 693 159 75 510 299 230 300 708 458 698 181 190 255 99 734 182 437 532 45 457 145 635 404 595 218 149 178 51 259 326 386 81 376 260 105 385 704 626 272 413 240 789 173 729 297 482 716 319 213 783 787 398 726 797 738 273 724 505 225 204 93 94 735 563 574 513 258 677 459 379 443 285 493 302 581 721 571 544 550 472 400 249 373 675 485 570 627 754 350 761 536 756 269 812 564 476 620 805
yes
2 3 4 5 12 6 7 13 15 18 17 14 28 31 16 8 9 19 23 36 56 21 10 24 33 34 25 26 43 11 20 50 27 41 46 48 51 40 172 203 173 22 86 369 30 277 38 211 29 91 206 219 45 42 49 264 95 113 210 320 55 127 266 119 269 208 361 230 349 368 44 398 317 84 98 475 237 169 290 117 32 345 69 100 220 64 496 80 196 536 149 183 124 192 123 580 104 222 555 186 198 108 47 162 271 298 291 238 303 318 390 402 535 136 413 325 53 59 189 193 344 284 125 54 495 244 92 465 75 81 63 372 323 141 242 155 453 78 257 255 58 142 37 62 90 262 234 343 351 437 132 129 93 112 433 588 359 387 396 65 114 194 67 508 509 72 71 546 385 66 175 254 285 99 35 578 39 150 507 410 137 94 311 52 214 202 110 308 115 393 273 399 128 57 256 300 366 261 145 357 133 443 522 248 82 342 177 528 520 135 76 274 101 131 195 370 560 431 444 83 268 229 96 551 61 97 415 438 140 310 458 442 281 573 538 377 70 498 576 352 79 181 258 215 287 375 143 118 167 68 450 103 60 319 275 74 77 461 153 164 73 474 228 161 184 356 171 139 337 523 87 530 89 105 170 120 176 151 235 109 360 283 489 106 288 180 365 312 516 518 85 521 107 168 306 152 232 299 148 204 272 102 338 190 480 282 245 545 166 182 505 314 571 315 144 469 226 111 191 376 88 260 207 391 199 454 456 423 500 280 179 246 307 116 241 406 491 353 467 200 240 250 213 419 121 414 327 286 504 484 346 130 138 147 305 332 514 405 126 388 276 554 334 205 379 363 253 209 581 329 497 154 160 441 212 574 217 447 503 336 233 487 157 380 313 400 533 304 506 174 430 224 455 216 440 381 579 427 482 158 122 367 426 301 416 490 577 529 558 421 418 324 239 517 559 564 156 562 527 358 331 409 265 420 321 395 165 293 483 448 146 159 185 408 543 134 249 218 411 188 333 197 434 340 328 511 512 481 582 566 389 292 515 316 296 547 552 341 485 540 424 457 278 401 371 178 236 556 569 386 488 585 259 270 339 163 412 501 462 473 524 471 201 227 348 492 428 479 252 583 417 526 362 221 187 297 225 231 397 279 243 322 459 263 476 544 326 294 302 510 295 451 330 354 550 309 223 478 422 289 335 449 347 350 541 267 570 425 436 364 477 563 567 460 439 355 373 394 561 513 384 472 403 435 499 392 374 532 382 548 247 549 407 553 463 525 470 539 493 445 531 404 572 378 251 502 383 584 587 519 494 534 446 542 537 464 466 432 568 468 429 586 565 452 575 486 557
no
