0.616000000000
0.555555556000
0.621000000000
0.419750000000
0.142319776535
1.000000000000
0.000041279865
0.999998266855
0.101112850071
0.999997580587
0.234489602093
0.000267349869
0.019772641837
0.308722624743
0.798538671312
0.627658520891
0.000000000000
0.434181563640
0.773586450864
0.062492819578
0.354612720055
0.389377825873
0.013531870443
0.127114636504
0.000000000000
0.000027466424
0.015677429872
0.000000000000
0.000005834247
0.164978429779
0.001107805899
0.035849521119
0.107025481634
0.139287657713
0.119611721549
0.000003657656
0.478349504367
0.612930574948
1.000000000000
0.000101722005
0.978951552294
0.009689359085
0.828461918051
0.002802018755
0.013870495731
0.994749221969
0.769182751230
0.794814704812
0.001312349731
0.027285021316
