0.616000000000
0.555555556000
0.621000000000
0.419750000000
0.142319776535
0.894513850000
0.020542896456
0.524625550884
0.000198330690
0.038440294722
0.326142601970
0.912385383316
0.394432951874
0.991456699286
0.000001917094
0.941070147717
0.027509476853
0.054493771078
0.000022121988
0.541848318324
0.919028089151
0.243786124331
0.000000000000
0.001679131630
0.937955668099
0.000022892214
0.847401604024
0.160270326635
0.000000000000
0.065535172328
0.281135683834
0.762733056177
0.892944799546
0.999061100708
0.000000414876
0.000032241135
0.943837475985
0.011915012131
0.000241163016
0.351297320599
0.000656501042
0.012964478968
0.000061102598
0.065381176683
1.000000000000
0.000054302908
1.000000000000
0.003819358409
0.049198037984
0.000050771165
