0.616000000000
0.555555556000
0.621000000000
0.419750000000
0.142319776535
0.224636634098
0.729540157818
0.674208733069
0.007703774297
0.027848432068
0.001215013160
0.000045272444
0.109521486895
0.002165925116
0.999961726911
0.000341117174
0.677794285477
0.000028987267
0.038231734135
0.000678684934
0.000173592530
0.000000000000
0.121005029957
0.000000000000
0.079888387446
0.004013193560
0.006132004041
0.001028568850
0.202121338649
0.739906483161
0.665707053326
0.008228480919
1.000000000000
0.000041078697
0.999996566165
0.000151071961
0.949550205898
0.270966156500
0.166068544418
0.550285600818
0.985994366003
0.000014324973
0.000018450603
0.011994429821
0.076165347372
0.999997036019
0.679791792183
0.000129040751
0.925280123739
0.013647355518
