0.616000000000
0.555555556000
0.621000000000
0.419750000000
0.142319776535
0.999999998120
0.029569236188
0.382333971756
0.437820652895
0.053762576684
0.000006696285
0.000000000000
0.011721416645
0.797656717058
0.874413386672
0.000038352202
0.000878229295
0.993714581611
0.015900702200
0.254531729275
0.000031716907
0.765710262115
0.303113149386
0.999416533294
0.344126335433
0.307693955400
0.000000000000
0.026213965678
0.113175450698
0.966123730225
0.441959012729
0.820459884454
0.000005549548
0.024450135273
0.351562601411
0.000005274406
0.999925979932
0.998396768255
0.010370780641
1.000000000000
0.129561010584
0.016001991456
0.079384750324
0.984195218021
0.000384890868
0.033988261504
0.042358741819
0.008330402905
0.685980821314
0.000062768244
